"","Partition_ID","Treatment_ID","Replicate","Cumulative_time","Species_time","Species_order","Genotype","g","A","E","G","M","Resistance"
"1","1325","Ec_N",1,1,1,"Ec",1,0,0,0,0,0,0
"2","1325","Ec_N",1,2,2,"Ec",1,0,0,0,0,0,0
"3","1325","Ec_N",1,3,3,"Ec",2,1,0,0,0,0,0.3072222461044
"4","1325","Ec_N",1,4,4,"Ec",2,1,0,0,0,0,0.3072222461044
"5","1325","Ec_N",1,5,5,"Ec",2,1,0,0,0,0,0.3072222461044
"6","1325","Ec_N",1,6,6,"Ec",2,1,0,0,0,0,0.3072222461044
"7","1325","Ec_N",1,7,7,"Ec",2,1,0,0,0,0,0.3072222461044
"8","1325","Ec_N",1,8,8,"Ec",2,1,0,0,0,0,0.3072222461044
"9","1325","Ec_N",1,9,9,"Ec",2,1,0,0,0,0,0.3072222461044
"10","1325","Ec_N",1,10,10,"Ec",2,1,0,0,0,0,0.3072222461044
"11","1325","Ec_N",1,11,11,"Ec",2,1,0,0,0,0,0.3072222461044
"12","1325","Ec_N",1,12,12,"Ec",2,1,0,0,0,0,0.3072222461044
"13","1325","Ec_N",1,13,13,"Ec",2,1,0,0,0,0,0.3072222461044
"14","1325","Ec_N",1,14,14,"Ec",2,1,0,0,0,0,0.3072222461044
"15","1325","Ec_N",1,15,15,"Ec",2,1,0,0,0,0,0.3072222461044
"16","1325","Ec_N",1,16,16,"Ec",2,1,0,0,0,0,0.3072222461044
"17","1325","Ec_N",1,17,17,"Ec",2,1,0,0,0,0,0.3072222461044
"18","1325","Ec_N",1,18,18,"Ec",2,1,0,0,0,0,0.3072222461044
"19","1325","Ec_N",1,19,19,"Ec",2,1,0,0,0,0,0.3072222461044
"20","1325","Ec_N",1,20,20,"Ec",2,1,0,0,0,0,0.3072222461044
"21","1325","Ec_N",1,21,21,"Ec",2,1,0,0,0,0,0.3072222461044
"22","1325","Ec_N",1,22,22,"Ec",2,1,0,0,0,0,0.3072222461044
"23","1325","Ec_N",1,23,23,"Ec",2,1,0,0,0,0,0.3072222461044
"24","1325","Ec_N",1,24,24,"Ec",2,1,0,0,0,0,0.3072222461044
"25","1325","Ec_N",1,25,25,"Ec",2,1,0,0,0,0,0.3072222461044
"26","1325","Ec_N",1,26,26,"Ec",2,1,0,0,0,0,0.3072222461044
"27","1325","Ec_N",1,27,27,"Ec",2,1,0,0,0,0,0.3072222461044
"28","1325","Ec_N",1,28,28,"Ec",2,1,0,0,0,0,0.3072222461044
"29","1325","Ec_N",1,29,29,"Ec",2,1,0,0,0,0,0.3072222461044
"30","1325","Ec_N",1,30,30,"Ec",2,1,0,0,0,0,0.3072222461044
"31","1325","Ec_N",1,31,31,"Ec",2,1,0,0,0,0,0.3072222461044
"32","1325","Ec_N",1,32,32,"Ec",2,1,0,0,0,0,0.3072222461044
"33","1325","Ec_N",1,33,33,"Ec",6,1,0,1,0,0,0.466851274556594
"34","1325","Ec_N",1,34,34,"Ec",8,1,1,1,0,0,0.887289570804412
"35","1325","Ec_N",1,35,35,"Ec",8,1,1,1,0,0,0.887289570804412
"36","1325","Ec_N",1,36,36,"Ec",8,1,1,1,0,0,0.887289570804412
"37","1325","Ec_N",1,37,37,"Ec",8,1,1,1,0,0,0.887289570804412
"38","1325","Ec_N",1,38,38,"Ec",8,1,1,1,0,0,0.887289570804412
"39","1325","Ec_N",1,39,39,"Ec",8,1,1,1,0,0,0.887289570804412
"40","1325","Ec_N",1,40,40,"Ec",8,1,1,1,0,0,0.887289570804412
"41","1325","Ec_N",1,41,41,"Ec",8,1,1,1,0,0,0.887289570804412
"42","1325","Ec_N",1,42,42,"Ec",8,1,1,1,0,0,0.887289570804412
"43","1325","Ec_N",1,43,43,"Ec",8,1,1,1,0,0,0.887289570804412
"44","1325","Ec_N",1,44,44,"Ec",8,1,1,1,0,0,0.887289570804412
"45","1325","Ec_N",1,45,45,"Ec",8,1,1,1,0,0,0.887289570804412
"46","1325","Ec_N",1,46,46,"Ec",8,1,1,1,0,0,0.887289570804412
"47","1325","Ec_N",1,47,47,"Ec",8,1,1,1,0,0,0.887289570804412
"48","1325","Ec_N",1,48,48,"Ec",8,1,1,1,0,0,0.887289570804412
"49","1325","Ec_N",1,49,49,"Ec",8,1,1,1,0,0,0.887289570804412
"50","1325","Ec_N",1,50,50,"Ec",8,1,1,1,0,0,0.887289570804412
"51","1325","Ec_N",1,51,51,"Ec",16,1,1,1,1,0,0.93631405476465
"52","1325","Ec_N",1,52,52,"Ec",16,1,1,1,1,0,0.93631405476465
"53","1325","Ec_N",1,53,53,"Ec",16,1,1,1,1,0,0.93631405476465
"54","1325","Ec_N",1,54,54,"Ec",16,1,1,1,1,0,0.93631405476465
"55","1325","Ec_N",1,55,55,"Ec",16,1,1,1,1,0,0.93631405476465
"56","1325","Ec_N",1,56,56,"Ec",16,1,1,1,1,0,0.93631405476465
"57","1325","Ec_N",1,57,57,"Ec",16,1,1,1,1,0,0.93631405476465
"58","1325","Ec_N",1,58,58,"Ec",16,1,1,1,1,0,0.93631405476465
"59","1325","Ec_N",1,59,59,"Ec",16,1,1,1,1,0,0.93631405476465
"60","1325","Ec_N",1,60,60,"Ec",16,1,1,1,1,0,0.93631405476465
"61","1325","Ec_N",2,1,1,"Ec",1,0,0,0,0,0,0
"62","1325","Ec_N",2,2,2,"Ec",1,0,0,0,0,0,0
"63","1325","Ec_N",2,3,3,"Ec",2,1,0,0,0,0,0.3072222461044
"64","1325","Ec_N",2,4,4,"Ec",2,1,0,0,0,0,0.3072222461044
"65","1325","Ec_N",2,5,5,"Ec",2,1,0,0,0,0,0.3072222461044
"66","1325","Ec_N",2,6,6,"Ec",2,1,0,0,0,0,0.3072222461044
"67","1325","Ec_N",2,7,7,"Ec",2,1,0,0,0,0,0.3072222461044
"68","1325","Ec_N",2,8,8,"Ec",2,1,0,0,0,0,0.3072222461044
"69","1325","Ec_N",2,9,9,"Ec",10,1,0,0,1,0,0.356246730064637
"70","1325","Ec_N",2,10,10,"Ec",10,1,0,0,1,0,0.356246730064637
"71","1325","Ec_N",2,11,11,"Ec",10,1,0,0,1,0,0.356246730064637
"72","1325","Ec_N",2,12,12,"Ec",10,1,0,0,1,0,0.356246730064637
"73","1325","Ec_N",2,13,13,"Ec",10,1,0,0,1,0,0.356246730064637
"74","1325","Ec_N",2,14,14,"Ec",10,1,0,0,1,0,0.356246730064637
"75","1325","Ec_N",2,15,15,"Ec",12,1,1,0,1,0,0.776685026312455
"76","1325","Ec_N",2,16,16,"Ec",12,1,1,0,1,0,0.776685026312455
"77","1325","Ec_N",2,17,17,"Ec",12,1,1,0,1,0,0.776685026312455
"78","1325","Ec_N",2,18,18,"Ec",12,1,1,0,1,0,0.776685026312455
"79","1325","Ec_N",2,19,19,"Ec",12,1,1,0,1,0,0.776685026312455
"80","1325","Ec_N",2,20,20,"Ec",16,1,1,1,1,0,0.93631405476465
"81","1325","Ec_N",2,21,21,"Ec",16,1,1,1,1,0,0.93631405476465
"82","1325","Ec_N",2,22,22,"Ec",16,1,1,1,1,0,0.93631405476465
"83","1325","Ec_N",2,23,23,"Ec",16,1,1,1,1,0,0.93631405476465
"84","1325","Ec_N",2,24,24,"Ec",16,1,1,1,1,0,0.93631405476465
"85","1325","Ec_N",2,25,25,"Ec",16,1,1,1,1,0,0.93631405476465
"86","1325","Ec_N",2,26,26,"Ec",16,1,1,1,1,0,0.93631405476465
"87","1325","Ec_N",2,27,27,"Ec",16,1,1,1,1,0,0.93631405476465
"88","1325","Ec_N",2,28,28,"Ec",16,1,1,1,1,0,0.93631405476465
"89","1325","Ec_N",2,29,29,"Ec",16,1,1,1,1,0,0.93631405476465
"90","1325","Ec_N",2,30,30,"Ec",16,1,1,1,1,0,0.93631405476465
"91","1325","Ec_N",2,31,31,"Ec",16,1,1,1,1,0,0.93631405476465
"92","1325","Ec_N",2,32,32,"Ec",16,1,1,1,1,0,0.93631405476465
"93","1325","Ec_N",2,33,33,"Ec",16,1,1,1,1,0,0.93631405476465
"94","1325","Ec_N",2,34,34,"Ec",16,1,1,1,1,0,0.93631405476465
"95","1325","Ec_N",2,35,35,"Ec",16,1,1,1,1,0,0.93631405476465
"96","1325","Ec_N",2,36,36,"Ec",16,1,1,1,1,0,0.93631405476465
"97","1325","Ec_N",2,37,37,"Ec",16,1,1,1,1,0,0.93631405476465
"98","1325","Ec_N",2,38,38,"Ec",16,1,1,1,1,0,0.93631405476465
"99","1325","Ec_N",2,39,39,"Ec",16,1,1,1,1,0,0.93631405476465
"100","1325","Ec_N",2,40,40,"Ec",16,1,1,1,1,0,0.93631405476465
"101","1325","Ec_N",2,41,41,"Ec",16,1,1,1,1,0,0.93631405476465
"102","1325","Ec_N",2,42,42,"Ec",16,1,1,1,1,0,0.93631405476465
"103","1325","Ec_N",2,43,43,"Ec",16,1,1,1,1,0,0.93631405476465
"104","1325","Ec_N",2,44,44,"Ec",16,1,1,1,1,0,0.93631405476465
"105","1325","Ec_N",2,45,45,"Ec",16,1,1,1,1,0,0.93631405476465
"106","1325","Ec_N",2,46,46,"Ec",16,1,1,1,1,0,0.93631405476465
"107","1325","Ec_N",2,47,47,"Ec",16,1,1,1,1,0,0.93631405476465
"108","1325","Ec_N",2,48,48,"Ec",16,1,1,1,1,0,0.93631405476465
"109","1325","Ec_N",2,49,49,"Ec",16,1,1,1,1,0,0.93631405476465
"110","1325","Ec_N",2,50,50,"Ec",16,1,1,1,1,0,0.93631405476465
"111","1325","Ec_N",2,51,51,"Ec",16,1,1,1,1,0,0.93631405476465
"112","1325","Ec_N",2,52,52,"Ec",16,1,1,1,1,0,0.93631405476465
"113","1325","Ec_N",2,53,53,"Ec",16,1,1,1,1,0,0.93631405476465
"114","1325","Ec_N",2,54,54,"Ec",16,1,1,1,1,0,0.93631405476465
"115","1325","Ec_N",2,55,55,"Ec",16,1,1,1,1,0,0.93631405476465
"116","1325","Ec_N",2,56,56,"Ec",16,1,1,1,1,0,0.93631405476465
"117","1325","Ec_N",2,57,57,"Ec",16,1,1,1,1,0,0.93631405476465
"118","1325","Ec_N",2,58,58,"Ec",16,1,1,1,1,0,0.93631405476465
"119","1325","Ec_N",2,59,59,"Ec",16,1,1,1,1,0,0.93631405476465
"120","1325","Ec_N",2,60,60,"Ec",16,1,1,1,1,0,0.93631405476465
"121","1325","Ec_N",3,1,1,"Ec",1,0,0,0,0,0,0
"122","1325","Ec_N",3,2,2,"Ec",1,0,0,0,0,0,0
"123","1325","Ec_N",3,3,3,"Ec",1,0,0,0,0,0,0
"124","1325","Ec_N",3,4,4,"Ec",2,1,0,0,0,0,0.3072222461044
"125","1325","Ec_N",3,5,5,"Ec",2,1,0,0,0,0,0.3072222461044
"126","1325","Ec_N",3,6,6,"Ec",2,1,0,0,0,0,0.3072222461044
"127","1325","Ec_N",3,7,7,"Ec",2,1,0,0,0,0,0.3072222461044
"128","1325","Ec_N",3,8,8,"Ec",2,1,0,0,0,0,0.3072222461044
"129","1325","Ec_N",3,9,9,"Ec",6,1,0,1,0,0,0.466851274556594
"130","1325","Ec_N",3,10,10,"Ec",6,1,0,1,0,0,0.466851274556594
"131","1325","Ec_N",3,11,11,"Ec",6,1,0,1,0,0,0.466851274556594
"132","1325","Ec_N",3,12,12,"Ec",6,1,0,1,0,0,0.466851274556594
"133","1325","Ec_N",3,13,13,"Ec",6,1,0,1,0,0,0.466851274556594
"134","1325","Ec_N",3,14,14,"Ec",6,1,0,1,0,0,0.466851274556594
"135","1325","Ec_N",3,15,15,"Ec",6,1,0,1,0,0,0.466851274556594
"136","1325","Ec_N",3,16,16,"Ec",6,1,0,1,0,0,0.466851274556594
"137","1325","Ec_N",3,17,17,"Ec",6,1,0,1,0,0,0.466851274556594
"138","1325","Ec_N",3,18,18,"Ec",6,1,0,1,0,0,0.466851274556594
"139","1325","Ec_N",3,19,19,"Ec",6,1,0,1,0,0,0.466851274556594
"140","1325","Ec_N",3,20,20,"Ec",22,1,0,1,0,1,0.530537219791945
"141","1325","Ec_N",3,21,21,"Ec",22,1,0,1,0,1,0.530537219791945
"142","1325","Ec_N",3,22,22,"Ec",22,1,0,1,0,1,0.530537219791945
"143","1325","Ec_N",3,23,23,"Ec",30,1,0,1,1,1,0.579561703752182
"144","1325","Ec_N",3,24,24,"Ec",30,1,0,1,1,1,0.579561703752182
"145","1325","Ec_N",3,25,25,"Ec",30,1,0,1,1,1,0.579561703752182
"146","1325","Ec_N",3,26,26,"Ec",30,1,0,1,1,1,0.579561703752182
"147","1325","Ec_N",3,27,27,"Ec",30,1,0,1,1,1,0.579561703752182
"148","1325","Ec_N",3,28,28,"Ec",30,1,0,1,1,1,0.579561703752182
"149","1325","Ec_N",3,29,29,"Ec",30,1,0,1,1,1,0.579561703752182
"150","1325","Ec_N",3,30,30,"Ec",30,1,0,1,1,1,0.579561703752182
"151","1325","Ec_N",3,31,31,"Ec",30,1,0,1,1,1,0.579561703752182
"152","1325","Ec_N",3,32,32,"Ec",32,1,1,1,1,1,1
"153","1325","Ec_N",3,33,33,"Ec",32,1,1,1,1,1,1
"154","1325","Ec_N",3,34,34,"Ec",32,1,1,1,1,1,1
"155","1325","Ec_N",3,35,35,"Ec",32,1,1,1,1,1,1
"156","1325","Ec_N",3,36,36,"Ec",32,1,1,1,1,1,1
"157","1325","Ec_N",3,37,37,"Ec",32,1,1,1,1,1,1
"158","1325","Ec_N",3,38,38,"Ec",32,1,1,1,1,1,1
"159","1325","Ec_N",3,39,39,"Ec",32,1,1,1,1,1,1
"160","1325","Ec_N",3,40,40,"Ec",32,1,1,1,1,1,1
"161","1325","Ec_N",3,41,41,"Ec",32,1,1,1,1,1,1
"162","1325","Ec_N",3,42,42,"Ec",32,1,1,1,1,1,1
"163","1325","Ec_N",3,43,43,"Ec",32,1,1,1,1,1,1
"164","1325","Ec_N",3,44,44,"Ec",32,1,1,1,1,1,1
"165","1325","Ec_N",3,45,45,"Ec",32,1,1,1,1,1,1
"166","1325","Ec_N",3,46,46,"Ec",32,1,1,1,1,1,1
"167","1325","Ec_N",3,47,47,"Ec",32,1,1,1,1,1,1
"168","1325","Ec_N",3,48,48,"Ec",32,1,1,1,1,1,1
"169","1325","Ec_N",3,49,49,"Ec",32,1,1,1,1,1,1
"170","1325","Ec_N",3,50,50,"Ec",32,1,1,1,1,1,1
"171","1325","Ec_N",3,51,51,"Ec",32,1,1,1,1,1,1
"172","1325","Ec_N",3,52,52,"Ec",32,1,1,1,1,1,1
"173","1325","Ec_N",3,53,53,"Ec",32,1,1,1,1,1,1
"174","1325","Ec_N",3,54,54,"Ec",32,1,1,1,1,1,1
"175","1325","Ec_N",3,55,55,"Ec",32,1,1,1,1,1,1
"176","1325","Ec_N",3,56,56,"Ec",32,1,1,1,1,1,1
"177","1325","Ec_N",3,57,57,"Ec",32,1,1,1,1,1,1
"178","1325","Ec_N",3,58,58,"Ec",32,1,1,1,1,1,1
"179","1325","Ec_N",3,59,59,"Ec",32,1,1,1,1,1,1
"180","1325","Ec_N",3,60,60,"Ec",32,1,1,1,1,1,1
"181","1325","Ec_N",4,1,1,"Ec",1,0,0,0,0,0,0
"182","1325","Ec_N",4,2,2,"Ec",1,0,0,0,0,0,0
"183","1325","Ec_N",4,3,3,"Ec",9,0,0,0,1,0,0.0490244839602376
"184","1325","Ec_N",4,4,4,"Ec",9,0,0,0,1,0,0.0490244839602376
"185","1325","Ec_N",4,5,5,"Ec",9,0,0,0,1,0,0.0490244839602376
"186","1325","Ec_N",4,6,6,"Ec",9,0,0,0,1,0,0.0490244839602376
"187","1325","Ec_N",4,7,7,"Ec",11,0,1,0,1,0,0.503461616060769
"188","1325","Ec_N",4,8,8,"Ec",27,0,1,0,1,1,0.533148725443406
"189","1325","Ec_N",4,9,9,"Ec",27,0,1,0,1,1,0.533148725443406
"190","1325","Ec_N",4,10,10,"Ec",27,0,1,0,1,1,0.533148725443406
"191","1325","Ec_N",4,11,11,"Ec",28,1,1,0,1,1,0.815884725734249
"192","1325","Ec_N",4,12,12,"Ec",28,1,1,0,1,1,0.815884725734249
"193","1325","Ec_N",4,13,13,"Ec",28,1,1,0,1,1,0.815884725734249
"194","1325","Ec_N",4,14,14,"Ec",28,1,1,0,1,1,0.815884725734249
"195","1325","Ec_N",4,15,15,"Ec",28,1,1,0,1,1,0.815884725734249
"196","1325","Ec_N",4,16,16,"Ec",28,1,1,0,1,1,0.815884725734249
"197","1325","Ec_N",4,17,17,"Ec",28,1,1,0,1,1,0.815884725734249
"198","1325","Ec_N",4,18,18,"Ec",28,1,1,0,1,1,0.815884725734249
"199","1325","Ec_N",4,19,19,"Ec",28,1,1,0,1,1,0.815884725734249
"200","1325","Ec_N",4,20,20,"Ec",28,1,1,0,1,1,0.815884725734249
"201","1325","Ec_N",4,21,21,"Ec",28,1,1,0,1,1,0.815884725734249
"202","1325","Ec_N",4,22,22,"Ec",28,1,1,0,1,1,0.815884725734249
"203","1325","Ec_N",4,23,23,"Ec",28,1,1,0,1,1,0.815884725734249
"204","1325","Ec_N",4,24,24,"Ec",28,1,1,0,1,1,0.815884725734249
"205","1325","Ec_N",4,25,25,"Ec",28,1,1,0,1,1,0.815884725734249
"206","1325","Ec_N",4,26,26,"Ec",28,1,1,0,1,1,0.815884725734249
"207","1325","Ec_N",4,27,27,"Ec",28,1,1,0,1,1,0.815884725734249
"208","1325","Ec_N",4,28,28,"Ec",28,1,1,0,1,1,0.815884725734249
"209","1325","Ec_N",4,29,29,"Ec",28,1,1,0,1,1,0.815884725734249
"210","1325","Ec_N",4,30,30,"Ec",28,1,1,0,1,1,0.815884725734249
"211","1325","Ec_N",4,31,31,"Ec",28,1,1,0,1,1,0.815884725734249
"212","1325","Ec_N",4,32,32,"Ec",28,1,1,0,1,1,0.815884725734249
"213","1325","Ec_N",4,33,33,"Ec",28,1,1,0,1,1,0.815884725734249
"214","1325","Ec_N",4,34,34,"Ec",28,1,1,0,1,1,0.815884725734249
"215","1325","Ec_N",4,35,35,"Ec",28,1,1,0,1,1,0.815884725734249
"216","1325","Ec_N",4,36,36,"Ec",28,1,1,0,1,1,0.815884725734249
"217","1325","Ec_N",4,37,37,"Ec",28,1,1,0,1,1,0.815884725734249
"218","1325","Ec_N",4,38,38,"Ec",28,1,1,0,1,1,0.815884725734249
"219","1325","Ec_N",4,39,39,"Ec",28,1,1,0,1,1,0.815884725734249
"220","1325","Ec_N",4,40,40,"Ec",28,1,1,0,1,1,0.815884725734249
"221","1325","Ec_N",4,41,41,"Ec",28,1,1,0,1,1,0.815884725734249
"222","1325","Ec_N",4,42,42,"Ec",28,1,1,0,1,1,0.815884725734249
"223","1325","Ec_N",4,43,43,"Ec",28,1,1,0,1,1,0.815884725734249
"224","1325","Ec_N",4,44,44,"Ec",28,1,1,0,1,1,0.815884725734249
"225","1325","Ec_N",4,45,45,"Ec",28,1,1,0,1,1,0.815884725734249
"226","1325","Ec_N",4,46,46,"Ec",28,1,1,0,1,1,0.815884725734249
"227","1325","Ec_N",4,47,47,"Ec",28,1,1,0,1,1,0.815884725734249
"228","1325","Ec_N",4,48,48,"Ec",28,1,1,0,1,1,0.815884725734249
"229","1325","Ec_N",4,49,49,"Ec",28,1,1,0,1,1,0.815884725734249
"230","1325","Ec_N",4,50,50,"Ec",28,1,1,0,1,1,0.815884725734249
"231","1325","Ec_N",4,51,51,"Ec",28,1,1,0,1,1,0.815884725734249
"232","1325","Ec_N",4,52,52,"Ec",28,1,1,0,1,1,0.815884725734249
"233","1325","Ec_N",4,53,53,"Ec",28,1,1,0,1,1,0.815884725734249
"234","1325","Ec_N",4,54,54,"Ec",28,1,1,0,1,1,0.815884725734249
"235","1325","Ec_N",4,55,55,"Ec",28,1,1,0,1,1,0.815884725734249
"236","1325","Ec_N",4,56,56,"Ec",28,1,1,0,1,1,0.815884725734249
"237","1325","Ec_N",4,57,57,"Ec",28,1,1,0,1,1,0.815884725734249
"238","1325","Ec_N",4,58,58,"Ec",28,1,1,0,1,1,0.815884725734249
"239","1325","Ec_N",4,59,59,"Ec",28,1,1,0,1,1,0.815884725734249
"240","1325","Ec_N",4,60,60,"Ec",28,1,1,0,1,1,0.815884725734249
"241","1325","Ec_N",5,1,1,"Ec",1,0,0,0,0,0,0
"242","1325","Ec_N",5,2,2,"Ec",1,0,0,0,0,0,0
"243","1325","Ec_N",5,3,3,"Ec",1,0,0,0,0,0,0
"244","1325","Ec_N",5,4,4,"Ec",1,0,0,0,0,0,0
"245","1325","Ec_N",5,5,5,"Ec",2,1,0,0,0,0,0.3072222461044
"246","1325","Ec_N",5,6,6,"Ec",2,1,0,0,0,0,0.3072222461044
"247","1325","Ec_N",5,7,7,"Ec",6,1,0,1,0,0,0.466851274556594
"248","1325","Ec_N",5,8,8,"Ec",6,1,0,1,0,0,0.466851274556594
"249","1325","Ec_N",5,9,9,"Ec",6,1,0,1,0,0,0.466851274556594
"250","1325","Ec_N",5,10,10,"Ec",6,1,0,1,0,0,0.466851274556594
"251","1325","Ec_N",5,11,11,"Ec",6,1,0,1,0,0,0.466851274556594
"252","1325","Ec_N",5,12,12,"Ec",6,1,0,1,0,0,0.466851274556594
"253","1325","Ec_N",5,13,13,"Ec",6,1,0,1,0,0,0.466851274556594
"254","1325","Ec_N",5,14,14,"Ec",6,1,0,1,0,0,0.466851274556594
"255","1325","Ec_N",5,15,15,"Ec",6,1,0,1,0,0,0.466851274556594
"256","1325","Ec_N",5,16,16,"Ec",22,1,0,1,0,1,0.530537219791945
"257","1325","Ec_N",5,17,17,"Ec",22,1,0,1,0,1,0.530537219791945
"258","1325","Ec_N",5,18,18,"Ec",22,1,0,1,0,1,0.530537219791945
"259","1325","Ec_N",5,19,19,"Ec",22,1,0,1,0,1,0.530537219791945
"260","1325","Ec_N",5,20,20,"Ec",22,1,0,1,0,1,0.530537219791945
"261","1325","Ec_N",5,21,21,"Ec",22,1,0,1,0,1,0.530537219791945
"262","1325","Ec_N",5,22,22,"Ec",22,1,0,1,0,1,0.530537219791945
"263","1325","Ec_N",5,23,23,"Ec",22,1,0,1,0,1,0.530537219791945
"264","1325","Ec_N",5,24,24,"Ec",22,1,0,1,0,1,0.530537219791945
"265","1325","Ec_N",5,25,25,"Ec",22,1,0,1,0,1,0.530537219791945
"266","1325","Ec_N",5,26,26,"Ec",22,1,0,1,0,1,0.530537219791945
"267","1325","Ec_N",5,27,27,"Ec",22,1,0,1,0,1,0.530537219791945
"268","1325","Ec_N",5,28,28,"Ec",22,1,0,1,0,1,0.530537219791945
"269","1325","Ec_N",5,29,29,"Ec",22,1,0,1,0,1,0.530537219791945
"270","1325","Ec_N",5,30,30,"Ec",22,1,0,1,0,1,0.530537219791945
"271","1325","Ec_N",5,31,31,"Ec",24,1,1,1,0,1,0.872975948786018
"272","1325","Ec_N",5,32,32,"Ec",24,1,1,1,0,1,0.872975948786018
"273","1325","Ec_N",5,33,33,"Ec",24,1,1,1,0,1,0.872975948786018
"274","1325","Ec_N",5,34,34,"Ec",24,1,1,1,0,1,0.872975948786018
"275","1325","Ec_N",5,35,35,"Ec",24,1,1,1,0,1,0.872975948786018
"276","1325","Ec_N",5,36,36,"Ec",24,1,1,1,0,1,0.872975948786018
"277","1325","Ec_N",5,37,37,"Ec",8,1,1,1,0,0,0.887289570804412
"278","1325","Ec_N",5,38,38,"Ec",8,1,1,1,0,0,0.887289570804412
"279","1325","Ec_N",5,39,39,"Ec",8,1,1,1,0,0,0.887289570804412
"280","1325","Ec_N",5,40,40,"Ec",8,1,1,1,0,0,0.887289570804412
"281","1325","Ec_N",5,41,41,"Ec",8,1,1,1,0,0,0.887289570804412
"282","1325","Ec_N",5,42,42,"Ec",8,1,1,1,0,0,0.887289570804412
"283","1325","Ec_N",5,43,43,"Ec",16,1,1,1,1,0,0.93631405476465
"284","1325","Ec_N",5,44,44,"Ec",16,1,1,1,1,0,0.93631405476465
"285","1325","Ec_N",5,45,45,"Ec",32,1,1,1,1,1,1
"286","1325","Ec_N",5,46,46,"Ec",32,1,1,1,1,1,1
"287","1325","Ec_N",5,47,47,"Ec",32,1,1,1,1,1,1
"288","1325","Ec_N",5,48,48,"Ec",32,1,1,1,1,1,1
"289","1325","Ec_N",5,49,49,"Ec",32,1,1,1,1,1,1
"290","1325","Ec_N",5,50,50,"Ec",32,1,1,1,1,1,1
"291","1325","Ec_N",5,51,51,"Ec",32,1,1,1,1,1,1
"292","1325","Ec_N",5,52,52,"Ec",32,1,1,1,1,1,1
"293","1325","Ec_N",5,53,53,"Ec",32,1,1,1,1,1,1
"294","1325","Ec_N",5,54,54,"Ec",32,1,1,1,1,1,1
"295","1325","Ec_N",5,55,55,"Ec",32,1,1,1,1,1,1
"296","1325","Ec_N",5,56,56,"Ec",32,1,1,1,1,1,1
"297","1325","Ec_N",5,57,57,"Ec",32,1,1,1,1,1,1
"298","1325","Ec_N",5,58,58,"Ec",32,1,1,1,1,1,1
"299","1325","Ec_N",5,59,59,"Ec",32,1,1,1,1,1,1
"300","1325","Ec_N",5,60,60,"Ec",32,1,1,1,1,1,1
"301","1325","Ec_N",6,1,1,"Ec",1,0,0,0,0,0,0
"302","1325","Ec_N",6,2,2,"Ec",1,0,0,0,0,0,0
"303","1325","Ec_N",6,3,3,"Ec",1,0,0,0,0,0,0
"304","1325","Ec_N",6,4,4,"Ec",1,0,0,0,0,0,0
"305","1325","Ec_N",6,5,5,"Ec",1,0,0,0,0,0,0
"306","1325","Ec_N",6,6,6,"Ec",1,0,0,0,0,0,0
"307","1325","Ec_N",6,7,7,"Ec",1,0,0,0,0,0,0
"308","1325","Ec_N",6,8,8,"Ec",2,1,0,0,0,0,0.3072222461044
"309","1325","Ec_N",6,9,9,"Ec",2,1,0,0,0,0,0.3072222461044
"310","1325","Ec_N",6,10,10,"Ec",2,1,0,0,0,0,0.3072222461044
"311","1325","Ec_N",6,11,11,"Ec",6,1,0,1,0,0,0.466851274556594
"312","1325","Ec_N",6,12,12,"Ec",6,1,0,1,0,0,0.466851274556594
"313","1325","Ec_N",6,13,13,"Ec",6,1,0,1,0,0,0.466851274556594
"314","1325","Ec_N",6,14,14,"Ec",6,1,0,1,0,0,0.466851274556594
"315","1325","Ec_N",6,15,15,"Ec",6,1,0,1,0,0,0.466851274556594
"316","1325","Ec_N",6,16,16,"Ec",8,1,1,1,0,0,0.887289570804412
"317","1325","Ec_N",6,17,17,"Ec",8,1,1,1,0,0,0.887289570804412
"318","1325","Ec_N",6,18,18,"Ec",8,1,1,1,0,0,0.887289570804412
"319","1325","Ec_N",6,19,19,"Ec",8,1,1,1,0,0,0.887289570804412
"320","1325","Ec_N",6,20,20,"Ec",8,1,1,1,0,0,0.887289570804412
"321","1325","Ec_N",6,21,21,"Ec",8,1,1,1,0,0,0.887289570804412
"322","1325","Ec_N",6,22,22,"Ec",8,1,1,1,0,0,0.887289570804412
"323","1325","Ec_N",6,23,23,"Ec",8,1,1,1,0,0,0.887289570804412
"324","1325","Ec_N",6,24,24,"Ec",8,1,1,1,0,0,0.887289570804412
"325","1325","Ec_N",6,25,25,"Ec",8,1,1,1,0,0,0.887289570804412
"326","1325","Ec_N",6,26,26,"Ec",8,1,1,1,0,0,0.887289570804412
"327","1325","Ec_N",6,27,27,"Ec",8,1,1,1,0,0,0.887289570804412
"328","1325","Ec_N",6,28,28,"Ec",8,1,1,1,0,0,0.887289570804412
"329","1325","Ec_N",6,29,29,"Ec",8,1,1,1,0,0,0.887289570804412
"330","1325","Ec_N",6,30,30,"Ec",8,1,1,1,0,0,0.887289570804412
"331","1325","Ec_N",6,31,31,"Ec",8,1,1,1,0,0,0.887289570804412
"332","1325","Ec_N",6,32,32,"Ec",8,1,1,1,0,0,0.887289570804412
"333","1325","Ec_N",6,33,33,"Ec",8,1,1,1,0,0,0.887289570804412
"334","1325","Ec_N",6,34,34,"Ec",8,1,1,1,0,0,0.887289570804412
"335","1325","Ec_N",6,35,35,"Ec",8,1,1,1,0,0,0.887289570804412
"336","1325","Ec_N",6,36,36,"Ec",8,1,1,1,0,0,0.887289570804412
"337","1325","Ec_N",6,37,37,"Ec",8,1,1,1,0,0,0.887289570804412
"338","1325","Ec_N",6,38,38,"Ec",8,1,1,1,0,0,0.887289570804412
"339","1325","Ec_N",6,39,39,"Ec",8,1,1,1,0,0,0.887289570804412
"340","1325","Ec_N",6,40,40,"Ec",8,1,1,1,0,0,0.887289570804412
"341","1325","Ec_N",6,41,41,"Ec",8,1,1,1,0,0,0.887289570804412
"342","1325","Ec_N",6,42,42,"Ec",8,1,1,1,0,0,0.887289570804412
"343","1325","Ec_N",6,43,43,"Ec",8,1,1,1,0,0,0.887289570804412
"344","1325","Ec_N",6,44,44,"Ec",8,1,1,1,0,0,0.887289570804412
"345","1325","Ec_N",6,45,45,"Ec",8,1,1,1,0,0,0.887289570804412
"346","1325","Ec_N",6,46,46,"Ec",8,1,1,1,0,0,0.887289570804412
"347","1325","Ec_N",6,47,47,"Ec",8,1,1,1,0,0,0.887289570804412
"348","1325","Ec_N",6,48,48,"Ec",8,1,1,1,0,0,0.887289570804412
"349","1325","Ec_N",6,49,49,"Ec",8,1,1,1,0,0,0.887289570804412
"350","1325","Ec_N",6,50,50,"Ec",8,1,1,1,0,0,0.887289570804412
"351","1325","Ec_N",6,51,51,"Ec",8,1,1,1,0,0,0.887289570804412
"352","1325","Ec_N",6,52,52,"Ec",8,1,1,1,0,0,0.887289570804412
"353","1325","Ec_N",6,53,53,"Ec",8,1,1,1,0,0,0.887289570804412
"354","1325","Ec_N",6,54,54,"Ec",8,1,1,1,0,0,0.887289570804412
"355","1325","Ec_N",6,55,55,"Ec",8,1,1,1,0,0,0.887289570804412
"356","1325","Ec_N",6,56,56,"Ec",8,1,1,1,0,0,0.887289570804412
"357","1325","Ec_N",6,57,57,"Ec",8,1,1,1,0,0,0.887289570804412
"358","1325","Ec_N",6,58,58,"Ec",8,1,1,1,0,0,0.887289570804412
"359","1325","Ec_N",6,59,59,"Ec",8,1,1,1,0,0,0.887289570804412
"360","1325","Ec_N",6,60,60,"Ec",8,1,1,1,0,0,0.887289570804412
"361","1325","Ec_N",7,1,1,"Ec",1,0,0,0,0,0,0
"362","1325","Ec_N",7,2,2,"Ec",1,0,0,0,0,0,0
"363","1325","Ec_N",7,3,3,"Ec",1,0,0,0,0,0,0
"364","1325","Ec_N",7,4,4,"Ec",1,0,0,0,0,0,0
"365","1325","Ec_N",7,5,5,"Ec",1,0,0,0,0,0,0
"366","1325","Ec_N",7,6,6,"Ec",1,0,0,0,0,0,0
"367","1325","Ec_N",7,7,7,"Ec",9,0,0,0,1,0,0.0490244839602376
"368","1325","Ec_N",7,8,8,"Ec",9,0,0,0,1,0,0.0490244839602376
"369","1325","Ec_N",7,9,9,"Ec",25,0,0,0,1,1,0.112710429195588
"370","1325","Ec_N",7,10,10,"Ec",25,0,0,0,1,1,0.112710429195588
"371","1325","Ec_N",7,11,11,"Ec",25,0,0,0,1,1,0.112710429195588
"372","1325","Ec_N",7,12,12,"Ec",25,0,0,0,1,1,0.112710429195588
"373","1325","Ec_N",7,13,13,"Ec",25,0,0,0,1,1,0.112710429195588
"374","1325","Ec_N",7,14,14,"Ec",25,0,0,0,1,1,0.112710429195588
"375","1325","Ec_N",7,15,15,"Ec",25,0,0,0,1,1,0.112710429195588
"376","1325","Ec_N",7,16,16,"Ec",25,0,0,0,1,1,0.112710429195588
"377","1325","Ec_N",7,17,17,"Ec",25,0,0,0,1,1,0.112710429195588
"378","1325","Ec_N",7,18,18,"Ec",25,0,0,0,1,1,0.112710429195588
"379","1325","Ec_N",7,19,19,"Ec",29,0,0,1,1,1,0.272339457647783
"380","1325","Ec_N",7,20,20,"Ec",30,1,0,1,1,1,0.579561703752182
"381","1325","Ec_N",7,21,21,"Ec",30,1,0,1,1,1,0.579561703752182
"382","1325","Ec_N",7,22,22,"Ec",30,1,0,1,1,1,0.579561703752182
"383","1325","Ec_N",7,23,23,"Ec",30,1,0,1,1,1,0.579561703752182
"384","1325","Ec_N",7,24,24,"Ec",30,1,0,1,1,1,0.579561703752182
"385","1325","Ec_N",7,25,25,"Ec",30,1,0,1,1,1,0.579561703752182
"386","1325","Ec_N",7,26,26,"Ec",30,1,0,1,1,1,0.579561703752182
"387","1325","Ec_N",7,27,27,"Ec",30,1,0,1,1,1,0.579561703752182
"388","1325","Ec_N",7,28,28,"Ec",30,1,0,1,1,1,0.579561703752182
"389","1325","Ec_N",7,29,29,"Ec",32,1,1,1,1,1,1
"390","1325","Ec_N",7,30,30,"Ec",32,1,1,1,1,1,1
"391","1325","Ec_N",7,31,31,"Ec",32,1,1,1,1,1,1
"392","1325","Ec_N",7,32,32,"Ec",32,1,1,1,1,1,1
"393","1325","Ec_N",7,33,33,"Ec",32,1,1,1,1,1,1
"394","1325","Ec_N",7,34,34,"Ec",32,1,1,1,1,1,1
"395","1325","Ec_N",7,35,35,"Ec",32,1,1,1,1,1,1
"396","1325","Ec_N",7,36,36,"Ec",32,1,1,1,1,1,1
"397","1325","Ec_N",7,37,37,"Ec",32,1,1,1,1,1,1
"398","1325","Ec_N",7,38,38,"Ec",32,1,1,1,1,1,1
"399","1325","Ec_N",7,39,39,"Ec",32,1,1,1,1,1,1
"400","1325","Ec_N",7,40,40,"Ec",32,1,1,1,1,1,1
"401","1325","Ec_N",7,41,41,"Ec",32,1,1,1,1,1,1
"402","1325","Ec_N",7,42,42,"Ec",32,1,1,1,1,1,1
"403","1325","Ec_N",7,43,43,"Ec",32,1,1,1,1,1,1
"404","1325","Ec_N",7,44,44,"Ec",32,1,1,1,1,1,1
"405","1325","Ec_N",7,45,45,"Ec",32,1,1,1,1,1,1
"406","1325","Ec_N",7,46,46,"Ec",32,1,1,1,1,1,1
"407","1325","Ec_N",7,47,47,"Ec",32,1,1,1,1,1,1
"408","1325","Ec_N",7,48,48,"Ec",32,1,1,1,1,1,1
"409","1325","Ec_N",7,49,49,"Ec",32,1,1,1,1,1,1
"410","1325","Ec_N",7,50,50,"Ec",32,1,1,1,1,1,1
"411","1325","Ec_N",7,51,51,"Ec",32,1,1,1,1,1,1
"412","1325","Ec_N",7,52,52,"Ec",32,1,1,1,1,1,1
"413","1325","Ec_N",7,53,53,"Ec",32,1,1,1,1,1,1
"414","1325","Ec_N",7,54,54,"Ec",32,1,1,1,1,1,1
"415","1325","Ec_N",7,55,55,"Ec",32,1,1,1,1,1,1
"416","1325","Ec_N",7,56,56,"Ec",32,1,1,1,1,1,1
"417","1325","Ec_N",7,57,57,"Ec",32,1,1,1,1,1,1
"418","1325","Ec_N",7,58,58,"Ec",32,1,1,1,1,1,1
"419","1325","Ec_N",7,59,59,"Ec",32,1,1,1,1,1,1
"420","1325","Ec_N",7,60,60,"Ec",32,1,1,1,1,1,1
"421","1325","Ec_N",8,1,1,"Ec",1,0,0,0,0,0,0
"422","1325","Ec_N",8,2,2,"Ec",1,0,0,0,0,0,0
"423","1325","Ec_N",8,3,3,"Ec",1,0,0,0,0,0,0
"424","1325","Ec_N",8,4,4,"Ec",1,0,0,0,0,0,0
"425","1325","Ec_N",8,5,5,"Ec",1,0,0,0,0,0,0
"426","1325","Ec_N",8,6,6,"Ec",1,0,0,0,0,0,0
"427","1325","Ec_N",8,7,7,"Ec",1,0,0,0,0,0,0
"428","1325","Ec_N",8,8,8,"Ec",17,0,0,0,0,1,0.0636859452353503
"429","1325","Ec_N",8,9,9,"Ec",17,0,0,0,0,1,0.0636859452353503
"430","1325","Ec_N",8,10,10,"Ec",19,0,1,0,0,1,0.484124241483168
"431","1325","Ec_N",8,11,11,"Ec",19,0,1,0,0,1,0.484124241483168
"432","1325","Ec_N",8,12,12,"Ec",19,0,1,0,0,1,0.484124241483168
"433","1325","Ec_N",8,13,13,"Ec",20,1,1,0,0,1,0.791346487587567
"434","1325","Ec_N",8,14,14,"Ec",20,1,1,0,0,1,0.791346487587567
"435","1325","Ec_N",8,15,15,"Ec",20,1,1,0,0,1,0.791346487587567
"436","1325","Ec_N",8,16,16,"Ec",20,1,1,0,0,1,0.791346487587567
"437","1325","Ec_N",8,17,17,"Ec",20,1,1,0,0,1,0.791346487587567
"438","1325","Ec_N",8,18,18,"Ec",28,1,1,0,1,1,0.815884725734249
"439","1325","Ec_N",8,19,19,"Ec",28,1,1,0,1,1,0.815884725734249
"440","1325","Ec_N",8,20,20,"Ec",28,1,1,0,1,1,0.815884725734249
"441","1325","Ec_N",8,21,21,"Ec",28,1,1,0,1,1,0.815884725734249
"442","1325","Ec_N",8,22,22,"Ec",28,1,1,0,1,1,0.815884725734249
"443","1325","Ec_N",8,23,23,"Ec",28,1,1,0,1,1,0.815884725734249
"444","1325","Ec_N",8,24,24,"Ec",28,1,1,0,1,1,0.815884725734249
"445","1325","Ec_N",8,25,25,"Ec",28,1,1,0,1,1,0.815884725734249
"446","1325","Ec_N",8,26,26,"Ec",28,1,1,0,1,1,0.815884725734249
"447","1325","Ec_N",8,27,27,"Ec",28,1,1,0,1,1,0.815884725734249
"448","1325","Ec_N",8,28,28,"Ec",28,1,1,0,1,1,0.815884725734249
"449","1325","Ec_N",8,29,29,"Ec",28,1,1,0,1,1,0.815884725734249
"450","1325","Ec_N",8,30,30,"Ec",28,1,1,0,1,1,0.815884725734249
"451","1325","Ec_N",8,31,31,"Ec",28,1,1,0,1,1,0.815884725734249
"452","1325","Ec_N",8,32,32,"Ec",28,1,1,0,1,1,0.815884725734249
"453","1325","Ec_N",8,33,33,"Ec",28,1,1,0,1,1,0.815884725734249
"454","1325","Ec_N",8,34,34,"Ec",28,1,1,0,1,1,0.815884725734249
"455","1325","Ec_N",8,35,35,"Ec",28,1,1,0,1,1,0.815884725734249
"456","1325","Ec_N",8,36,36,"Ec",28,1,1,0,1,1,0.815884725734249
"457","1325","Ec_N",8,37,37,"Ec",28,1,1,0,1,1,0.815884725734249
"458","1325","Ec_N",8,38,38,"Ec",28,1,1,0,1,1,0.815884725734249
"459","1325","Ec_N",8,39,39,"Ec",28,1,1,0,1,1,0.815884725734249
"460","1325","Ec_N",8,40,40,"Ec",28,1,1,0,1,1,0.815884725734249
"461","1325","Ec_N",8,41,41,"Ec",28,1,1,0,1,1,0.815884725734249
"462","1325","Ec_N",8,42,42,"Ec",28,1,1,0,1,1,0.815884725734249
"463","1325","Ec_N",8,43,43,"Ec",28,1,1,0,1,1,0.815884725734249
"464","1325","Ec_N",8,44,44,"Ec",28,1,1,0,1,1,0.815884725734249
"465","1325","Ec_N",8,45,45,"Ec",28,1,1,0,1,1,0.815884725734249
"466","1325","Ec_N",8,46,46,"Ec",28,1,1,0,1,1,0.815884725734249
"467","1325","Ec_N",8,47,47,"Ec",28,1,1,0,1,1,0.815884725734249
"468","1325","Ec_N",8,48,48,"Ec",28,1,1,0,1,1,0.815884725734249
"469","1325","Ec_N",8,49,49,"Ec",28,1,1,0,1,1,0.815884725734249
"470","1325","Ec_N",8,50,50,"Ec",28,1,1,0,1,1,0.815884725734249
"471","1325","Ec_N",8,51,51,"Ec",28,1,1,0,1,1,0.815884725734249
"472","1325","Ec_N",8,52,52,"Ec",28,1,1,0,1,1,0.815884725734249
"473","1325","Ec_N",8,53,53,"Ec",28,1,1,0,1,1,0.815884725734249
"474","1325","Ec_N",8,54,54,"Ec",28,1,1,0,1,1,0.815884725734249
"475","1325","Ec_N",8,55,55,"Ec",28,1,1,0,1,1,0.815884725734249
"476","1325","Ec_N",8,56,56,"Ec",28,1,1,0,1,1,0.815884725734249
"477","1325","Ec_N",8,57,57,"Ec",28,1,1,0,1,1,0.815884725734249
"478","1325","Ec_N",8,58,58,"Ec",28,1,1,0,1,1,0.815884725734249
"479","1325","Ec_N",8,59,59,"Ec",28,1,1,0,1,1,0.815884725734249
"480","1325","Ec_N",8,60,60,"Ec",28,1,1,0,1,1,0.815884725734249
"481","1325","Ec_N",9,1,1,"Ec",1,0,0,0,0,0,0
"482","1325","Ec_N",9,2,2,"Ec",1,0,0,0,0,0,0
"483","1325","Ec_N",9,3,3,"Ec",1,0,0,0,0,0,0
"484","1325","Ec_N",9,4,4,"Ec",3,0,1,0,0,0,0.420438296247818
"485","1325","Ec_N",9,5,5,"Ec",4,1,1,0,0,0,0.727660542352217
"486","1325","Ec_N",9,6,6,"Ec",4,1,1,0,0,0,0.727660542352217
"487","1325","Ec_N",9,7,7,"Ec",4,1,1,0,0,0,0.727660542352217
"488","1325","Ec_N",9,8,8,"Ec",12,1,1,0,1,0,0.776685026312455
"489","1325","Ec_N",9,9,9,"Ec",12,1,1,0,1,0,0.776685026312455
"490","1325","Ec_N",9,10,10,"Ec",12,1,1,0,1,0,0.776685026312455
"491","1325","Ec_N",9,11,11,"Ec",12,1,1,0,1,0,0.776685026312455
"492","1325","Ec_N",9,12,12,"Ec",12,1,1,0,1,0,0.776685026312455
"493","1325","Ec_N",9,13,13,"Ec",12,1,1,0,1,0,0.776685026312455
"494","1325","Ec_N",9,14,14,"Ec",12,1,1,0,1,0,0.776685026312455
"495","1325","Ec_N",9,15,15,"Ec",12,1,1,0,1,0,0.776685026312455
"496","1325","Ec_N",9,16,16,"Ec",12,1,1,0,1,0,0.776685026312455
"497","1325","Ec_N",9,17,17,"Ec",12,1,1,0,1,0,0.776685026312455
"498","1325","Ec_N",9,18,18,"Ec",12,1,1,0,1,0,0.776685026312455
"499","1325","Ec_N",9,19,19,"Ec",16,1,1,1,1,0,0.93631405476465
"500","1325","Ec_N",9,20,20,"Ec",16,1,1,1,1,0,0.93631405476465
"501","1325","Ec_N",9,21,21,"Ec",16,1,1,1,1,0,0.93631405476465
"502","1325","Ec_N",9,22,22,"Ec",32,1,1,1,1,1,1
"503","1325","Ec_N",9,23,23,"Ec",32,1,1,1,1,1,1
"504","1325","Ec_N",9,24,24,"Ec",32,1,1,1,1,1,1
"505","1325","Ec_N",9,25,25,"Ec",32,1,1,1,1,1,1
"506","1325","Ec_N",9,26,26,"Ec",32,1,1,1,1,1,1
"507","1325","Ec_N",9,27,27,"Ec",32,1,1,1,1,1,1
"508","1325","Ec_N",9,28,28,"Ec",32,1,1,1,1,1,1
"509","1325","Ec_N",9,29,29,"Ec",32,1,1,1,1,1,1
"510","1325","Ec_N",9,30,30,"Ec",32,1,1,1,1,1,1
"511","1325","Ec_N",9,31,31,"Ec",32,1,1,1,1,1,1
"512","1325","Ec_N",9,32,32,"Ec",32,1,1,1,1,1,1
"513","1325","Ec_N",9,33,33,"Ec",32,1,1,1,1,1,1
"514","1325","Ec_N",9,34,34,"Ec",32,1,1,1,1,1,1
"515","1325","Ec_N",9,35,35,"Ec",32,1,1,1,1,1,1
"516","1325","Ec_N",9,36,36,"Ec",32,1,1,1,1,1,1
"517","1325","Ec_N",9,37,37,"Ec",32,1,1,1,1,1,1
"518","1325","Ec_N",9,38,38,"Ec",32,1,1,1,1,1,1
"519","1325","Ec_N",9,39,39,"Ec",32,1,1,1,1,1,1
"520","1325","Ec_N",9,40,40,"Ec",32,1,1,1,1,1,1
"521","1325","Ec_N",9,41,41,"Ec",32,1,1,1,1,1,1
"522","1325","Ec_N",9,42,42,"Ec",32,1,1,1,1,1,1
"523","1325","Ec_N",9,43,43,"Ec",32,1,1,1,1,1,1
"524","1325","Ec_N",9,44,44,"Ec",32,1,1,1,1,1,1
"525","1325","Ec_N",9,45,45,"Ec",32,1,1,1,1,1,1
"526","1325","Ec_N",9,46,46,"Ec",32,1,1,1,1,1,1
"527","1325","Ec_N",9,47,47,"Ec",32,1,1,1,1,1,1
"528","1325","Ec_N",9,48,48,"Ec",32,1,1,1,1,1,1
"529","1325","Ec_N",9,49,49,"Ec",32,1,1,1,1,1,1
"530","1325","Ec_N",9,50,50,"Ec",32,1,1,1,1,1,1
"531","1325","Ec_N",9,51,51,"Ec",32,1,1,1,1,1,1
"532","1325","Ec_N",9,52,52,"Ec",32,1,1,1,1,1,1
"533","1325","Ec_N",9,53,53,"Ec",32,1,1,1,1,1,1
"534","1325","Ec_N",9,54,54,"Ec",32,1,1,1,1,1,1
"535","1325","Ec_N",9,55,55,"Ec",32,1,1,1,1,1,1
"536","1325","Ec_N",9,56,56,"Ec",32,1,1,1,1,1,1
"537","1325","Ec_N",9,57,57,"Ec",32,1,1,1,1,1,1
"538","1325","Ec_N",9,58,58,"Ec",32,1,1,1,1,1,1
"539","1325","Ec_N",9,59,59,"Ec",32,1,1,1,1,1,1
"540","1325","Ec_N",9,60,60,"Ec",32,1,1,1,1,1,1
"541","1325","Ec_N",10,1,1,"Ec",1,0,0,0,0,0,0
"542","1325","Ec_N",10,2,2,"Ec",1,0,0,0,0,0,0
"543","1325","Ec_N",10,3,3,"Ec",1,0,0,0,0,0,0
"544","1325","Ec_N",10,4,4,"Ec",1,0,0,0,0,0,0
"545","1325","Ec_N",10,5,5,"Ec",9,0,0,0,1,0,0.0490244839602376
"546","1325","Ec_N",10,6,6,"Ec",9,0,0,0,1,0,0.0490244839602376
"547","1325","Ec_N",10,7,7,"Ec",9,0,0,0,1,0,0.0490244839602376
"548","1325","Ec_N",10,8,8,"Ec",9,0,0,0,1,0,0.0490244839602376
"549","1325","Ec_N",10,9,9,"Ec",9,0,0,0,1,0,0.0490244839602376
"550","1325","Ec_N",10,10,10,"Ec",9,0,0,0,1,0,0.0490244839602376
"551","1325","Ec_N",10,11,11,"Ec",11,0,1,0,1,0,0.503461616060769
"552","1325","Ec_N",10,12,12,"Ec",15,0,1,1,1,0,0.62909180866025
"553","1325","Ec_N",10,13,13,"Ec",16,1,1,1,1,0,0.93631405476465
"554","1325","Ec_N",10,14,14,"Ec",16,1,1,1,1,0,0.93631405476465
"555","1325","Ec_N",10,15,15,"Ec",16,1,1,1,1,0,0.93631405476465
"556","1325","Ec_N",10,16,16,"Ec",16,1,1,1,1,0,0.93631405476465
"557","1325","Ec_N",10,17,17,"Ec",16,1,1,1,1,0,0.93631405476465
"558","1325","Ec_N",10,18,18,"Ec",16,1,1,1,1,0,0.93631405476465
"559","1325","Ec_N",10,19,19,"Ec",16,1,1,1,1,0,0.93631405476465
"560","1325","Ec_N",10,20,20,"Ec",16,1,1,1,1,0,0.93631405476465
"561","1325","Ec_N",10,21,21,"Ec",16,1,1,1,1,0,0.93631405476465
"562","1325","Ec_N",10,22,22,"Ec",32,1,1,1,1,1,1
"563","1325","Ec_N",10,23,23,"Ec",32,1,1,1,1,1,1
"564","1325","Ec_N",10,24,24,"Ec",32,1,1,1,1,1,1
"565","1325","Ec_N",10,25,25,"Ec",32,1,1,1,1,1,1
"566","1325","Ec_N",10,26,26,"Ec",32,1,1,1,1,1,1
"567","1325","Ec_N",10,27,27,"Ec",32,1,1,1,1,1,1
"568","1325","Ec_N",10,28,28,"Ec",32,1,1,1,1,1,1
"569","1325","Ec_N",10,29,29,"Ec",32,1,1,1,1,1,1
"570","1325","Ec_N",10,30,30,"Ec",32,1,1,1,1,1,1
"571","1325","Ec_N",10,31,31,"Ec",32,1,1,1,1,1,1
"572","1325","Ec_N",10,32,32,"Ec",32,1,1,1,1,1,1
"573","1325","Ec_N",10,33,33,"Ec",32,1,1,1,1,1,1
"574","1325","Ec_N",10,34,34,"Ec",32,1,1,1,1,1,1
"575","1325","Ec_N",10,35,35,"Ec",32,1,1,1,1,1,1
"576","1325","Ec_N",10,36,36,"Ec",32,1,1,1,1,1,1
"577","1325","Ec_N",10,37,37,"Ec",32,1,1,1,1,1,1
"578","1325","Ec_N",10,38,38,"Ec",32,1,1,1,1,1,1
"579","1325","Ec_N",10,39,39,"Ec",32,1,1,1,1,1,1
"580","1325","Ec_N",10,40,40,"Ec",32,1,1,1,1,1,1
"581","1325","Ec_N",10,41,41,"Ec",32,1,1,1,1,1,1
"582","1325","Ec_N",10,42,42,"Ec",32,1,1,1,1,1,1
"583","1325","Ec_N",10,43,43,"Ec",32,1,1,1,1,1,1
"584","1325","Ec_N",10,44,44,"Ec",32,1,1,1,1,1,1
"585","1325","Ec_N",10,45,45,"Ec",32,1,1,1,1,1,1
"586","1325","Ec_N",10,46,46,"Ec",32,1,1,1,1,1,1
"587","1325","Ec_N",10,47,47,"Ec",32,1,1,1,1,1,1
"588","1325","Ec_N",10,48,48,"Ec",32,1,1,1,1,1,1
"589","1325","Ec_N",10,49,49,"Ec",32,1,1,1,1,1,1
"590","1325","Ec_N",10,50,50,"Ec",32,1,1,1,1,1,1
"591","1325","Ec_N",10,51,51,"Ec",32,1,1,1,1,1,1
"592","1325","Ec_N",10,52,52,"Ec",32,1,1,1,1,1,1
"593","1325","Ec_N",10,53,53,"Ec",32,1,1,1,1,1,1
"594","1325","Ec_N",10,54,54,"Ec",32,1,1,1,1,1,1
"595","1325","Ec_N",10,55,55,"Ec",32,1,1,1,1,1,1
"596","1325","Ec_N",10,56,56,"Ec",32,1,1,1,1,1,1
"597","1325","Ec_N",10,57,57,"Ec",32,1,1,1,1,1,1
"598","1325","Ec_N",10,58,58,"Ec",32,1,1,1,1,1,1
"599","1325","Ec_N",10,59,59,"Ec",32,1,1,1,1,1,1
"600","1325","Ec_N",10,60,60,"Ec",32,1,1,1,1,1,1
"601","1325","Ec_N",11,1,1,"Ec",1,0,0,0,0,0,0
"602","1325","Ec_N",11,2,2,"Ec",1,0,0,0,0,0,0
"603","1325","Ec_N",11,3,3,"Ec",1,0,0,0,0,0,0
"604","1325","Ec_N",11,4,4,"Ec",1,0,0,0,0,0,0
"605","1325","Ec_N",11,5,5,"Ec",5,0,0,1,0,0,0.159629028452195
"606","1325","Ec_N",11,6,6,"Ec",6,1,0,1,0,0,0.466851274556594
"607","1325","Ec_N",11,7,7,"Ec",6,1,0,1,0,0,0.466851274556594
"608","1325","Ec_N",11,8,8,"Ec",22,1,0,1,0,1,0.530537219791945
"609","1325","Ec_N",11,9,9,"Ec",22,1,0,1,0,1,0.530537219791945
"610","1325","Ec_N",11,10,10,"Ec",22,1,0,1,0,1,0.530537219791945
"611","1325","Ec_N",11,11,11,"Ec",22,1,0,1,0,1,0.530537219791945
"612","1325","Ec_N",11,12,12,"Ec",22,1,0,1,0,1,0.530537219791945
"613","1325","Ec_N",11,13,13,"Ec",22,1,0,1,0,1,0.530537219791945
"614","1325","Ec_N",11,14,14,"Ec",22,1,0,1,0,1,0.530537219791945
"615","1325","Ec_N",11,15,15,"Ec",30,1,0,1,1,1,0.579561703752182
"616","1325","Ec_N",11,16,16,"Ec",30,1,0,1,1,1,0.579561703752182
"617","1325","Ec_N",11,17,17,"Ec",30,1,0,1,1,1,0.579561703752182
"618","1325","Ec_N",11,18,18,"Ec",30,1,0,1,1,1,0.579561703752182
"619","1325","Ec_N",11,19,19,"Ec",30,1,0,1,1,1,0.579561703752182
"620","1325","Ec_N",11,20,20,"Ec",30,1,0,1,1,1,0.579561703752182
"621","1325","Ec_N",11,21,21,"Ec",30,1,0,1,1,1,0.579561703752182
"622","1325","Ec_N",11,22,22,"Ec",30,1,0,1,1,1,0.579561703752182
"623","1325","Ec_N",11,23,23,"Ec",30,1,0,1,1,1,0.579561703752182
"624","1325","Ec_N",11,24,24,"Ec",30,1,0,1,1,1,0.579561703752182
"625","1325","Ec_N",11,25,25,"Ec",30,1,0,1,1,1,0.579561703752182
"626","1325","Ec_N",11,26,26,"Ec",30,1,0,1,1,1,0.579561703752182
"627","1325","Ec_N",11,27,27,"Ec",30,1,0,1,1,1,0.579561703752182
"628","1325","Ec_N",11,28,28,"Ec",30,1,0,1,1,1,0.579561703752182
"629","1325","Ec_N",11,29,29,"Ec",30,1,0,1,1,1,0.579561703752182
"630","1325","Ec_N",11,30,30,"Ec",30,1,0,1,1,1,0.579561703752182
"631","1325","Ec_N",11,31,31,"Ec",30,1,0,1,1,1,0.579561703752182
"632","1325","Ec_N",11,32,32,"Ec",30,1,0,1,1,1,0.579561703752182
"633","1325","Ec_N",11,33,33,"Ec",30,1,0,1,1,1,0.579561703752182
"634","1325","Ec_N",11,34,34,"Ec",30,1,0,1,1,1,0.579561703752182
"635","1325","Ec_N",11,35,35,"Ec",30,1,0,1,1,1,0.579561703752182
"636","1325","Ec_N",11,36,36,"Ec",30,1,0,1,1,1,0.579561703752182
"637","1325","Ec_N",11,37,37,"Ec",30,1,0,1,1,1,0.579561703752182
"638","1325","Ec_N",11,38,38,"Ec",30,1,0,1,1,1,0.579561703752182
"639","1325","Ec_N",11,39,39,"Ec",30,1,0,1,1,1,0.579561703752182
"640","1325","Ec_N",11,40,40,"Ec",30,1,0,1,1,1,0.579561703752182
"641","1325","Ec_N",11,41,41,"Ec",30,1,0,1,1,1,0.579561703752182
"642","1325","Ec_N",11,42,42,"Ec",30,1,0,1,1,1,0.579561703752182
"643","1325","Ec_N",11,43,43,"Ec",30,1,0,1,1,1,0.579561703752182
"644","1325","Ec_N",11,44,44,"Ec",30,1,0,1,1,1,0.579561703752182
"645","1325","Ec_N",11,45,45,"Ec",30,1,0,1,1,1,0.579561703752182
"646","1325","Ec_N",11,46,46,"Ec",30,1,0,1,1,1,0.579561703752182
"647","1325","Ec_N",11,47,47,"Ec",30,1,0,1,1,1,0.579561703752182
"648","1325","Ec_N",11,48,48,"Ec",30,1,0,1,1,1,0.579561703752182
"649","1325","Ec_N",11,49,49,"Ec",30,1,0,1,1,1,0.579561703752182
"650","1325","Ec_N",11,50,50,"Ec",30,1,0,1,1,1,0.579561703752182
"651","1325","Ec_N",11,51,51,"Ec",30,1,0,1,1,1,0.579561703752182
"652","1325","Ec_N",11,52,52,"Ec",30,1,0,1,1,1,0.579561703752182
"653","1325","Ec_N",11,53,53,"Ec",30,1,0,1,1,1,0.579561703752182
"654","1325","Ec_N",11,54,54,"Ec",30,1,0,1,1,1,0.579561703752182
"655","1325","Ec_N",11,55,55,"Ec",30,1,0,1,1,1,0.579561703752182
"656","1325","Ec_N",11,56,56,"Ec",30,1,0,1,1,1,0.579561703752182
"657","1325","Ec_N",11,57,57,"Ec",30,1,0,1,1,1,0.579561703752182
"658","1325","Ec_N",11,58,58,"Ec",30,1,0,1,1,1,0.579561703752182
"659","1325","Ec_N",11,59,59,"Ec",30,1,0,1,1,1,0.579561703752182
"660","1325","Ec_N",11,60,60,"Ec",30,1,0,1,1,1,0.579561703752182
"661","1325","Ec_N",12,1,1,"Ec",1,0,0,0,0,0,0
"662","1325","Ec_N",12,2,2,"Ec",2,1,0,0,0,0,0.3072222461044
"663","1325","Ec_N",12,3,3,"Ec",4,1,1,0,0,0,0.727660542352217
"664","1325","Ec_N",12,4,4,"Ec",8,1,1,1,0,0,0.887289570804412
"665","1325","Ec_N",12,5,5,"Ec",8,1,1,1,0,0,0.887289570804412
"666","1325","Ec_N",12,6,6,"Ec",8,1,1,1,0,0,0.887289570804412
"667","1325","Ec_N",12,7,7,"Ec",8,1,1,1,0,0,0.887289570804412
"668","1325","Ec_N",12,8,8,"Ec",8,1,1,1,0,0,0.887289570804412
"669","1325","Ec_N",12,9,9,"Ec",8,1,1,1,0,0,0.887289570804412
"670","1325","Ec_N",12,10,10,"Ec",8,1,1,1,0,0,0.887289570804412
"671","1325","Ec_N",12,11,11,"Ec",8,1,1,1,0,0,0.887289570804412
"672","1325","Ec_N",12,12,12,"Ec",16,1,1,1,1,0,0.93631405476465
"673","1325","Ec_N",12,13,13,"Ec",16,1,1,1,1,0,0.93631405476465
"674","1325","Ec_N",12,14,14,"Ec",16,1,1,1,1,0,0.93631405476465
"675","1325","Ec_N",12,15,15,"Ec",16,1,1,1,1,0,0.93631405476465
"676","1325","Ec_N",12,16,16,"Ec",16,1,1,1,1,0,0.93631405476465
"677","1325","Ec_N",12,17,17,"Ec",16,1,1,1,1,0,0.93631405476465
"678","1325","Ec_N",12,18,18,"Ec",16,1,1,1,1,0,0.93631405476465
"679","1325","Ec_N",12,19,19,"Ec",16,1,1,1,1,0,0.93631405476465
"680","1325","Ec_N",12,20,20,"Ec",16,1,1,1,1,0,0.93631405476465
"681","1325","Ec_N",12,21,21,"Ec",16,1,1,1,1,0,0.93631405476465
"682","1325","Ec_N",12,22,22,"Ec",16,1,1,1,1,0,0.93631405476465
"683","1325","Ec_N",12,23,23,"Ec",16,1,1,1,1,0,0.93631405476465
"684","1325","Ec_N",12,24,24,"Ec",16,1,1,1,1,0,0.93631405476465
"685","1325","Ec_N",12,25,25,"Ec",16,1,1,1,1,0,0.93631405476465
"686","1325","Ec_N",12,26,26,"Ec",16,1,1,1,1,0,0.93631405476465
"687","1325","Ec_N",12,27,27,"Ec",16,1,1,1,1,0,0.93631405476465
"688","1325","Ec_N",12,28,28,"Ec",32,1,1,1,1,1,1
"689","1325","Ec_N",12,29,29,"Ec",32,1,1,1,1,1,1
"690","1325","Ec_N",12,30,30,"Ec",32,1,1,1,1,1,1
"691","1325","Ec_N",12,31,31,"Ec",32,1,1,1,1,1,1
"692","1325","Ec_N",12,32,32,"Ec",32,1,1,1,1,1,1
"693","1325","Ec_N",12,33,33,"Ec",32,1,1,1,1,1,1
"694","1325","Ec_N",12,34,34,"Ec",32,1,1,1,1,1,1
"695","1325","Ec_N",12,35,35,"Ec",32,1,1,1,1,1,1
"696","1325","Ec_N",12,36,36,"Ec",32,1,1,1,1,1,1
"697","1325","Ec_N",12,37,37,"Ec",32,1,1,1,1,1,1
"698","1325","Ec_N",12,38,38,"Ec",32,1,1,1,1,1,1
"699","1325","Ec_N",12,39,39,"Ec",32,1,1,1,1,1,1
"700","1325","Ec_N",12,40,40,"Ec",32,1,1,1,1,1,1
"701","1325","Ec_N",12,41,41,"Ec",32,1,1,1,1,1,1
"702","1325","Ec_N",12,42,42,"Ec",32,1,1,1,1,1,1
"703","1325","Ec_N",12,43,43,"Ec",32,1,1,1,1,1,1
"704","1325","Ec_N",12,44,44,"Ec",32,1,1,1,1,1,1
"705","1325","Ec_N",12,45,45,"Ec",32,1,1,1,1,1,1
"706","1325","Ec_N",12,46,46,"Ec",32,1,1,1,1,1,1
"707","1325","Ec_N",12,47,47,"Ec",32,1,1,1,1,1,1
"708","1325","Ec_N",12,48,48,"Ec",32,1,1,1,1,1,1
"709","1325","Ec_N",12,49,49,"Ec",32,1,1,1,1,1,1
"710","1325","Ec_N",12,50,50,"Ec",32,1,1,1,1,1,1
"711","1325","Ec_N",12,51,51,"Ec",32,1,1,1,1,1,1
"712","1325","Ec_N",12,52,52,"Ec",32,1,1,1,1,1,1
"713","1325","Ec_N",12,53,53,"Ec",32,1,1,1,1,1,1
"714","1325","Ec_N",12,54,54,"Ec",32,1,1,1,1,1,1
"715","1325","Ec_N",12,55,55,"Ec",32,1,1,1,1,1,1
"716","1325","Ec_N",12,56,56,"Ec",32,1,1,1,1,1,1
"717","1325","Ec_N",12,57,57,"Ec",32,1,1,1,1,1,1
"718","1325","Ec_N",12,58,58,"Ec",32,1,1,1,1,1,1
"719","1325","Ec_N",12,59,59,"Ec",32,1,1,1,1,1,1
"720","1325","Ec_N",12,60,60,"Ec",32,1,1,1,1,1,1
"721","1325","Ec_N",13,1,1,"Ec",1,0,0,0,0,0,0
"722","1325","Ec_N",13,2,2,"Ec",1,0,0,0,0,0,0
"723","1325","Ec_N",13,3,3,"Ec",1,0,0,0,0,0,0
"724","1325","Ec_N",13,4,4,"Ec",1,0,0,0,0,0,0
"725","1325","Ec_N",13,5,5,"Ec",1,0,0,0,0,0,0
"726","1325","Ec_N",13,6,6,"Ec",1,0,0,0,0,0,0
"727","1325","Ec_N",13,7,7,"Ec",1,0,0,0,0,0,0
"728","1325","Ec_N",13,8,8,"Ec",9,0,0,0,1,0,0.0490244839602376
"729","1325","Ec_N",13,9,9,"Ec",9,0,0,0,1,0,0.0490244839602376
"730","1325","Ec_N",13,10,10,"Ec",9,0,0,0,1,0,0.0490244839602376
"731","1325","Ec_N",13,11,11,"Ec",9,0,0,0,1,0,0.0490244839602376
"732","1325","Ec_N",13,12,12,"Ec",25,0,0,0,1,1,0.112710429195588
"733","1325","Ec_N",13,13,13,"Ec",29,0,0,1,1,1,0.272339457647783
"734","1325","Ec_N",13,14,14,"Ec",31,0,1,1,1,1,0.6927777538956
"735","1325","Ec_N",13,15,15,"Ec",31,0,1,1,1,1,0.6927777538956
"736","1325","Ec_N",13,16,16,"Ec",31,0,1,1,1,1,0.6927777538956
"737","1325","Ec_N",13,17,17,"Ec",31,0,1,1,1,1,0.6927777538956
"738","1325","Ec_N",13,18,18,"Ec",31,0,1,1,1,1,0.6927777538956
"739","1325","Ec_N",13,19,19,"Ec",31,0,1,1,1,1,0.6927777538956
"740","1325","Ec_N",13,20,20,"Ec",31,0,1,1,1,1,0.6927777538956
"741","1325","Ec_N",13,21,21,"Ec",31,0,1,1,1,1,0.6927777538956
"742","1325","Ec_N",13,22,22,"Ec",31,0,1,1,1,1,0.6927777538956
"743","1325","Ec_N",13,23,23,"Ec",31,0,1,1,1,1,0.6927777538956
"744","1325","Ec_N",13,24,24,"Ec",31,0,1,1,1,1,0.6927777538956
"745","1325","Ec_N",13,25,25,"Ec",31,0,1,1,1,1,0.6927777538956
"746","1325","Ec_N",13,26,26,"Ec",31,0,1,1,1,1,0.6927777538956
"747","1325","Ec_N",13,27,27,"Ec",31,0,1,1,1,1,0.6927777538956
"748","1325","Ec_N",13,28,28,"Ec",31,0,1,1,1,1,0.6927777538956
"749","1325","Ec_N",13,29,29,"Ec",31,0,1,1,1,1,0.6927777538956
"750","1325","Ec_N",13,30,30,"Ec",32,1,1,1,1,1,1
"751","1325","Ec_N",13,31,31,"Ec",32,1,1,1,1,1,1
"752","1325","Ec_N",13,32,32,"Ec",32,1,1,1,1,1,1
"753","1325","Ec_N",13,33,33,"Ec",32,1,1,1,1,1,1
"754","1325","Ec_N",13,34,34,"Ec",32,1,1,1,1,1,1
"755","1325","Ec_N",13,35,35,"Ec",32,1,1,1,1,1,1
"756","1325","Ec_N",13,36,36,"Ec",32,1,1,1,1,1,1
"757","1325","Ec_N",13,37,37,"Ec",32,1,1,1,1,1,1
"758","1325","Ec_N",13,38,38,"Ec",32,1,1,1,1,1,1
"759","1325","Ec_N",13,39,39,"Ec",32,1,1,1,1,1,1
"760","1325","Ec_N",13,40,40,"Ec",32,1,1,1,1,1,1
"761","1325","Ec_N",13,41,41,"Ec",32,1,1,1,1,1,1
"762","1325","Ec_N",13,42,42,"Ec",32,1,1,1,1,1,1
"763","1325","Ec_N",13,43,43,"Ec",32,1,1,1,1,1,1
"764","1325","Ec_N",13,44,44,"Ec",32,1,1,1,1,1,1
"765","1325","Ec_N",13,45,45,"Ec",32,1,1,1,1,1,1
"766","1325","Ec_N",13,46,46,"Ec",32,1,1,1,1,1,1
"767","1325","Ec_N",13,47,47,"Ec",32,1,1,1,1,1,1
"768","1325","Ec_N",13,48,48,"Ec",32,1,1,1,1,1,1
"769","1325","Ec_N",13,49,49,"Ec",32,1,1,1,1,1,1
"770","1325","Ec_N",13,50,50,"Ec",32,1,1,1,1,1,1
"771","1325","Ec_N",13,51,51,"Ec",32,1,1,1,1,1,1
"772","1325","Ec_N",13,52,52,"Ec",32,1,1,1,1,1,1
"773","1325","Ec_N",13,53,53,"Ec",32,1,1,1,1,1,1
"774","1325","Ec_N",13,54,54,"Ec",32,1,1,1,1,1,1
"775","1325","Ec_N",13,55,55,"Ec",32,1,1,1,1,1,1
"776","1325","Ec_N",13,56,56,"Ec",32,1,1,1,1,1,1
"777","1325","Ec_N",13,57,57,"Ec",32,1,1,1,1,1,1
"778","1325","Ec_N",13,58,58,"Ec",32,1,1,1,1,1,1
"779","1325","Ec_N",13,59,59,"Ec",32,1,1,1,1,1,1
"780","1325","Ec_N",13,60,60,"Ec",32,1,1,1,1,1,1
"781","1325","Ec_N",14,1,1,"Ec",1,0,0,0,0,0,0
"782","1325","Ec_N",14,2,2,"Ec",1,0,0,0,0,0,0
"783","1325","Ec_N",14,3,3,"Ec",1,0,0,0,0,0,0
"784","1325","Ec_N",14,4,4,"Ec",2,1,0,0,0,0,0.3072222461044
"785","1325","Ec_N",14,5,5,"Ec",2,1,0,0,0,0,0.3072222461044
"786","1325","Ec_N",14,6,6,"Ec",10,1,0,0,1,0,0.356246730064637
"787","1325","Ec_N",14,7,7,"Ec",12,1,1,0,1,0,0.776685026312455
"788","1325","Ec_N",14,8,8,"Ec",12,1,1,0,1,0,0.776685026312455
"789","1325","Ec_N",14,9,9,"Ec",16,1,1,1,1,0,0.93631405476465
"790","1325","Ec_N",14,10,10,"Ec",16,1,1,1,1,0,0.93631405476465
"791","1325","Ec_N",14,11,11,"Ec",16,1,1,1,1,0,0.93631405476465
"792","1325","Ec_N",14,12,12,"Ec",16,1,1,1,1,0,0.93631405476465
"793","1325","Ec_N",14,13,13,"Ec",16,1,1,1,1,0,0.93631405476465
"794","1325","Ec_N",14,14,14,"Ec",16,1,1,1,1,0,0.93631405476465
"795","1325","Ec_N",14,15,15,"Ec",16,1,1,1,1,0,0.93631405476465
"796","1325","Ec_N",14,16,16,"Ec",16,1,1,1,1,0,0.93631405476465
"797","1325","Ec_N",14,17,17,"Ec",16,1,1,1,1,0,0.93631405476465
"798","1325","Ec_N",14,18,18,"Ec",16,1,1,1,1,0,0.93631405476465
"799","1325","Ec_N",14,19,19,"Ec",16,1,1,1,1,0,0.93631405476465
"800","1325","Ec_N",14,20,20,"Ec",16,1,1,1,1,0,0.93631405476465
"801","1325","Ec_N",14,21,21,"Ec",16,1,1,1,1,0,0.93631405476465
"802","1325","Ec_N",14,22,22,"Ec",16,1,1,1,1,0,0.93631405476465
"803","1325","Ec_N",14,23,23,"Ec",16,1,1,1,1,0,0.93631405476465
"804","1325","Ec_N",14,24,24,"Ec",16,1,1,1,1,0,0.93631405476465
"805","1325","Ec_N",14,25,25,"Ec",32,1,1,1,1,1,1
"806","1325","Ec_N",14,26,26,"Ec",32,1,1,1,1,1,1
"807","1325","Ec_N",14,27,27,"Ec",32,1,1,1,1,1,1
"808","1325","Ec_N",14,28,28,"Ec",32,1,1,1,1,1,1
"809","1325","Ec_N",14,29,29,"Ec",32,1,1,1,1,1,1
"810","1325","Ec_N",14,30,30,"Ec",32,1,1,1,1,1,1
"811","1325","Ec_N",14,31,31,"Ec",32,1,1,1,1,1,1
"812","1325","Ec_N",14,32,32,"Ec",32,1,1,1,1,1,1
"813","1325","Ec_N",14,33,33,"Ec",32,1,1,1,1,1,1
"814","1325","Ec_N",14,34,34,"Ec",32,1,1,1,1,1,1
"815","1325","Ec_N",14,35,35,"Ec",32,1,1,1,1,1,1
"816","1325","Ec_N",14,36,36,"Ec",32,1,1,1,1,1,1
"817","1325","Ec_N",14,37,37,"Ec",32,1,1,1,1,1,1
"818","1325","Ec_N",14,38,38,"Ec",32,1,1,1,1,1,1
"819","1325","Ec_N",14,39,39,"Ec",32,1,1,1,1,1,1
"820","1325","Ec_N",14,40,40,"Ec",32,1,1,1,1,1,1
"821","1325","Ec_N",14,41,41,"Ec",32,1,1,1,1,1,1
"822","1325","Ec_N",14,42,42,"Ec",32,1,1,1,1,1,1
"823","1325","Ec_N",14,43,43,"Ec",32,1,1,1,1,1,1
"824","1325","Ec_N",14,44,44,"Ec",32,1,1,1,1,1,1
"825","1325","Ec_N",14,45,45,"Ec",32,1,1,1,1,1,1
"826","1325","Ec_N",14,46,46,"Ec",32,1,1,1,1,1,1
"827","1325","Ec_N",14,47,47,"Ec",32,1,1,1,1,1,1
"828","1325","Ec_N",14,48,48,"Ec",32,1,1,1,1,1,1
"829","1325","Ec_N",14,49,49,"Ec",32,1,1,1,1,1,1
"830","1325","Ec_N",14,50,50,"Ec",32,1,1,1,1,1,1
"831","1325","Ec_N",14,51,51,"Ec",32,1,1,1,1,1,1
"832","1325","Ec_N",14,52,52,"Ec",32,1,1,1,1,1,1
"833","1325","Ec_N",14,53,53,"Ec",32,1,1,1,1,1,1
"834","1325","Ec_N",14,54,54,"Ec",32,1,1,1,1,1,1
"835","1325","Ec_N",14,55,55,"Ec",32,1,1,1,1,1,1
"836","1325","Ec_N",14,56,56,"Ec",32,1,1,1,1,1,1
"837","1325","Ec_N",14,57,57,"Ec",32,1,1,1,1,1,1
"838","1325","Ec_N",14,58,58,"Ec",32,1,1,1,1,1,1
"839","1325","Ec_N",14,59,59,"Ec",32,1,1,1,1,1,1
"840","1325","Ec_N",14,60,60,"Ec",32,1,1,1,1,1,1
"841","1325","Ec_N",15,1,1,"Ec",1,0,0,0,0,0,0
"842","1325","Ec_N",15,2,2,"Ec",2,1,0,0,0,0,0.3072222461044
"843","1325","Ec_N",15,3,3,"Ec",2,1,0,0,0,0,0.3072222461044
"844","1325","Ec_N",15,4,4,"Ec",2,1,0,0,0,0,0.3072222461044
"845","1325","Ec_N",15,5,5,"Ec",18,1,0,0,0,1,0.37090819133975
"846","1325","Ec_N",15,6,6,"Ec",18,1,0,0,0,1,0.37090819133975
"847","1325","Ec_N",15,7,7,"Ec",18,1,0,0,0,1,0.37090819133975
"848","1325","Ec_N",15,8,8,"Ec",18,1,0,0,0,1,0.37090819133975
"849","1325","Ec_N",15,9,9,"Ec",18,1,0,0,0,1,0.37090819133975
"850","1325","Ec_N",15,10,10,"Ec",18,1,0,0,0,1,0.37090819133975
"851","1325","Ec_N",15,11,11,"Ec",18,1,0,0,0,1,0.37090819133975
"852","1325","Ec_N",15,12,12,"Ec",26,1,0,0,1,1,0.419932675299988
"853","1325","Ec_N",15,13,13,"Ec",26,1,0,0,1,1,0.419932675299988
"854","1325","Ec_N",15,14,14,"Ec",26,1,0,0,1,1,0.419932675299988
"855","1325","Ec_N",15,15,15,"Ec",30,1,0,1,1,1,0.579561703752182
"856","1325","Ec_N",15,16,16,"Ec",30,1,0,1,1,1,0.579561703752182
"857","1325","Ec_N",15,17,17,"Ec",30,1,0,1,1,1,0.579561703752182
"858","1325","Ec_N",15,18,18,"Ec",30,1,0,1,1,1,0.579561703752182
"859","1325","Ec_N",15,19,19,"Ec",32,1,1,1,1,1,1
"860","1325","Ec_N",15,20,20,"Ec",32,1,1,1,1,1,1
"861","1325","Ec_N",15,21,21,"Ec",32,1,1,1,1,1,1
"862","1325","Ec_N",15,22,22,"Ec",32,1,1,1,1,1,1
"863","1325","Ec_N",15,23,23,"Ec",32,1,1,1,1,1,1
"864","1325","Ec_N",15,24,24,"Ec",32,1,1,1,1,1,1
"865","1325","Ec_N",15,25,25,"Ec",32,1,1,1,1,1,1
"866","1325","Ec_N",15,26,26,"Ec",32,1,1,1,1,1,1
"867","1325","Ec_N",15,27,27,"Ec",32,1,1,1,1,1,1
"868","1325","Ec_N",15,28,28,"Ec",32,1,1,1,1,1,1
"869","1325","Ec_N",15,29,29,"Ec",32,1,1,1,1,1,1
"870","1325","Ec_N",15,30,30,"Ec",32,1,1,1,1,1,1
"871","1325","Ec_N",15,31,31,"Ec",32,1,1,1,1,1,1
"872","1325","Ec_N",15,32,32,"Ec",32,1,1,1,1,1,1
"873","1325","Ec_N",15,33,33,"Ec",32,1,1,1,1,1,1
"874","1325","Ec_N",15,34,34,"Ec",32,1,1,1,1,1,1
"875","1325","Ec_N",15,35,35,"Ec",32,1,1,1,1,1,1
"876","1325","Ec_N",15,36,36,"Ec",32,1,1,1,1,1,1
"877","1325","Ec_N",15,37,37,"Ec",32,1,1,1,1,1,1
"878","1325","Ec_N",15,38,38,"Ec",32,1,1,1,1,1,1
"879","1325","Ec_N",15,39,39,"Ec",32,1,1,1,1,1,1
"880","1325","Ec_N",15,40,40,"Ec",32,1,1,1,1,1,1
"881","1325","Ec_N",15,41,41,"Ec",32,1,1,1,1,1,1
"882","1325","Ec_N",15,42,42,"Ec",32,1,1,1,1,1,1
"883","1325","Ec_N",15,43,43,"Ec",32,1,1,1,1,1,1
"884","1325","Ec_N",15,44,44,"Ec",32,1,1,1,1,1,1
"885","1325","Ec_N",15,45,45,"Ec",32,1,1,1,1,1,1
"886","1325","Ec_N",15,46,46,"Ec",32,1,1,1,1,1,1
"887","1325","Ec_N",15,47,47,"Ec",32,1,1,1,1,1,1
"888","1325","Ec_N",15,48,48,"Ec",32,1,1,1,1,1,1
"889","1325","Ec_N",15,49,49,"Ec",32,1,1,1,1,1,1
"890","1325","Ec_N",15,50,50,"Ec",32,1,1,1,1,1,1
"891","1325","Ec_N",15,51,51,"Ec",32,1,1,1,1,1,1
"892","1325","Ec_N",15,52,52,"Ec",32,1,1,1,1,1,1
"893","1325","Ec_N",15,53,53,"Ec",32,1,1,1,1,1,1
"894","1325","Ec_N",15,54,54,"Ec",32,1,1,1,1,1,1
"895","1325","Ec_N",15,55,55,"Ec",32,1,1,1,1,1,1
"896","1325","Ec_N",15,56,56,"Ec",32,1,1,1,1,1,1
"897","1325","Ec_N",15,57,57,"Ec",32,1,1,1,1,1,1
"898","1325","Ec_N",15,58,58,"Ec",32,1,1,1,1,1,1
"899","1325","Ec_N",15,59,59,"Ec",32,1,1,1,1,1,1
"900","1325","Ec_N",15,60,60,"Ec",32,1,1,1,1,1,1
"901","1325","Ec_N",16,1,1,"Ec",1,0,0,0,0,0,0
"902","1325","Ec_N",16,2,2,"Ec",1,0,0,0,0,0,0
"903","1325","Ec_N",16,3,3,"Ec",1,0,0,0,0,0,0
"904","1325","Ec_N",16,4,4,"Ec",3,0,1,0,0,0,0.420438296247818
"905","1325","Ec_N",16,5,5,"Ec",4,1,1,0,0,0,0.727660542352217
"906","1325","Ec_N",16,6,6,"Ec",8,1,1,1,0,0,0.887289570804412
"907","1325","Ec_N",16,7,7,"Ec",8,1,1,1,0,0,0.887289570804412
"908","1325","Ec_N",16,8,8,"Ec",8,1,1,1,0,0,0.887289570804412
"909","1325","Ec_N",16,9,9,"Ec",8,1,1,1,0,0,0.887289570804412
"910","1325","Ec_N",16,10,10,"Ec",8,1,1,1,0,0,0.887289570804412
"911","1325","Ec_N",16,11,11,"Ec",8,1,1,1,0,0,0.887289570804412
"912","1325","Ec_N",16,12,12,"Ec",8,1,1,1,0,0,0.887289570804412
"913","1325","Ec_N",16,13,13,"Ec",8,1,1,1,0,0,0.887289570804412
"914","1325","Ec_N",16,14,14,"Ec",8,1,1,1,0,0,0.887289570804412
"915","1325","Ec_N",16,15,15,"Ec",8,1,1,1,0,0,0.887289570804412
"916","1325","Ec_N",16,16,16,"Ec",8,1,1,1,0,0,0.887289570804412
"917","1325","Ec_N",16,17,17,"Ec",8,1,1,1,0,0,0.887289570804412
"918","1325","Ec_N",16,18,18,"Ec",8,1,1,1,0,0,0.887289570804412
"919","1325","Ec_N",16,19,19,"Ec",8,1,1,1,0,0,0.887289570804412
"920","1325","Ec_N",16,20,20,"Ec",16,1,1,1,1,0,0.93631405476465
"921","1325","Ec_N",16,21,21,"Ec",16,1,1,1,1,0,0.93631405476465
"922","1325","Ec_N",16,22,22,"Ec",16,1,1,1,1,0,0.93631405476465
"923","1325","Ec_N",16,23,23,"Ec",16,1,1,1,1,0,0.93631405476465
"924","1325","Ec_N",16,24,24,"Ec",16,1,1,1,1,0,0.93631405476465
"925","1325","Ec_N",16,25,25,"Ec",16,1,1,1,1,0,0.93631405476465
"926","1325","Ec_N",16,26,26,"Ec",16,1,1,1,1,0,0.93631405476465
"927","1325","Ec_N",16,27,27,"Ec",16,1,1,1,1,0,0.93631405476465
"928","1325","Ec_N",16,28,28,"Ec",16,1,1,1,1,0,0.93631405476465
"929","1325","Ec_N",16,29,29,"Ec",16,1,1,1,1,0,0.93631405476465
"930","1325","Ec_N",16,30,30,"Ec",16,1,1,1,1,0,0.93631405476465
"931","1325","Ec_N",16,31,31,"Ec",16,1,1,1,1,0,0.93631405476465
"932","1325","Ec_N",16,32,32,"Ec",16,1,1,1,1,0,0.93631405476465
"933","1325","Ec_N",16,33,33,"Ec",16,1,1,1,1,0,0.93631405476465
"934","1325","Ec_N",16,34,34,"Ec",16,1,1,1,1,0,0.93631405476465
"935","1325","Ec_N",16,35,35,"Ec",16,1,1,1,1,0,0.93631405476465
"936","1325","Ec_N",16,36,36,"Ec",16,1,1,1,1,0,0.93631405476465
"937","1325","Ec_N",16,37,37,"Ec",16,1,1,1,1,0,0.93631405476465
"938","1325","Ec_N",16,38,38,"Ec",16,1,1,1,1,0,0.93631405476465
"939","1325","Ec_N",16,39,39,"Ec",16,1,1,1,1,0,0.93631405476465
"940","1325","Ec_N",16,40,40,"Ec",16,1,1,1,1,0,0.93631405476465
"941","1325","Ec_N",16,41,41,"Ec",32,1,1,1,1,1,1
"942","1325","Ec_N",16,42,42,"Ec",32,1,1,1,1,1,1
"943","1325","Ec_N",16,43,43,"Ec",32,1,1,1,1,1,1
"944","1325","Ec_N",16,44,44,"Ec",32,1,1,1,1,1,1
"945","1325","Ec_N",16,45,45,"Ec",32,1,1,1,1,1,1
"946","1325","Ec_N",16,46,46,"Ec",32,1,1,1,1,1,1
"947","1325","Ec_N",16,47,47,"Ec",32,1,1,1,1,1,1
"948","1325","Ec_N",16,48,48,"Ec",32,1,1,1,1,1,1
"949","1325","Ec_N",16,49,49,"Ec",32,1,1,1,1,1,1
"950","1325","Ec_N",16,50,50,"Ec",32,1,1,1,1,1,1
"951","1325","Ec_N",16,51,51,"Ec",32,1,1,1,1,1,1
"952","1325","Ec_N",16,52,52,"Ec",32,1,1,1,1,1,1
"953","1325","Ec_N",16,53,53,"Ec",32,1,1,1,1,1,1
"954","1325","Ec_N",16,54,54,"Ec",32,1,1,1,1,1,1
"955","1325","Ec_N",16,55,55,"Ec",32,1,1,1,1,1,1
"956","1325","Ec_N",16,56,56,"Ec",32,1,1,1,1,1,1
"957","1325","Ec_N",16,57,57,"Ec",32,1,1,1,1,1,1
"958","1325","Ec_N",16,58,58,"Ec",32,1,1,1,1,1,1
"959","1325","Ec_N",16,59,59,"Ec",32,1,1,1,1,1,1
"960","1325","Ec_N",16,60,60,"Ec",32,1,1,1,1,1,1
"961","1325","Ec_N",17,1,1,"Ec",1,0,0,0,0,0,0
"962","1325","Ec_N",17,2,2,"Ec",1,0,0,0,0,0,0
"963","1325","Ec_N",17,3,3,"Ec",1,0,0,0,0,0,0
"964","1325","Ec_N",17,4,4,"Ec",5,0,0,1,0,0,0.159629028452195
"965","1325","Ec_N",17,5,5,"Ec",5,0,0,1,0,0,0.159629028452195
"966","1325","Ec_N",17,6,6,"Ec",6,1,0,1,0,0,0.466851274556594
"967","1325","Ec_N",17,7,7,"Ec",6,1,0,1,0,0,0.466851274556594
"968","1325","Ec_N",17,8,8,"Ec",6,1,0,1,0,0,0.466851274556594
"969","1325","Ec_N",17,9,9,"Ec",22,1,0,1,0,1,0.530537219791945
"970","1325","Ec_N",17,10,10,"Ec",22,1,0,1,0,1,0.530537219791945
"971","1325","Ec_N",17,11,11,"Ec",30,1,0,1,1,1,0.579561703752182
"972","1325","Ec_N",17,12,12,"Ec",30,1,0,1,1,1,0.579561703752182
"973","1325","Ec_N",17,13,13,"Ec",30,1,0,1,1,1,0.579561703752182
"974","1325","Ec_N",17,14,14,"Ec",30,1,0,1,1,1,0.579561703752182
"975","1325","Ec_N",17,15,15,"Ec",30,1,0,1,1,1,0.579561703752182
"976","1325","Ec_N",17,16,16,"Ec",30,1,0,1,1,1,0.579561703752182
"977","1325","Ec_N",17,17,17,"Ec",30,1,0,1,1,1,0.579561703752182
"978","1325","Ec_N",17,18,18,"Ec",30,1,0,1,1,1,0.579561703752182
"979","1325","Ec_N",17,19,19,"Ec",30,1,0,1,1,1,0.579561703752182
"980","1325","Ec_N",17,20,20,"Ec",30,1,0,1,1,1,0.579561703752182
"981","1325","Ec_N",17,21,21,"Ec",30,1,0,1,1,1,0.579561703752182
"982","1325","Ec_N",17,22,22,"Ec",30,1,0,1,1,1,0.579561703752182
"983","1325","Ec_N",17,23,23,"Ec",32,1,1,1,1,1,1
"984","1325","Ec_N",17,24,24,"Ec",32,1,1,1,1,1,1
"985","1325","Ec_N",17,25,25,"Ec",32,1,1,1,1,1,1
"986","1325","Ec_N",17,26,26,"Ec",32,1,1,1,1,1,1
"987","1325","Ec_N",17,27,27,"Ec",32,1,1,1,1,1,1
"988","1325","Ec_N",17,28,28,"Ec",32,1,1,1,1,1,1
"989","1325","Ec_N",17,29,29,"Ec",32,1,1,1,1,1,1
"990","1325","Ec_N",17,30,30,"Ec",32,1,1,1,1,1,1
"991","1325","Ec_N",17,31,31,"Ec",32,1,1,1,1,1,1
"992","1325","Ec_N",17,32,32,"Ec",32,1,1,1,1,1,1
"993","1325","Ec_N",17,33,33,"Ec",32,1,1,1,1,1,1
"994","1325","Ec_N",17,34,34,"Ec",32,1,1,1,1,1,1
"995","1325","Ec_N",17,35,35,"Ec",32,1,1,1,1,1,1
"996","1325","Ec_N",17,36,36,"Ec",32,1,1,1,1,1,1
"997","1325","Ec_N",17,37,37,"Ec",32,1,1,1,1,1,1
"998","1325","Ec_N",17,38,38,"Ec",32,1,1,1,1,1,1
"999","1325","Ec_N",17,39,39,"Ec",32,1,1,1,1,1,1
"1000","1325","Ec_N",17,40,40,"Ec",32,1,1,1,1,1,1
"1001","1325","Ec_N",17,41,41,"Ec",32,1,1,1,1,1,1
"1002","1325","Ec_N",17,42,42,"Ec",32,1,1,1,1,1,1
"1003","1325","Ec_N",17,43,43,"Ec",32,1,1,1,1,1,1
"1004","1325","Ec_N",17,44,44,"Ec",32,1,1,1,1,1,1
"1005","1325","Ec_N",17,45,45,"Ec",32,1,1,1,1,1,1
"1006","1325","Ec_N",17,46,46,"Ec",32,1,1,1,1,1,1
"1007","1325","Ec_N",17,47,47,"Ec",32,1,1,1,1,1,1
"1008","1325","Ec_N",17,48,48,"Ec",32,1,1,1,1,1,1
"1009","1325","Ec_N",17,49,49,"Ec",32,1,1,1,1,1,1
"1010","1325","Ec_N",17,50,50,"Ec",32,1,1,1,1,1,1
"1011","1325","Ec_N",17,51,51,"Ec",32,1,1,1,1,1,1
"1012","1325","Ec_N",17,52,52,"Ec",32,1,1,1,1,1,1
"1013","1325","Ec_N",17,53,53,"Ec",32,1,1,1,1,1,1
"1014","1325","Ec_N",17,54,54,"Ec",32,1,1,1,1,1,1
"1015","1325","Ec_N",17,55,55,"Ec",32,1,1,1,1,1,1
"1016","1325","Ec_N",17,56,56,"Ec",32,1,1,1,1,1,1
"1017","1325","Ec_N",17,57,57,"Ec",32,1,1,1,1,1,1
"1018","1325","Ec_N",17,58,58,"Ec",32,1,1,1,1,1,1
"1019","1325","Ec_N",17,59,59,"Ec",32,1,1,1,1,1,1
"1020","1325","Ec_N",17,60,60,"Ec",32,1,1,1,1,1,1
"1021","1325","Ec_N",18,1,1,"Ec",1,0,0,0,0,0,0
"1022","1325","Ec_N",18,2,2,"Ec",1,0,0,0,0,0,0
"1023","1325","Ec_N",18,3,3,"Ec",1,0,0,0,0,0,0
"1024","1325","Ec_N",18,4,4,"Ec",9,0,0,0,1,0,0.0490244839602376
"1025","1325","Ec_N",18,5,5,"Ec",9,0,0,0,1,0,0.0490244839602376
"1026","1325","Ec_N",18,6,6,"Ec",11,0,1,0,1,0,0.503461616060769
"1027","1325","Ec_N",18,7,7,"Ec",11,0,1,0,1,0,0.503461616060769
"1028","1325","Ec_N",18,8,8,"Ec",11,0,1,0,1,0,0.503461616060769
"1029","1325","Ec_N",18,9,9,"Ec",11,0,1,0,1,0,0.503461616060769
"1030","1325","Ec_N",18,10,10,"Ec",11,0,1,0,1,0,0.503461616060769
"1031","1325","Ec_N",18,11,11,"Ec",11,0,1,0,1,0,0.503461616060769
"1032","1325","Ec_N",18,12,12,"Ec",11,0,1,0,1,0,0.503461616060769
"1033","1325","Ec_N",18,13,13,"Ec",11,0,1,0,1,0,0.503461616060769
"1034","1325","Ec_N",18,14,14,"Ec",27,0,1,0,1,1,0.533148725443406
"1035","1325","Ec_N",18,15,15,"Ec",27,0,1,0,1,1,0.533148725443406
"1036","1325","Ec_N",18,16,16,"Ec",27,0,1,0,1,1,0.533148725443406
"1037","1325","Ec_N",18,17,17,"Ec",27,0,1,0,1,1,0.533148725443406
"1038","1325","Ec_N",18,18,18,"Ec",27,0,1,0,1,1,0.533148725443406
"1039","1325","Ec_N",18,19,19,"Ec",27,0,1,0,1,1,0.533148725443406
"1040","1325","Ec_N",18,20,20,"Ec",27,0,1,0,1,1,0.533148725443406
"1041","1325","Ec_N",18,21,21,"Ec",31,0,1,1,1,1,0.6927777538956
"1042","1325","Ec_N",18,22,22,"Ec",31,0,1,1,1,1,0.6927777538956
"1043","1325","Ec_N",18,23,23,"Ec",31,0,1,1,1,1,0.6927777538956
"1044","1325","Ec_N",18,24,24,"Ec",31,0,1,1,1,1,0.6927777538956
"1045","1325","Ec_N",18,25,25,"Ec",31,0,1,1,1,1,0.6927777538956
"1046","1325","Ec_N",18,26,26,"Ec",31,0,1,1,1,1,0.6927777538956
"1047","1325","Ec_N",18,27,27,"Ec",31,0,1,1,1,1,0.6927777538956
"1048","1325","Ec_N",18,28,28,"Ec",31,0,1,1,1,1,0.6927777538956
"1049","1325","Ec_N",18,29,29,"Ec",31,0,1,1,1,1,0.6927777538956
"1050","1325","Ec_N",18,30,30,"Ec",31,0,1,1,1,1,0.6927777538956
"1051","1325","Ec_N",18,31,31,"Ec",31,0,1,1,1,1,0.6927777538956
"1052","1325","Ec_N",18,32,32,"Ec",31,0,1,1,1,1,0.6927777538956
"1053","1325","Ec_N",18,33,33,"Ec",31,0,1,1,1,1,0.6927777538956
"1054","1325","Ec_N",18,34,34,"Ec",31,0,1,1,1,1,0.6927777538956
"1055","1325","Ec_N",18,35,35,"Ec",31,0,1,1,1,1,0.6927777538956
"1056","1325","Ec_N",18,36,36,"Ec",31,0,1,1,1,1,0.6927777538956
"1057","1325","Ec_N",18,37,37,"Ec",31,0,1,1,1,1,0.6927777538956
"1058","1325","Ec_N",18,38,38,"Ec",32,1,1,1,1,1,1
"1059","1325","Ec_N",18,39,39,"Ec",32,1,1,1,1,1,1
"1060","1325","Ec_N",18,40,40,"Ec",32,1,1,1,1,1,1
"1061","1325","Ec_N",18,41,41,"Ec",32,1,1,1,1,1,1
"1062","1325","Ec_N",18,42,42,"Ec",32,1,1,1,1,1,1
"1063","1325","Ec_N",18,43,43,"Ec",32,1,1,1,1,1,1
"1064","1325","Ec_N",18,44,44,"Ec",32,1,1,1,1,1,1
"1065","1325","Ec_N",18,45,45,"Ec",32,1,1,1,1,1,1
"1066","1325","Ec_N",18,46,46,"Ec",32,1,1,1,1,1,1
"1067","1325","Ec_N",18,47,47,"Ec",32,1,1,1,1,1,1
"1068","1325","Ec_N",18,48,48,"Ec",32,1,1,1,1,1,1
"1069","1325","Ec_N",18,49,49,"Ec",32,1,1,1,1,1,1
"1070","1325","Ec_N",18,50,50,"Ec",32,1,1,1,1,1,1
"1071","1325","Ec_N",18,51,51,"Ec",32,1,1,1,1,1,1
"1072","1325","Ec_N",18,52,52,"Ec",32,1,1,1,1,1,1
"1073","1325","Ec_N",18,53,53,"Ec",32,1,1,1,1,1,1
"1074","1325","Ec_N",18,54,54,"Ec",32,1,1,1,1,1,1
"1075","1325","Ec_N",18,55,55,"Ec",32,1,1,1,1,1,1
"1076","1325","Ec_N",18,56,56,"Ec",32,1,1,1,1,1,1
"1077","1325","Ec_N",18,57,57,"Ec",32,1,1,1,1,1,1
"1078","1325","Ec_N",18,58,58,"Ec",32,1,1,1,1,1,1
"1079","1325","Ec_N",18,59,59,"Ec",32,1,1,1,1,1,1
"1080","1325","Ec_N",18,60,60,"Ec",32,1,1,1,1,1,1
"1081","1325","Ec_N",19,1,1,"Ec",1,0,0,0,0,0,0
"1082","1325","Ec_N",19,2,2,"Ec",9,0,0,0,1,0,0.0490244839602376
"1083","1325","Ec_N",19,3,3,"Ec",9,0,0,0,1,0,0.0490244839602376
"1084","1325","Ec_N",19,4,4,"Ec",9,0,0,0,1,0,0.0490244839602376
"1085","1325","Ec_N",19,5,5,"Ec",9,0,0,0,1,0,0.0490244839602376
"1086","1325","Ec_N",19,6,6,"Ec",9,0,0,0,1,0,0.0490244839602376
"1087","1325","Ec_N",19,7,7,"Ec",9,0,0,0,1,0,0.0490244839602376
"1088","1325","Ec_N",19,8,8,"Ec",9,0,0,0,1,0,0.0490244839602376
"1089","1325","Ec_N",19,9,9,"Ec",9,0,0,0,1,0,0.0490244839602376
"1090","1325","Ec_N",19,10,10,"Ec",9,0,0,0,1,0,0.0490244839602376
"1091","1325","Ec_N",19,11,11,"Ec",25,0,0,0,1,1,0.112710429195588
"1092","1325","Ec_N",19,12,12,"Ec",25,0,0,0,1,1,0.112710429195588
"1093","1325","Ec_N",19,13,13,"Ec",25,0,0,0,1,1,0.112710429195588
"1094","1325","Ec_N",19,14,14,"Ec",25,0,0,0,1,1,0.112710429195588
"1095","1325","Ec_N",19,15,15,"Ec",25,0,0,0,1,1,0.112710429195588
"1096","1325","Ec_N",19,16,16,"Ec",27,0,1,0,1,1,0.533148725443406
"1097","1325","Ec_N",19,17,17,"Ec",27,0,1,0,1,1,0.533148725443406
"1098","1325","Ec_N",19,18,18,"Ec",28,1,1,0,1,1,0.815884725734249
"1099","1325","Ec_N",19,19,19,"Ec",28,1,1,0,1,1,0.815884725734249
"1100","1325","Ec_N",19,20,20,"Ec",28,1,1,0,1,1,0.815884725734249
"1101","1325","Ec_N",19,21,21,"Ec",28,1,1,0,1,1,0.815884725734249
"1102","1325","Ec_N",19,22,22,"Ec",28,1,1,0,1,1,0.815884725734249
"1103","1325","Ec_N",19,23,23,"Ec",28,1,1,0,1,1,0.815884725734249
"1104","1325","Ec_N",19,24,24,"Ec",28,1,1,0,1,1,0.815884725734249
"1105","1325","Ec_N",19,25,25,"Ec",28,1,1,0,1,1,0.815884725734249
"1106","1325","Ec_N",19,26,26,"Ec",28,1,1,0,1,1,0.815884725734249
"1107","1325","Ec_N",19,27,27,"Ec",28,1,1,0,1,1,0.815884725734249
"1108","1325","Ec_N",19,28,28,"Ec",32,1,1,1,1,1,1
"1109","1325","Ec_N",19,29,29,"Ec",32,1,1,1,1,1,1
"1110","1325","Ec_N",19,30,30,"Ec",32,1,1,1,1,1,1
"1111","1325","Ec_N",19,31,31,"Ec",32,1,1,1,1,1,1
"1112","1325","Ec_N",19,32,32,"Ec",32,1,1,1,1,1,1
"1113","1325","Ec_N",19,33,33,"Ec",32,1,1,1,1,1,1
"1114","1325","Ec_N",19,34,34,"Ec",32,1,1,1,1,1,1
"1115","1325","Ec_N",19,35,35,"Ec",32,1,1,1,1,1,1
"1116","1325","Ec_N",19,36,36,"Ec",32,1,1,1,1,1,1
"1117","1325","Ec_N",19,37,37,"Ec",32,1,1,1,1,1,1
"1118","1325","Ec_N",19,38,38,"Ec",32,1,1,1,1,1,1
"1119","1325","Ec_N",19,39,39,"Ec",32,1,1,1,1,1,1
"1120","1325","Ec_N",19,40,40,"Ec",32,1,1,1,1,1,1
"1121","1325","Ec_N",19,41,41,"Ec",32,1,1,1,1,1,1
"1122","1325","Ec_N",19,42,42,"Ec",32,1,1,1,1,1,1
"1123","1325","Ec_N",19,43,43,"Ec",32,1,1,1,1,1,1
"1124","1325","Ec_N",19,44,44,"Ec",32,1,1,1,1,1,1
"1125","1325","Ec_N",19,45,45,"Ec",32,1,1,1,1,1,1
"1126","1325","Ec_N",19,46,46,"Ec",32,1,1,1,1,1,1
"1127","1325","Ec_N",19,47,47,"Ec",32,1,1,1,1,1,1
"1128","1325","Ec_N",19,48,48,"Ec",32,1,1,1,1,1,1
"1129","1325","Ec_N",19,49,49,"Ec",32,1,1,1,1,1,1
"1130","1325","Ec_N",19,50,50,"Ec",32,1,1,1,1,1,1
"1131","1325","Ec_N",19,51,51,"Ec",32,1,1,1,1,1,1
"1132","1325","Ec_N",19,52,52,"Ec",32,1,1,1,1,1,1
"1133","1325","Ec_N",19,53,53,"Ec",32,1,1,1,1,1,1
"1134","1325","Ec_N",19,54,54,"Ec",32,1,1,1,1,1,1
"1135","1325","Ec_N",19,55,55,"Ec",32,1,1,1,1,1,1
"1136","1325","Ec_N",19,56,56,"Ec",32,1,1,1,1,1,1
"1137","1325","Ec_N",19,57,57,"Ec",32,1,1,1,1,1,1
"1138","1325","Ec_N",19,58,58,"Ec",32,1,1,1,1,1,1
"1139","1325","Ec_N",19,59,59,"Ec",32,1,1,1,1,1,1
"1140","1325","Ec_N",19,60,60,"Ec",32,1,1,1,1,1,1
"1141","1325","Ec_N",20,1,1,"Ec",1,0,0,0,0,0,0
"1142","1325","Ec_N",20,2,2,"Ec",1,0,0,0,0,0,0
"1143","1325","Ec_N",20,3,3,"Ec",1,0,0,0,0,0,0
"1144","1325","Ec_N",20,4,4,"Ec",1,0,0,0,0,0,0
"1145","1325","Ec_N",20,5,5,"Ec",1,0,0,0,0,0,0
"1146","1325","Ec_N",20,6,6,"Ec",1,0,0,0,0,0,0
"1147","1325","Ec_N",20,7,7,"Ec",2,1,0,0,0,0,0.3072222461044
"1148","1325","Ec_N",20,8,8,"Ec",2,1,0,0,0,0,0.3072222461044
"1149","1325","Ec_N",20,9,9,"Ec",2,1,0,0,0,0,0.3072222461044
"1150","1325","Ec_N",20,10,10,"Ec",2,1,0,0,0,0,0.3072222461044
"1151","1325","Ec_N",20,11,11,"Ec",2,1,0,0,0,0,0.3072222461044
"1152","1325","Ec_N",20,12,12,"Ec",2,1,0,0,0,0,0.3072222461044
"1153","1325","Ec_N",20,13,13,"Ec",2,1,0,0,0,0,0.3072222461044
"1154","1325","Ec_N",20,14,14,"Ec",6,1,0,1,0,0,0.466851274556594
"1155","1325","Ec_N",20,15,15,"Ec",6,1,0,1,0,0,0.466851274556594
"1156","1325","Ec_N",20,16,16,"Ec",22,1,0,1,0,1,0.530537219791945
"1157","1325","Ec_N",20,17,17,"Ec",22,1,0,1,0,1,0.530537219791945
"1158","1325","Ec_N",20,18,18,"Ec",30,1,0,1,1,1,0.579561703752182
"1159","1325","Ec_N",20,19,19,"Ec",30,1,0,1,1,1,0.579561703752182
"1160","1325","Ec_N",20,20,20,"Ec",30,1,0,1,1,1,0.579561703752182
"1161","1325","Ec_N",20,21,21,"Ec",30,1,0,1,1,1,0.579561703752182
"1162","1325","Ec_N",20,22,22,"Ec",30,1,0,1,1,1,0.579561703752182
"1163","1325","Ec_N",20,23,23,"Ec",30,1,0,1,1,1,0.579561703752182
"1164","1325","Ec_N",20,24,24,"Ec",30,1,0,1,1,1,0.579561703752182
"1165","1325","Ec_N",20,25,25,"Ec",30,1,0,1,1,1,0.579561703752182
"1166","1325","Ec_N",20,26,26,"Ec",30,1,0,1,1,1,0.579561703752182
"1167","1325","Ec_N",20,27,27,"Ec",30,1,0,1,1,1,0.579561703752182
"1168","1325","Ec_N",20,28,28,"Ec",30,1,0,1,1,1,0.579561703752182
"1169","1325","Ec_N",20,29,29,"Ec",30,1,0,1,1,1,0.579561703752182
"1170","1325","Ec_N",20,30,30,"Ec",30,1,0,1,1,1,0.579561703752182
"1171","1325","Ec_N",20,31,31,"Ec",30,1,0,1,1,1,0.579561703752182
"1172","1325","Ec_N",20,32,32,"Ec",30,1,0,1,1,1,0.579561703752182
"1173","1325","Ec_N",20,33,33,"Ec",30,1,0,1,1,1,0.579561703752182
"1174","1325","Ec_N",20,34,34,"Ec",30,1,0,1,1,1,0.579561703752182
"1175","1325","Ec_N",20,35,35,"Ec",32,1,1,1,1,1,1
"1176","1325","Ec_N",20,36,36,"Ec",32,1,1,1,1,1,1
"1177","1325","Ec_N",20,37,37,"Ec",32,1,1,1,1,1,1
"1178","1325","Ec_N",20,38,38,"Ec",32,1,1,1,1,1,1
"1179","1325","Ec_N",20,39,39,"Ec",32,1,1,1,1,1,1
"1180","1325","Ec_N",20,40,40,"Ec",32,1,1,1,1,1,1
"1181","1325","Ec_N",20,41,41,"Ec",32,1,1,1,1,1,1
"1182","1325","Ec_N",20,42,42,"Ec",32,1,1,1,1,1,1
"1183","1325","Ec_N",20,43,43,"Ec",32,1,1,1,1,1,1
"1184","1325","Ec_N",20,44,44,"Ec",32,1,1,1,1,1,1
"1185","1325","Ec_N",20,45,45,"Ec",32,1,1,1,1,1,1
"1186","1325","Ec_N",20,46,46,"Ec",32,1,1,1,1,1,1
"1187","1325","Ec_N",20,47,47,"Ec",32,1,1,1,1,1,1
"1188","1325","Ec_N",20,48,48,"Ec",32,1,1,1,1,1,1
"1189","1325","Ec_N",20,49,49,"Ec",32,1,1,1,1,1,1
"1190","1325","Ec_N",20,50,50,"Ec",32,1,1,1,1,1,1
"1191","1325","Ec_N",20,51,51,"Ec",32,1,1,1,1,1,1
"1192","1325","Ec_N",20,52,52,"Ec",32,1,1,1,1,1,1
"1193","1325","Ec_N",20,53,53,"Ec",32,1,1,1,1,1,1
"1194","1325","Ec_N",20,54,54,"Ec",32,1,1,1,1,1,1
"1195","1325","Ec_N",20,55,55,"Ec",32,1,1,1,1,1,1
"1196","1325","Ec_N",20,56,56,"Ec",32,1,1,1,1,1,1
"1197","1325","Ec_N",20,57,57,"Ec",32,1,1,1,1,1,1
"1198","1325","Ec_N",20,58,58,"Ec",32,1,1,1,1,1,1
"1199","1325","Ec_N",20,59,59,"Ec",32,1,1,1,1,1,1
"1200","1325","Ec_N",20,60,60,"Ec",32,1,1,1,1,1,1
"1201","1325","Ec_N",21,1,1,"Ec",1,0,0,0,0,0,0
"1202","1325","Ec_N",21,2,2,"Ec",1,0,0,0,0,0,0
"1203","1325","Ec_N",21,3,3,"Ec",3,0,1,0,0,0,0.420438296247818
"1204","1325","Ec_N",21,4,4,"Ec",3,0,1,0,0,0,0.420438296247818
"1205","1325","Ec_N",21,5,5,"Ec",3,0,1,0,0,0,0.420438296247818
"1206","1325","Ec_N",21,6,6,"Ec",11,0,1,0,1,0,0.503461616060769
"1207","1325","Ec_N",21,7,7,"Ec",11,0,1,0,1,0,0.503461616060769
"1208","1325","Ec_N",21,8,8,"Ec",11,0,1,0,1,0,0.503461616060769
"1209","1325","Ec_N",21,9,9,"Ec",15,0,1,1,1,0,0.62909180866025
"1210","1325","Ec_N",21,10,10,"Ec",15,0,1,1,1,0,0.62909180866025
"1211","1325","Ec_N",21,11,11,"Ec",15,0,1,1,1,0,0.62909180866025
"1212","1325","Ec_N",21,12,12,"Ec",15,0,1,1,1,0,0.62909180866025
"1213","1325","Ec_N",21,13,13,"Ec",15,0,1,1,1,0,0.62909180866025
"1214","1325","Ec_N",21,14,14,"Ec",15,0,1,1,1,0,0.62909180866025
"1215","1325","Ec_N",21,15,15,"Ec",15,0,1,1,1,0,0.62909180866025
"1216","1325","Ec_N",21,16,16,"Ec",15,0,1,1,1,0,0.62909180866025
"1217","1325","Ec_N",21,17,17,"Ec",15,0,1,1,1,0,0.62909180866025
"1218","1325","Ec_N",21,18,18,"Ec",15,0,1,1,1,0,0.62909180866025
"1219","1325","Ec_N",21,19,19,"Ec",15,0,1,1,1,0,0.62909180866025
"1220","1325","Ec_N",21,20,20,"Ec",15,0,1,1,1,0,0.62909180866025
"1221","1325","Ec_N",21,21,21,"Ec",16,1,1,1,1,0,0.93631405476465
"1222","1325","Ec_N",21,22,22,"Ec",16,1,1,1,1,0,0.93631405476465
"1223","1325","Ec_N",21,23,23,"Ec",16,1,1,1,1,0,0.93631405476465
"1224","1325","Ec_N",21,24,24,"Ec",16,1,1,1,1,0,0.93631405476465
"1225","1325","Ec_N",21,25,25,"Ec",16,1,1,1,1,0,0.93631405476465
"1226","1325","Ec_N",21,26,26,"Ec",32,1,1,1,1,1,1
"1227","1325","Ec_N",21,27,27,"Ec",32,1,1,1,1,1,1
"1228","1325","Ec_N",21,28,28,"Ec",32,1,1,1,1,1,1
"1229","1325","Ec_N",21,29,29,"Ec",32,1,1,1,1,1,1
"1230","1325","Ec_N",21,30,30,"Ec",32,1,1,1,1,1,1
"1231","1325","Ec_N",21,31,31,"Ec",32,1,1,1,1,1,1
"1232","1325","Ec_N",21,32,32,"Ec",32,1,1,1,1,1,1
"1233","1325","Ec_N",21,33,33,"Ec",32,1,1,1,1,1,1
"1234","1325","Ec_N",21,34,34,"Ec",32,1,1,1,1,1,1
"1235","1325","Ec_N",21,35,35,"Ec",32,1,1,1,1,1,1
"1236","1325","Ec_N",21,36,36,"Ec",32,1,1,1,1,1,1
"1237","1325","Ec_N",21,37,37,"Ec",32,1,1,1,1,1,1
"1238","1325","Ec_N",21,38,38,"Ec",32,1,1,1,1,1,1
"1239","1325","Ec_N",21,39,39,"Ec",32,1,1,1,1,1,1
"1240","1325","Ec_N",21,40,40,"Ec",32,1,1,1,1,1,1
"1241","1325","Ec_N",21,41,41,"Ec",32,1,1,1,1,1,1
"1242","1325","Ec_N",21,42,42,"Ec",32,1,1,1,1,1,1
"1243","1325","Ec_N",21,43,43,"Ec",32,1,1,1,1,1,1
"1244","1325","Ec_N",21,44,44,"Ec",32,1,1,1,1,1,1
"1245","1325","Ec_N",21,45,45,"Ec",32,1,1,1,1,1,1
"1246","1325","Ec_N",21,46,46,"Ec",32,1,1,1,1,1,1
"1247","1325","Ec_N",21,47,47,"Ec",32,1,1,1,1,1,1
"1248","1325","Ec_N",21,48,48,"Ec",32,1,1,1,1,1,1
"1249","1325","Ec_N",21,49,49,"Ec",32,1,1,1,1,1,1
"1250","1325","Ec_N",21,50,50,"Ec",32,1,1,1,1,1,1
"1251","1325","Ec_N",21,51,51,"Ec",32,1,1,1,1,1,1
"1252","1325","Ec_N",21,52,52,"Ec",32,1,1,1,1,1,1
"1253","1325","Ec_N",21,53,53,"Ec",32,1,1,1,1,1,1
"1254","1325","Ec_N",21,54,54,"Ec",32,1,1,1,1,1,1
"1255","1325","Ec_N",21,55,55,"Ec",32,1,1,1,1,1,1
"1256","1325","Ec_N",21,56,56,"Ec",32,1,1,1,1,1,1
"1257","1325","Ec_N",21,57,57,"Ec",32,1,1,1,1,1,1
"1258","1325","Ec_N",21,58,58,"Ec",32,1,1,1,1,1,1
"1259","1325","Ec_N",21,59,59,"Ec",32,1,1,1,1,1,1
"1260","1325","Ec_N",21,60,60,"Ec",32,1,1,1,1,1,1
"1261","1325","Ec_N",22,1,1,"Ec",1,0,0,0,0,0,0
"1262","1325","Ec_N",22,2,2,"Ec",1,0,0,0,0,0,0
"1263","1325","Ec_N",22,3,3,"Ec",1,0,0,0,0,0,0
"1264","1325","Ec_N",22,4,4,"Ec",1,0,0,0,0,0,0
"1265","1325","Ec_N",22,5,5,"Ec",1,0,0,0,0,0,0
"1266","1325","Ec_N",22,6,6,"Ec",1,0,0,0,0,0,0
"1267","1325","Ec_N",22,7,7,"Ec",1,0,0,0,0,0,0
"1268","1325","Ec_N",22,8,8,"Ec",2,1,0,0,0,0,0.3072222461044
"1269","1325","Ec_N",22,9,9,"Ec",2,1,0,0,0,0,0.3072222461044
"1270","1325","Ec_N",22,10,10,"Ec",2,1,0,0,0,0,0.3072222461044
"1271","1325","Ec_N",22,11,11,"Ec",2,1,0,0,0,0,0.3072222461044
"1272","1325","Ec_N",22,12,12,"Ec",2,1,0,0,0,0,0.3072222461044
"1273","1325","Ec_N",22,13,13,"Ec",2,1,0,0,0,0,0.3072222461044
"1274","1325","Ec_N",22,14,14,"Ec",2,1,0,0,0,0,0.3072222461044
"1275","1325","Ec_N",22,15,15,"Ec",2,1,0,0,0,0,0.3072222461044
"1276","1325","Ec_N",22,16,16,"Ec",2,1,0,0,0,0,0.3072222461044
"1277","1325","Ec_N",22,17,17,"Ec",2,1,0,0,0,0,0.3072222461044
"1278","1325","Ec_N",22,18,18,"Ec",4,1,1,0,0,0,0.727660542352217
"1279","1325","Ec_N",22,19,19,"Ec",4,1,1,0,0,0,0.727660542352217
"1280","1325","Ec_N",22,20,20,"Ec",4,1,1,0,0,0,0.727660542352217
"1281","1325","Ec_N",22,21,21,"Ec",4,1,1,0,0,0,0.727660542352217
"1282","1325","Ec_N",22,22,22,"Ec",4,1,1,0,0,0,0.727660542352217
"1283","1325","Ec_N",22,23,23,"Ec",12,1,1,0,1,0,0.776685026312455
"1284","1325","Ec_N",22,24,24,"Ec",12,1,1,0,1,0,0.776685026312455
"1285","1325","Ec_N",22,25,25,"Ec",12,1,1,0,1,0,0.776685026312455
"1286","1325","Ec_N",22,26,26,"Ec",12,1,1,0,1,0,0.776685026312455
"1287","1325","Ec_N",22,27,27,"Ec",12,1,1,0,1,0,0.776685026312455
"1288","1325","Ec_N",22,28,28,"Ec",12,1,1,0,1,0,0.776685026312455
"1289","1325","Ec_N",22,29,29,"Ec",12,1,1,0,1,0,0.776685026312455
"1290","1325","Ec_N",22,30,30,"Ec",12,1,1,0,1,0,0.776685026312455
"1291","1325","Ec_N",22,31,31,"Ec",12,1,1,0,1,0,0.776685026312455
"1292","1325","Ec_N",22,32,32,"Ec",12,1,1,0,1,0,0.776685026312455
"1293","1325","Ec_N",22,33,33,"Ec",16,1,1,1,1,0,0.93631405476465
"1294","1325","Ec_N",22,34,34,"Ec",16,1,1,1,1,0,0.93631405476465
"1295","1325","Ec_N",22,35,35,"Ec",16,1,1,1,1,0,0.93631405476465
"1296","1325","Ec_N",22,36,36,"Ec",16,1,1,1,1,0,0.93631405476465
"1297","1325","Ec_N",22,37,37,"Ec",16,1,1,1,1,0,0.93631405476465
"1298","1325","Ec_N",22,38,38,"Ec",16,1,1,1,1,0,0.93631405476465
"1299","1325","Ec_N",22,39,39,"Ec",16,1,1,1,1,0,0.93631405476465
"1300","1325","Ec_N",22,40,40,"Ec",16,1,1,1,1,0,0.93631405476465
"1301","1325","Ec_N",22,41,41,"Ec",16,1,1,1,1,0,0.93631405476465
"1302","1325","Ec_N",22,42,42,"Ec",16,1,1,1,1,0,0.93631405476465
"1303","1325","Ec_N",22,43,43,"Ec",16,1,1,1,1,0,0.93631405476465
"1304","1325","Ec_N",22,44,44,"Ec",16,1,1,1,1,0,0.93631405476465
"1305","1325","Ec_N",22,45,45,"Ec",16,1,1,1,1,0,0.93631405476465
"1306","1325","Ec_N",22,46,46,"Ec",16,1,1,1,1,0,0.93631405476465
"1307","1325","Ec_N",22,47,47,"Ec",16,1,1,1,1,0,0.93631405476465
"1308","1325","Ec_N",22,48,48,"Ec",16,1,1,1,1,0,0.93631405476465
"1309","1325","Ec_N",22,49,49,"Ec",32,1,1,1,1,1,1
"1310","1325","Ec_N",22,50,50,"Ec",32,1,1,1,1,1,1
"1311","1325","Ec_N",22,51,51,"Ec",32,1,1,1,1,1,1
"1312","1325","Ec_N",22,52,52,"Ec",32,1,1,1,1,1,1
"1313","1325","Ec_N",22,53,53,"Ec",32,1,1,1,1,1,1
"1314","1325","Ec_N",22,54,54,"Ec",32,1,1,1,1,1,1
"1315","1325","Ec_N",22,55,55,"Ec",32,1,1,1,1,1,1
"1316","1325","Ec_N",22,56,56,"Ec",32,1,1,1,1,1,1
"1317","1325","Ec_N",22,57,57,"Ec",32,1,1,1,1,1,1
"1318","1325","Ec_N",22,58,58,"Ec",32,1,1,1,1,1,1
"1319","1325","Ec_N",22,59,59,"Ec",32,1,1,1,1,1,1
"1320","1325","Ec_N",22,60,60,"Ec",32,1,1,1,1,1,1
"1321","1325","Ec_N",23,1,1,"Ec",1,0,0,0,0,0,0
"1322","1325","Ec_N",23,2,2,"Ec",2,1,0,0,0,0,0.3072222461044
"1323","1325","Ec_N",23,3,3,"Ec",2,1,0,0,0,0,0.3072222461044
"1324","1325","Ec_N",23,4,4,"Ec",2,1,0,0,0,0,0.3072222461044
"1325","1325","Ec_N",23,5,5,"Ec",2,1,0,0,0,0,0.3072222461044
"1326","1325","Ec_N",23,6,6,"Ec",2,1,0,0,0,0,0.3072222461044
"1327","1325","Ec_N",23,7,7,"Ec",2,1,0,0,0,0,0.3072222461044
"1328","1325","Ec_N",23,8,8,"Ec",2,1,0,0,0,0,0.3072222461044
"1329","1325","Ec_N",23,9,9,"Ec",2,1,0,0,0,0,0.3072222461044
"1330","1325","Ec_N",23,10,10,"Ec",2,1,0,0,0,0,0.3072222461044
"1331","1325","Ec_N",23,11,11,"Ec",2,1,0,0,0,0,0.3072222461044
"1332","1325","Ec_N",23,12,12,"Ec",2,1,0,0,0,0,0.3072222461044
"1333","1325","Ec_N",23,13,13,"Ec",2,1,0,0,0,0,0.3072222461044
"1334","1325","Ec_N",23,14,14,"Ec",2,1,0,0,0,0,0.3072222461044
"1335","1325","Ec_N",23,15,15,"Ec",2,1,0,0,0,0,0.3072222461044
"1336","1325","Ec_N",23,16,16,"Ec",2,1,0,0,0,0,0.3072222461044
"1337","1325","Ec_N",23,17,17,"Ec",2,1,0,0,0,0,0.3072222461044
"1338","1325","Ec_N",23,18,18,"Ec",2,1,0,0,0,0,0.3072222461044
"1339","1325","Ec_N",23,19,19,"Ec",2,1,0,0,0,0,0.3072222461044
"1340","1325","Ec_N",23,20,20,"Ec",2,1,0,0,0,0,0.3072222461044
"1341","1325","Ec_N",23,21,21,"Ec",2,1,0,0,0,0,0.3072222461044
"1342","1325","Ec_N",23,22,22,"Ec",4,1,1,0,0,0,0.727660542352217
"1343","1325","Ec_N",23,23,23,"Ec",4,1,1,0,0,0,0.727660542352217
"1344","1325","Ec_N",23,24,24,"Ec",4,1,1,0,0,0,0.727660542352217
"1345","1325","Ec_N",23,25,25,"Ec",20,1,1,0,0,1,0.791346487587567
"1346","1325","Ec_N",23,26,26,"Ec",20,1,1,0,0,1,0.791346487587567
"1347","1325","Ec_N",23,27,27,"Ec",28,1,1,0,1,1,0.815884725734249
"1348","1325","Ec_N",23,28,28,"Ec",28,1,1,0,1,1,0.815884725734249
"1349","1325","Ec_N",23,29,29,"Ec",28,1,1,0,1,1,0.815884725734249
"1350","1325","Ec_N",23,30,30,"Ec",28,1,1,0,1,1,0.815884725734249
"1351","1325","Ec_N",23,31,31,"Ec",28,1,1,0,1,1,0.815884725734249
"1352","1325","Ec_N",23,32,32,"Ec",28,1,1,0,1,1,0.815884725734249
"1353","1325","Ec_N",23,33,33,"Ec",28,1,1,0,1,1,0.815884725734249
"1354","1325","Ec_N",23,34,34,"Ec",28,1,1,0,1,1,0.815884725734249
"1355","1325","Ec_N",23,35,35,"Ec",28,1,1,0,1,1,0.815884725734249
"1356","1325","Ec_N",23,36,36,"Ec",28,1,1,0,1,1,0.815884725734249
"1357","1325","Ec_N",23,37,37,"Ec",28,1,1,0,1,1,0.815884725734249
"1358","1325","Ec_N",23,38,38,"Ec",28,1,1,0,1,1,0.815884725734249
"1359","1325","Ec_N",23,39,39,"Ec",28,1,1,0,1,1,0.815884725734249
"1360","1325","Ec_N",23,40,40,"Ec",28,1,1,0,1,1,0.815884725734249
"1361","1325","Ec_N",23,41,41,"Ec",32,1,1,1,1,1,1
"1362","1325","Ec_N",23,42,42,"Ec",32,1,1,1,1,1,1
"1363","1325","Ec_N",23,43,43,"Ec",32,1,1,1,1,1,1
"1364","1325","Ec_N",23,44,44,"Ec",32,1,1,1,1,1,1
"1365","1325","Ec_N",23,45,45,"Ec",32,1,1,1,1,1,1
"1366","1325","Ec_N",23,46,46,"Ec",32,1,1,1,1,1,1
"1367","1325","Ec_N",23,47,47,"Ec",32,1,1,1,1,1,1
"1368","1325","Ec_N",23,48,48,"Ec",32,1,1,1,1,1,1
"1369","1325","Ec_N",23,49,49,"Ec",32,1,1,1,1,1,1
"1370","1325","Ec_N",23,50,50,"Ec",32,1,1,1,1,1,1
"1371","1325","Ec_N",23,51,51,"Ec",32,1,1,1,1,1,1
"1372","1325","Ec_N",23,52,52,"Ec",32,1,1,1,1,1,1
"1373","1325","Ec_N",23,53,53,"Ec",32,1,1,1,1,1,1
"1374","1325","Ec_N",23,54,54,"Ec",32,1,1,1,1,1,1
"1375","1325","Ec_N",23,55,55,"Ec",32,1,1,1,1,1,1
"1376","1325","Ec_N",23,56,56,"Ec",32,1,1,1,1,1,1
"1377","1325","Ec_N",23,57,57,"Ec",32,1,1,1,1,1,1
"1378","1325","Ec_N",23,58,58,"Ec",32,1,1,1,1,1,1
"1379","1325","Ec_N",23,59,59,"Ec",32,1,1,1,1,1,1
"1380","1325","Ec_N",23,60,60,"Ec",32,1,1,1,1,1,1
"1381","1325","Ec_N",24,1,1,"Ec",1,0,0,0,0,0,0
"1382","1325","Ec_N",24,2,2,"Ec",1,0,0,0,0,0,0
"1383","1325","Ec_N",24,3,3,"Ec",1,0,0,0,0,0,0
"1384","1325","Ec_N",24,4,4,"Ec",1,0,0,0,0,0,0
"1385","1325","Ec_N",24,5,5,"Ec",1,0,0,0,0,0,0
"1386","1325","Ec_N",24,6,6,"Ec",1,0,0,0,0,0,0
"1387","1325","Ec_N",24,7,7,"Ec",1,0,0,0,0,0,0
"1388","1325","Ec_N",24,8,8,"Ec",1,0,0,0,0,0,0
"1389","1325","Ec_N",24,9,9,"Ec",1,0,0,0,0,0,0
"1390","1325","Ec_N",24,10,10,"Ec",1,0,0,0,0,0,0
"1391","1325","Ec_N",24,11,11,"Ec",1,0,0,0,0,0,0
"1392","1325","Ec_N",24,12,12,"Ec",1,0,0,0,0,0,0
"1393","1325","Ec_N",24,13,13,"Ec",1,0,0,0,0,0,0
"1394","1325","Ec_N",24,14,14,"Ec",1,0,0,0,0,0,0
"1395","1325","Ec_N",24,15,15,"Ec",1,0,0,0,0,0,0
"1396","1325","Ec_N",24,16,16,"Ec",5,0,0,1,0,0,0.159629028452195
"1397","1325","Ec_N",24,17,17,"Ec",5,0,0,1,0,0,0.159629028452195
"1398","1325","Ec_N",24,18,18,"Ec",5,0,0,1,0,0,0.159629028452195
"1399","1325","Ec_N",24,19,19,"Ec",21,0,0,1,0,1,0.223314973687545
"1400","1325","Ec_N",24,20,20,"Ec",21,0,0,1,0,1,0.223314973687545
"1401","1325","Ec_N",24,21,21,"Ec",21,0,0,1,0,1,0.223314973687545
"1402","1325","Ec_N",24,22,22,"Ec",21,0,0,1,0,1,0.223314973687545
"1403","1325","Ec_N",24,23,23,"Ec",21,0,0,1,0,1,0.223314973687545
"1404","1325","Ec_N",24,24,24,"Ec",21,0,0,1,0,1,0.223314973687545
"1405","1325","Ec_N",24,25,25,"Ec",21,0,0,1,0,1,0.223314973687545
"1406","1325","Ec_N",24,26,26,"Ec",21,0,0,1,0,1,0.223314973687545
"1407","1325","Ec_N",24,27,27,"Ec",21,0,0,1,0,1,0.223314973687545
"1408","1325","Ec_N",24,28,28,"Ec",21,0,0,1,0,1,0.223314973687545
"1409","1325","Ec_N",24,29,29,"Ec",21,0,0,1,0,1,0.223314973687545
"1410","1325","Ec_N",24,30,30,"Ec",23,0,1,1,0,1,0.57389469344254
"1411","1325","Ec_N",24,31,31,"Ec",23,0,1,1,0,1,0.57389469344254
"1412","1325","Ec_N",24,32,32,"Ec",23,0,1,1,0,1,0.57389469344254
"1413","1325","Ec_N",24,33,33,"Ec",23,0,1,1,0,1,0.57389469344254
"1414","1325","Ec_N",24,34,34,"Ec",23,0,1,1,0,1,0.57389469344254
"1415","1325","Ec_N",24,35,35,"Ec",23,0,1,1,0,1,0.57389469344254
"1416","1325","Ec_N",24,36,36,"Ec",23,0,1,1,0,1,0.57389469344254
"1417","1325","Ec_N",24,37,37,"Ec",24,1,1,1,0,1,0.872975948786018
"1418","1325","Ec_N",24,38,38,"Ec",24,1,1,1,0,1,0.872975948786018
"1419","1325","Ec_N",24,39,39,"Ec",24,1,1,1,0,1,0.872975948786018
"1420","1325","Ec_N",24,40,40,"Ec",24,1,1,1,0,1,0.872975948786018
"1421","1325","Ec_N",24,41,41,"Ec",24,1,1,1,0,1,0.872975948786018
"1422","1325","Ec_N",24,42,42,"Ec",24,1,1,1,0,1,0.872975948786018
"1423","1325","Ec_N",24,43,43,"Ec",24,1,1,1,0,1,0.872975948786018
"1424","1325","Ec_N",24,44,44,"Ec",24,1,1,1,0,1,0.872975948786018
"1425","1325","Ec_N",24,45,45,"Ec",24,1,1,1,0,1,0.872975948786018
"1426","1325","Ec_N",24,46,46,"Ec",24,1,1,1,0,1,0.872975948786018
"1427","1325","Ec_N",24,47,47,"Ec",24,1,1,1,0,1,0.872975948786018
"1428","1325","Ec_N",24,48,48,"Ec",24,1,1,1,0,1,0.872975948786018
"1429","1325","Ec_N",24,49,49,"Ec",24,1,1,1,0,1,0.872975948786018
"1430","1325","Ec_N",24,50,50,"Ec",24,1,1,1,0,1,0.872975948786018
"1431","1325","Ec_N",24,51,51,"Ec",24,1,1,1,0,1,0.872975948786018
"1432","1325","Ec_N",24,52,52,"Ec",24,1,1,1,0,1,0.872975948786018
"1433","1325","Ec_N",24,53,53,"Ec",24,1,1,1,0,1,0.872975948786018
"1434","1325","Ec_N",24,54,54,"Ec",24,1,1,1,0,1,0.872975948786018
"1435","1325","Ec_N",24,55,55,"Ec",24,1,1,1,0,1,0.872975948786018
"1436","1325","Ec_N",24,56,56,"Ec",24,1,1,1,0,1,0.872975948786018
"1437","1325","Ec_N",24,57,57,"Ec",24,1,1,1,0,1,0.872975948786018
"1438","1325","Ec_N",24,58,58,"Ec",24,1,1,1,0,1,0.872975948786018
"1439","1325","Ec_N",24,59,59,"Ec",24,1,1,1,0,1,0.872975948786018
"1440","1325","Ec_N",24,60,60,"Ec",24,1,1,1,0,1,0.872975948786018
"1441","1325","Ec_N",25,1,1,"Ec",1,0,0,0,0,0,0
"1442","1325","Ec_N",25,2,2,"Ec",1,0,0,0,0,0,0
"1443","1325","Ec_N",25,3,3,"Ec",2,1,0,0,0,0,0.3072222461044
"1444","1325","Ec_N",25,4,4,"Ec",2,1,0,0,0,0,0.3072222461044
"1445","1325","Ec_N",25,5,5,"Ec",2,1,0,0,0,0,0.3072222461044
"1446","1325","Ec_N",25,6,6,"Ec",2,1,0,0,0,0,0.3072222461044
"1447","1325","Ec_N",25,7,7,"Ec",2,1,0,0,0,0,0.3072222461044
"1448","1325","Ec_N",25,8,8,"Ec",2,1,0,0,0,0,0.3072222461044
"1449","1325","Ec_N",25,9,9,"Ec",4,1,1,0,0,0,0.727660542352217
"1450","1325","Ec_N",25,10,10,"Ec",4,1,1,0,0,0,0.727660542352217
"1451","1325","Ec_N",25,11,11,"Ec",4,1,1,0,0,0,0.727660542352217
"1452","1325","Ec_N",25,12,12,"Ec",12,1,1,0,1,0,0.776685026312455
"1453","1325","Ec_N",25,13,13,"Ec",12,1,1,0,1,0,0.776685026312455
"1454","1325","Ec_N",25,14,14,"Ec",12,1,1,0,1,0,0.776685026312455
"1455","1325","Ec_N",25,15,15,"Ec",12,1,1,0,1,0,0.776685026312455
"1456","1325","Ec_N",25,16,16,"Ec",12,1,1,0,1,0,0.776685026312455
"1457","1325","Ec_N",25,17,17,"Ec",12,1,1,0,1,0,0.776685026312455
"1458","1325","Ec_N",25,18,18,"Ec",12,1,1,0,1,0,0.776685026312455
"1459","1325","Ec_N",25,19,19,"Ec",12,1,1,0,1,0,0.776685026312455
"1460","1325","Ec_N",25,20,20,"Ec",12,1,1,0,1,0,0.776685026312455
"1461","1325","Ec_N",25,21,21,"Ec",12,1,1,0,1,0,0.776685026312455
"1462","1325","Ec_N",25,22,22,"Ec",12,1,1,0,1,0,0.776685026312455
"1463","1325","Ec_N",25,23,23,"Ec",12,1,1,0,1,0,0.776685026312455
"1464","1325","Ec_N",25,24,24,"Ec",12,1,1,0,1,0,0.776685026312455
"1465","1325","Ec_N",25,25,25,"Ec",12,1,1,0,1,0,0.776685026312455
"1466","1325","Ec_N",25,26,26,"Ec",12,1,1,0,1,0,0.776685026312455
"1467","1325","Ec_N",25,27,27,"Ec",16,1,1,1,1,0,0.93631405476465
"1468","1325","Ec_N",25,28,28,"Ec",16,1,1,1,1,0,0.93631405476465
"1469","1325","Ec_N",25,29,29,"Ec",16,1,1,1,1,0,0.93631405476465
"1470","1325","Ec_N",25,30,30,"Ec",16,1,1,1,1,0,0.93631405476465
"1471","1325","Ec_N",25,31,31,"Ec",16,1,1,1,1,0,0.93631405476465
"1472","1325","Ec_N",25,32,32,"Ec",16,1,1,1,1,0,0.93631405476465
"1473","1325","Ec_N",25,33,33,"Ec",16,1,1,1,1,0,0.93631405476465
"1474","1325","Ec_N",25,34,34,"Ec",16,1,1,1,1,0,0.93631405476465
"1475","1325","Ec_N",25,35,35,"Ec",16,1,1,1,1,0,0.93631405476465
"1476","1325","Ec_N",25,36,36,"Ec",16,1,1,1,1,0,0.93631405476465
"1477","1325","Ec_N",25,37,37,"Ec",16,1,1,1,1,0,0.93631405476465
"1478","1325","Ec_N",25,38,38,"Ec",32,1,1,1,1,1,1
"1479","1325","Ec_N",25,39,39,"Ec",32,1,1,1,1,1,1
"1480","1325","Ec_N",25,40,40,"Ec",32,1,1,1,1,1,1
"1481","1325","Ec_N",25,41,41,"Ec",32,1,1,1,1,1,1
"1482","1325","Ec_N",25,42,42,"Ec",32,1,1,1,1,1,1
"1483","1325","Ec_N",25,43,43,"Ec",32,1,1,1,1,1,1
"1484","1325","Ec_N",25,44,44,"Ec",32,1,1,1,1,1,1
"1485","1325","Ec_N",25,45,45,"Ec",32,1,1,1,1,1,1
"1486","1325","Ec_N",25,46,46,"Ec",32,1,1,1,1,1,1
"1487","1325","Ec_N",25,47,47,"Ec",32,1,1,1,1,1,1
"1488","1325","Ec_N",25,48,48,"Ec",32,1,1,1,1,1,1
"1489","1325","Ec_N",25,49,49,"Ec",32,1,1,1,1,1,1
"1490","1325","Ec_N",25,50,50,"Ec",32,1,1,1,1,1,1
"1491","1325","Ec_N",25,51,51,"Ec",32,1,1,1,1,1,1
"1492","1325","Ec_N",25,52,52,"Ec",32,1,1,1,1,1,1
"1493","1325","Ec_N",25,53,53,"Ec",32,1,1,1,1,1,1
"1494","1325","Ec_N",25,54,54,"Ec",32,1,1,1,1,1,1
"1495","1325","Ec_N",25,55,55,"Ec",32,1,1,1,1,1,1
"1496","1325","Ec_N",25,56,56,"Ec",32,1,1,1,1,1,1
"1497","1325","Ec_N",25,57,57,"Ec",32,1,1,1,1,1,1
"1498","1325","Ec_N",25,58,58,"Ec",32,1,1,1,1,1,1
"1499","1325","Ec_N",25,59,59,"Ec",32,1,1,1,1,1,1
"1500","1325","Ec_N",25,60,60,"Ec",32,1,1,1,1,1,1
"1501","1325","Ec_N",26,1,1,"Ec",1,0,0,0,0,0,0
"1502","1325","Ec_N",26,2,2,"Ec",1,0,0,0,0,0,0
"1503","1325","Ec_N",26,3,3,"Ec",1,0,0,0,0,0,0
"1504","1325","Ec_N",26,4,4,"Ec",1,0,0,0,0,0,0
"1505","1325","Ec_N",26,5,5,"Ec",1,0,0,0,0,0,0
"1506","1325","Ec_N",26,6,6,"Ec",17,0,0,0,0,1,0.0636859452353503
"1507","1325","Ec_N",26,7,7,"Ec",25,0,0,0,1,1,0.112710429195588
"1508","1325","Ec_N",26,8,8,"Ec",25,0,0,0,1,1,0.112710429195588
"1509","1325","Ec_N",26,9,9,"Ec",25,0,0,0,1,1,0.112710429195588
"1510","1325","Ec_N",26,10,10,"Ec",25,0,0,0,1,1,0.112710429195588
"1511","1325","Ec_N",26,11,11,"Ec",25,0,0,0,1,1,0.112710429195588
"1512","1325","Ec_N",26,12,12,"Ec",25,0,0,0,1,1,0.112710429195588
"1513","1325","Ec_N",26,13,13,"Ec",25,0,0,0,1,1,0.112710429195588
"1514","1325","Ec_N",26,14,14,"Ec",25,0,0,0,1,1,0.112710429195588
"1515","1325","Ec_N",26,15,15,"Ec",25,0,0,0,1,1,0.112710429195588
"1516","1325","Ec_N",26,16,16,"Ec",26,1,0,0,1,1,0.419932675299988
"1517","1325","Ec_N",26,17,17,"Ec",26,1,0,0,1,1,0.419932675299988
"1518","1325","Ec_N",26,18,18,"Ec",26,1,0,0,1,1,0.419932675299988
"1519","1325","Ec_N",26,19,19,"Ec",26,1,0,0,1,1,0.419932675299988
"1520","1325","Ec_N",26,20,20,"Ec",26,1,0,0,1,1,0.419932675299988
"1521","1325","Ec_N",26,21,21,"Ec",26,1,0,0,1,1,0.419932675299988
"1522","1325","Ec_N",26,22,22,"Ec",26,1,0,0,1,1,0.419932675299988
"1523","1325","Ec_N",26,23,23,"Ec",26,1,0,0,1,1,0.419932675299988
"1524","1325","Ec_N",26,24,24,"Ec",26,1,0,0,1,1,0.419932675299988
"1525","1325","Ec_N",26,25,25,"Ec",26,1,0,0,1,1,0.419932675299988
"1526","1325","Ec_N",26,26,26,"Ec",26,1,0,0,1,1,0.419932675299988
"1527","1325","Ec_N",26,27,27,"Ec",26,1,0,0,1,1,0.419932675299988
"1528","1325","Ec_N",26,28,28,"Ec",28,1,1,0,1,1,0.815884725734249
"1529","1325","Ec_N",26,29,29,"Ec",28,1,1,0,1,1,0.815884725734249
"1530","1325","Ec_N",26,30,30,"Ec",28,1,1,0,1,1,0.815884725734249
"1531","1325","Ec_N",26,31,31,"Ec",28,1,1,0,1,1,0.815884725734249
"1532","1325","Ec_N",26,32,32,"Ec",28,1,1,0,1,1,0.815884725734249
"1533","1325","Ec_N",26,33,33,"Ec",28,1,1,0,1,1,0.815884725734249
"1534","1325","Ec_N",26,34,34,"Ec",28,1,1,0,1,1,0.815884725734249
"1535","1325","Ec_N",26,35,35,"Ec",28,1,1,0,1,1,0.815884725734249
"1536","1325","Ec_N",26,36,36,"Ec",28,1,1,0,1,1,0.815884725734249
"1537","1325","Ec_N",26,37,37,"Ec",28,1,1,0,1,1,0.815884725734249
"1538","1325","Ec_N",26,38,38,"Ec",28,1,1,0,1,1,0.815884725734249
"1539","1325","Ec_N",26,39,39,"Ec",28,1,1,0,1,1,0.815884725734249
"1540","1325","Ec_N",26,40,40,"Ec",28,1,1,0,1,1,0.815884725734249
"1541","1325","Ec_N",26,41,41,"Ec",28,1,1,0,1,1,0.815884725734249
"1542","1325","Ec_N",26,42,42,"Ec",28,1,1,0,1,1,0.815884725734249
"1543","1325","Ec_N",26,43,43,"Ec",28,1,1,0,1,1,0.815884725734249
"1544","1325","Ec_N",26,44,44,"Ec",28,1,1,0,1,1,0.815884725734249
"1545","1325","Ec_N",26,45,45,"Ec",28,1,1,0,1,1,0.815884725734249
"1546","1325","Ec_N",26,46,46,"Ec",28,1,1,0,1,1,0.815884725734249
"1547","1325","Ec_N",26,47,47,"Ec",28,1,1,0,1,1,0.815884725734249
"1548","1325","Ec_N",26,48,48,"Ec",28,1,1,0,1,1,0.815884725734249
"1549","1325","Ec_N",26,49,49,"Ec",28,1,1,0,1,1,0.815884725734249
"1550","1325","Ec_N",26,50,50,"Ec",28,1,1,0,1,1,0.815884725734249
"1551","1325","Ec_N",26,51,51,"Ec",28,1,1,0,1,1,0.815884725734249
"1552","1325","Ec_N",26,52,52,"Ec",28,1,1,0,1,1,0.815884725734249
"1553","1325","Ec_N",26,53,53,"Ec",28,1,1,0,1,1,0.815884725734249
"1554","1325","Ec_N",26,54,54,"Ec",28,1,1,0,1,1,0.815884725734249
"1555","1325","Ec_N",26,55,55,"Ec",28,1,1,0,1,1,0.815884725734249
"1556","1325","Ec_N",26,56,56,"Ec",28,1,1,0,1,1,0.815884725734249
"1557","1325","Ec_N",26,57,57,"Ec",28,1,1,0,1,1,0.815884725734249
"1558","1325","Ec_N",26,58,58,"Ec",28,1,1,0,1,1,0.815884725734249
"1559","1325","Ec_N",26,59,59,"Ec",28,1,1,0,1,1,0.815884725734249
"1560","1325","Ec_N",26,60,60,"Ec",28,1,1,0,1,1,0.815884725734249
"1561","1325","Ec_N",27,1,1,"Ec",1,0,0,0,0,0,0
"1562","1325","Ec_N",27,2,2,"Ec",1,0,0,0,0,0,0
"1563","1325","Ec_N",27,3,3,"Ec",1,0,0,0,0,0,0
"1564","1325","Ec_N",27,4,4,"Ec",1,0,0,0,0,0,0
"1565","1325","Ec_N",27,5,5,"Ec",5,0,0,1,0,0,0.159629028452195
"1566","1325","Ec_N",27,6,6,"Ec",5,0,0,1,0,0,0.159629028452195
"1567","1325","Ec_N",27,7,7,"Ec",5,0,0,1,0,0,0.159629028452195
"1568","1325","Ec_N",27,8,8,"Ec",5,0,0,1,0,0,0.159629028452195
"1569","1325","Ec_N",27,9,9,"Ec",7,0,1,1,0,0,0.580067324700012
"1570","1325","Ec_N",27,10,10,"Ec",7,0,1,1,0,0,0.580067324700012
"1571","1325","Ec_N",27,11,11,"Ec",7,0,1,1,0,0,0.580067324700012
"1572","1325","Ec_N",27,12,12,"Ec",7,0,1,1,0,0,0.580067324700012
"1573","1325","Ec_N",27,13,13,"Ec",7,0,1,1,0,0,0.580067324700012
"1574","1325","Ec_N",27,14,14,"Ec",7,0,1,1,0,0,0.580067324700012
"1575","1325","Ec_N",27,15,15,"Ec",7,0,1,1,0,0,0.580067324700012
"1576","1325","Ec_N",27,16,16,"Ec",7,0,1,1,0,0,0.580067324700012
"1577","1325","Ec_N",27,17,17,"Ec",7,0,1,1,0,0,0.580067324700012
"1578","1325","Ec_N",27,18,18,"Ec",7,0,1,1,0,0,0.580067324700012
"1579","1325","Ec_N",27,19,19,"Ec",8,1,1,1,0,0,0.887289570804412
"1580","1325","Ec_N",27,20,20,"Ec",8,1,1,1,0,0,0.887289570804412
"1581","1325","Ec_N",27,21,21,"Ec",8,1,1,1,0,0,0.887289570804412
"1582","1325","Ec_N",27,22,22,"Ec",8,1,1,1,0,0,0.887289570804412
"1583","1325","Ec_N",27,23,23,"Ec",8,1,1,1,0,0,0.887289570804412
"1584","1325","Ec_N",27,24,24,"Ec",8,1,1,1,0,0,0.887289570804412
"1585","1325","Ec_N",27,25,25,"Ec",8,1,1,1,0,0,0.887289570804412
"1586","1325","Ec_N",27,26,26,"Ec",8,1,1,1,0,0,0.887289570804412
"1587","1325","Ec_N",27,27,27,"Ec",8,1,1,1,0,0,0.887289570804412
"1588","1325","Ec_N",27,28,28,"Ec",8,1,1,1,0,0,0.887289570804412
"1589","1325","Ec_N",27,29,29,"Ec",8,1,1,1,0,0,0.887289570804412
"1590","1325","Ec_N",27,30,30,"Ec",8,1,1,1,0,0,0.887289570804412
"1591","1325","Ec_N",27,31,31,"Ec",8,1,1,1,0,0,0.887289570804412
"1592","1325","Ec_N",27,32,32,"Ec",8,1,1,1,0,0,0.887289570804412
"1593","1325","Ec_N",27,33,33,"Ec",8,1,1,1,0,0,0.887289570804412
"1594","1325","Ec_N",27,34,34,"Ec",8,1,1,1,0,0,0.887289570804412
"1595","1325","Ec_N",27,35,35,"Ec",8,1,1,1,0,0,0.887289570804412
"1596","1325","Ec_N",27,36,36,"Ec",8,1,1,1,0,0,0.887289570804412
"1597","1325","Ec_N",27,37,37,"Ec",8,1,1,1,0,0,0.887289570804412
"1598","1325","Ec_N",27,38,38,"Ec",8,1,1,1,0,0,0.887289570804412
"1599","1325","Ec_N",27,39,39,"Ec",8,1,1,1,0,0,0.887289570804412
"1600","1325","Ec_N",27,40,40,"Ec",8,1,1,1,0,0,0.887289570804412
"1601","1325","Ec_N",27,41,41,"Ec",8,1,1,1,0,0,0.887289570804412
"1602","1325","Ec_N",27,42,42,"Ec",8,1,1,1,0,0,0.887289570804412
"1603","1325","Ec_N",27,43,43,"Ec",8,1,1,1,0,0,0.887289570804412
"1604","1325","Ec_N",27,44,44,"Ec",16,1,1,1,1,0,0.93631405476465
"1605","1325","Ec_N",27,45,45,"Ec",16,1,1,1,1,0,0.93631405476465
"1606","1325","Ec_N",27,46,46,"Ec",16,1,1,1,1,0,0.93631405476465
"1607","1325","Ec_N",27,47,47,"Ec",16,1,1,1,1,0,0.93631405476465
"1608","1325","Ec_N",27,48,48,"Ec",16,1,1,1,1,0,0.93631405476465
"1609","1325","Ec_N",27,49,49,"Ec",16,1,1,1,1,0,0.93631405476465
"1610","1325","Ec_N",27,50,50,"Ec",16,1,1,1,1,0,0.93631405476465
"1611","1325","Ec_N",27,51,51,"Ec",16,1,1,1,1,0,0.93631405476465
"1612","1325","Ec_N",27,52,52,"Ec",16,1,1,1,1,0,0.93631405476465
"1613","1325","Ec_N",27,53,53,"Ec",16,1,1,1,1,0,0.93631405476465
"1614","1325","Ec_N",27,54,54,"Ec",16,1,1,1,1,0,0.93631405476465
"1615","1325","Ec_N",27,55,55,"Ec",16,1,1,1,1,0,0.93631405476465
"1616","1325","Ec_N",27,56,56,"Ec",16,1,1,1,1,0,0.93631405476465
"1617","1325","Ec_N",27,57,57,"Ec",16,1,1,1,1,0,0.93631405476465
"1618","1325","Ec_N",27,58,58,"Ec",16,1,1,1,1,0,0.93631405476465
"1619","1325","Ec_N",27,59,59,"Ec",16,1,1,1,1,0,0.93631405476465
"1620","1325","Ec_N",27,60,60,"Ec",16,1,1,1,1,0,0.93631405476465
"1621","1325","Ec_N",28,1,1,"Ec",1,0,0,0,0,0,0
"1622","1325","Ec_N",28,2,2,"Ec",1,0,0,0,0,0,0
"1623","1325","Ec_N",28,3,3,"Ec",1,0,0,0,0,0,0
"1624","1325","Ec_N",28,4,4,"Ec",9,0,0,0,1,0,0.0490244839602376
"1625","1325","Ec_N",28,5,5,"Ec",25,0,0,0,1,1,0.112710429195588
"1626","1325","Ec_N",28,6,6,"Ec",25,0,0,0,1,1,0.112710429195588
"1627","1325","Ec_N",28,7,7,"Ec",25,0,0,0,1,1,0.112710429195588
"1628","1325","Ec_N",28,8,8,"Ec",25,0,0,0,1,1,0.112710429195588
"1629","1325","Ec_N",28,9,9,"Ec",25,0,0,0,1,1,0.112710429195588
"1630","1325","Ec_N",28,10,10,"Ec",25,0,0,0,1,1,0.112710429195588
"1631","1325","Ec_N",28,11,11,"Ec",25,0,0,0,1,1,0.112710429195588
"1632","1325","Ec_N",28,12,12,"Ec",25,0,0,0,1,1,0.112710429195588
"1633","1325","Ec_N",28,13,13,"Ec",25,0,0,0,1,1,0.112710429195588
"1634","1325","Ec_N",28,14,14,"Ec",25,0,0,0,1,1,0.112710429195588
"1635","1325","Ec_N",28,15,15,"Ec",25,0,0,0,1,1,0.112710429195588
"1636","1325","Ec_N",28,16,16,"Ec",25,0,0,0,1,1,0.112710429195588
"1637","1325","Ec_N",28,17,17,"Ec",25,0,0,0,1,1,0.112710429195588
"1638","1325","Ec_N",28,18,18,"Ec",25,0,0,0,1,1,0.112710429195588
"1639","1325","Ec_N",28,19,19,"Ec",25,0,0,0,1,1,0.112710429195588
"1640","1325","Ec_N",28,20,20,"Ec",25,0,0,0,1,1,0.112710429195588
"1641","1325","Ec_N",28,21,21,"Ec",25,0,0,0,1,1,0.112710429195588
"1642","1325","Ec_N",28,22,22,"Ec",25,0,0,0,1,1,0.112710429195588
"1643","1325","Ec_N",28,23,23,"Ec",25,0,0,0,1,1,0.112710429195588
"1644","1325","Ec_N",28,24,24,"Ec",29,0,0,1,1,1,0.272339457647783
"1645","1325","Ec_N",28,25,25,"Ec",30,1,0,1,1,1,0.579561703752182
"1646","1325","Ec_N",28,26,26,"Ec",30,1,0,1,1,1,0.579561703752182
"1647","1325","Ec_N",28,27,27,"Ec",30,1,0,1,1,1,0.579561703752182
"1648","1325","Ec_N",28,28,28,"Ec",30,1,0,1,1,1,0.579561703752182
"1649","1325","Ec_N",28,29,29,"Ec",30,1,0,1,1,1,0.579561703752182
"1650","1325","Ec_N",28,30,30,"Ec",30,1,0,1,1,1,0.579561703752182
"1651","1325","Ec_N",28,31,31,"Ec",30,1,0,1,1,1,0.579561703752182
"1652","1325","Ec_N",28,32,32,"Ec",30,1,0,1,1,1,0.579561703752182
"1653","1325","Ec_N",28,33,33,"Ec",30,1,0,1,1,1,0.579561703752182
"1654","1325","Ec_N",28,34,34,"Ec",30,1,0,1,1,1,0.579561703752182
"1655","1325","Ec_N",28,35,35,"Ec",30,1,0,1,1,1,0.579561703752182
"1656","1325","Ec_N",28,36,36,"Ec",30,1,0,1,1,1,0.579561703752182
"1657","1325","Ec_N",28,37,37,"Ec",30,1,0,1,1,1,0.579561703752182
"1658","1325","Ec_N",28,38,38,"Ec",30,1,0,1,1,1,0.579561703752182
"1659","1325","Ec_N",28,39,39,"Ec",30,1,0,1,1,1,0.579561703752182
"1660","1325","Ec_N",28,40,40,"Ec",30,1,0,1,1,1,0.579561703752182
"1661","1325","Ec_N",28,41,41,"Ec",30,1,0,1,1,1,0.579561703752182
"1662","1325","Ec_N",28,42,42,"Ec",30,1,0,1,1,1,0.579561703752182
"1663","1325","Ec_N",28,43,43,"Ec",30,1,0,1,1,1,0.579561703752182
"1664","1325","Ec_N",28,44,44,"Ec",30,1,0,1,1,1,0.579561703752182
"1665","1325","Ec_N",28,45,45,"Ec",30,1,0,1,1,1,0.579561703752182
"1666","1325","Ec_N",28,46,46,"Ec",30,1,0,1,1,1,0.579561703752182
"1667","1325","Ec_N",28,47,47,"Ec",30,1,0,1,1,1,0.579561703752182
"1668","1325","Ec_N",28,48,48,"Ec",30,1,0,1,1,1,0.579561703752182
"1669","1325","Ec_N",28,49,49,"Ec",30,1,0,1,1,1,0.579561703752182
"1670","1325","Ec_N",28,50,50,"Ec",30,1,0,1,1,1,0.579561703752182
"1671","1325","Ec_N",28,51,51,"Ec",30,1,0,1,1,1,0.579561703752182
"1672","1325","Ec_N",28,52,52,"Ec",30,1,0,1,1,1,0.579561703752182
"1673","1325","Ec_N",28,53,53,"Ec",30,1,0,1,1,1,0.579561703752182
"1674","1325","Ec_N",28,54,54,"Ec",30,1,0,1,1,1,0.579561703752182
"1675","1325","Ec_N",28,55,55,"Ec",30,1,0,1,1,1,0.579561703752182
"1676","1325","Ec_N",28,56,56,"Ec",30,1,0,1,1,1,0.579561703752182
"1677","1325","Ec_N",28,57,57,"Ec",32,1,1,1,1,1,1
"1678","1325","Ec_N",28,58,58,"Ec",32,1,1,1,1,1,1
"1679","1325","Ec_N",28,59,59,"Ec",32,1,1,1,1,1,1
"1680","1325","Ec_N",28,60,60,"Ec",32,1,1,1,1,1,1
"1681","1325","Ec_N",29,1,1,"Ec",1,0,0,0,0,0,0
"1682","1325","Ec_N",29,2,2,"Ec",1,0,0,0,0,0,0
"1683","1325","Ec_N",29,3,3,"Ec",1,0,0,0,0,0,0
"1684","1325","Ec_N",29,4,4,"Ec",1,0,0,0,0,0,0
"1685","1325","Ec_N",29,5,5,"Ec",1,0,0,0,0,0,0
"1686","1325","Ec_N",29,6,6,"Ec",1,0,0,0,0,0,0
"1687","1325","Ec_N",29,7,7,"Ec",1,0,0,0,0,0,0
"1688","1325","Ec_N",29,8,8,"Ec",2,1,0,0,0,0,0.3072222461044
"1689","1325","Ec_N",29,9,9,"Ec",2,1,0,0,0,0,0.3072222461044
"1690","1325","Ec_N",29,10,10,"Ec",2,1,0,0,0,0,0.3072222461044
"1691","1325","Ec_N",29,11,11,"Ec",2,1,0,0,0,0,0.3072222461044
"1692","1325","Ec_N",29,12,12,"Ec",2,1,0,0,0,0,0.3072222461044
"1693","1325","Ec_N",29,13,13,"Ec",2,1,0,0,0,0,0.3072222461044
"1694","1325","Ec_N",29,14,14,"Ec",2,1,0,0,0,0,0.3072222461044
"1695","1325","Ec_N",29,15,15,"Ec",2,1,0,0,0,0,0.3072222461044
"1696","1325","Ec_N",29,16,16,"Ec",2,1,0,0,0,0,0.3072222461044
"1697","1325","Ec_N",29,17,17,"Ec",2,1,0,0,0,0,0.3072222461044
"1698","1325","Ec_N",29,18,18,"Ec",2,1,0,0,0,0,0.3072222461044
"1699","1325","Ec_N",29,19,19,"Ec",2,1,0,0,0,0,0.3072222461044
"1700","1325","Ec_N",29,20,20,"Ec",2,1,0,0,0,0,0.3072222461044
"1701","1325","Ec_N",29,21,21,"Ec",6,1,0,1,0,0,0.466851274556594
"1702","1325","Ec_N",29,22,22,"Ec",6,1,0,1,0,0,0.466851274556594
"1703","1325","Ec_N",29,23,23,"Ec",6,1,0,1,0,0,0.466851274556594
"1704","1325","Ec_N",29,24,24,"Ec",6,1,0,1,0,0,0.466851274556594
"1705","1325","Ec_N",29,25,25,"Ec",6,1,0,1,0,0,0.466851274556594
"1706","1325","Ec_N",29,26,26,"Ec",8,1,1,1,0,0,0.887289570804412
"1707","1325","Ec_N",29,27,27,"Ec",8,1,1,1,0,0,0.887289570804412
"1708","1325","Ec_N",29,28,28,"Ec",8,1,1,1,0,0,0.887289570804412
"1709","1325","Ec_N",29,29,29,"Ec",8,1,1,1,0,0,0.887289570804412
"1710","1325","Ec_N",29,30,30,"Ec",8,1,1,1,0,0,0.887289570804412
"1711","1325","Ec_N",29,31,31,"Ec",8,1,1,1,0,0,0.887289570804412
"1712","1325","Ec_N",29,32,32,"Ec",8,1,1,1,0,0,0.887289570804412
"1713","1325","Ec_N",29,33,33,"Ec",8,1,1,1,0,0,0.887289570804412
"1714","1325","Ec_N",29,34,34,"Ec",8,1,1,1,0,0,0.887289570804412
"1715","1325","Ec_N",29,35,35,"Ec",8,1,1,1,0,0,0.887289570804412
"1716","1325","Ec_N",29,36,36,"Ec",8,1,1,1,0,0,0.887289570804412
"1717","1325","Ec_N",29,37,37,"Ec",8,1,1,1,0,0,0.887289570804412
"1718","1325","Ec_N",29,38,38,"Ec",8,1,1,1,0,0,0.887289570804412
"1719","1325","Ec_N",29,39,39,"Ec",8,1,1,1,0,0,0.887289570804412
"1720","1325","Ec_N",29,40,40,"Ec",8,1,1,1,0,0,0.887289570804412
"1721","1325","Ec_N",29,41,41,"Ec",8,1,1,1,0,0,0.887289570804412
"1722","1325","Ec_N",29,42,42,"Ec",8,1,1,1,0,0,0.887289570804412
"1723","1325","Ec_N",29,43,43,"Ec",8,1,1,1,0,0,0.887289570804412
"1724","1325","Ec_N",29,44,44,"Ec",8,1,1,1,0,0,0.887289570804412
"1725","1325","Ec_N",29,45,45,"Ec",8,1,1,1,0,0,0.887289570804412
"1726","1325","Ec_N",29,46,46,"Ec",8,1,1,1,0,0,0.887289570804412
"1727","1325","Ec_N",29,47,47,"Ec",8,1,1,1,0,0,0.887289570804412
"1728","1325","Ec_N",29,48,48,"Ec",8,1,1,1,0,0,0.887289570804412
"1729","1325","Ec_N",29,49,49,"Ec",8,1,1,1,0,0,0.887289570804412
"1730","1325","Ec_N",29,50,50,"Ec",8,1,1,1,0,0,0.887289570804412
"1731","1325","Ec_N",29,51,51,"Ec",8,1,1,1,0,0,0.887289570804412
"1732","1325","Ec_N",29,52,52,"Ec",8,1,1,1,0,0,0.887289570804412
"1733","1325","Ec_N",29,53,53,"Ec",8,1,1,1,0,0,0.887289570804412
"1734","1325","Ec_N",29,54,54,"Ec",16,1,1,1,1,0,0.93631405476465
"1735","1325","Ec_N",29,55,55,"Ec",16,1,1,1,1,0,0.93631405476465
"1736","1325","Ec_N",29,56,56,"Ec",16,1,1,1,1,0,0.93631405476465
"1737","1325","Ec_N",29,57,57,"Ec",16,1,1,1,1,0,0.93631405476465
"1738","1325","Ec_N",29,58,58,"Ec",16,1,1,1,1,0,0.93631405476465
"1739","1325","Ec_N",29,59,59,"Ec",16,1,1,1,1,0,0.93631405476465
"1740","1325","Ec_N",29,60,60,"Ec",16,1,1,1,1,0,0.93631405476465
"1741","1325","Ec_N",30,1,1,"Ec",1,0,0,0,0,0,0
"1742","1325","Ec_N",30,2,2,"Ec",1,0,0,0,0,0,0
"1743","1325","Ec_N",30,3,3,"Ec",1,0,0,0,0,0,0
"1744","1325","Ec_N",30,4,4,"Ec",17,0,0,0,0,1,0.0636859452353503
"1745","1325","Ec_N",30,5,5,"Ec",21,0,0,1,0,1,0.223314973687545
"1746","1325","Ec_N",30,6,6,"Ec",21,0,0,1,0,1,0.223314973687545
"1747","1325","Ec_N",30,7,7,"Ec",21,0,0,1,0,1,0.223314973687545
"1748","1325","Ec_N",30,8,8,"Ec",22,1,0,1,0,1,0.530537219791945
"1749","1325","Ec_N",30,9,9,"Ec",22,1,0,1,0,1,0.530537219791945
"1750","1325","Ec_N",30,10,10,"Ec",22,1,0,1,0,1,0.530537219791945
"1751","1325","Ec_N",30,11,11,"Ec",22,1,0,1,0,1,0.530537219791945
"1752","1325","Ec_N",30,12,12,"Ec",22,1,0,1,0,1,0.530537219791945
"1753","1325","Ec_N",30,13,13,"Ec",24,1,1,1,0,1,0.872975948786018
"1754","1325","Ec_N",30,14,14,"Ec",24,1,1,1,0,1,0.872975948786018
"1755","1325","Ec_N",30,15,15,"Ec",24,1,1,1,0,1,0.872975948786018
"1756","1325","Ec_N",30,16,16,"Ec",24,1,1,1,0,1,0.872975948786018
"1757","1325","Ec_N",30,17,17,"Ec",24,1,1,1,0,1,0.872975948786018
"1758","1325","Ec_N",30,18,18,"Ec",24,1,1,1,0,1,0.872975948786018
"1759","1325","Ec_N",30,19,19,"Ec",24,1,1,1,0,1,0.872975948786018
"1760","1325","Ec_N",30,20,20,"Ec",24,1,1,1,0,1,0.872975948786018
"1761","1325","Ec_N",30,21,21,"Ec",24,1,1,1,0,1,0.872975948786018
"1762","1325","Ec_N",30,22,22,"Ec",24,1,1,1,0,1,0.872975948786018
"1763","1325","Ec_N",30,23,23,"Ec",24,1,1,1,0,1,0.872975948786018
"1764","1325","Ec_N",30,24,24,"Ec",24,1,1,1,0,1,0.872975948786018
"1765","1325","Ec_N",30,25,25,"Ec",24,1,1,1,0,1,0.872975948786018
"1766","1325","Ec_N",30,26,26,"Ec",24,1,1,1,0,1,0.872975948786018
"1767","1325","Ec_N",30,27,27,"Ec",24,1,1,1,0,1,0.872975948786018
"1768","1325","Ec_N",30,28,28,"Ec",24,1,1,1,0,1,0.872975948786018
"1769","1325","Ec_N",30,29,29,"Ec",24,1,1,1,0,1,0.872975948786018
"1770","1325","Ec_N",30,30,30,"Ec",24,1,1,1,0,1,0.872975948786018
"1771","1325","Ec_N",30,31,31,"Ec",24,1,1,1,0,1,0.872975948786018
"1772","1325","Ec_N",30,32,32,"Ec",24,1,1,1,0,1,0.872975948786018
"1773","1325","Ec_N",30,33,33,"Ec",24,1,1,1,0,1,0.872975948786018
"1774","1325","Ec_N",30,34,34,"Ec",24,1,1,1,0,1,0.872975948786018
"1775","1325","Ec_N",30,35,35,"Ec",24,1,1,1,0,1,0.872975948786018
"1776","1325","Ec_N",30,36,36,"Ec",32,1,1,1,1,1,1
"1777","1325","Ec_N",30,37,37,"Ec",32,1,1,1,1,1,1
"1778","1325","Ec_N",30,38,38,"Ec",32,1,1,1,1,1,1
"1779","1325","Ec_N",30,39,39,"Ec",32,1,1,1,1,1,1
"1780","1325","Ec_N",30,40,40,"Ec",32,1,1,1,1,1,1
"1781","1325","Ec_N",30,41,41,"Ec",32,1,1,1,1,1,1
"1782","1325","Ec_N",30,42,42,"Ec",32,1,1,1,1,1,1
"1783","1325","Ec_N",30,43,43,"Ec",32,1,1,1,1,1,1
"1784","1325","Ec_N",30,44,44,"Ec",32,1,1,1,1,1,1
"1785","1325","Ec_N",30,45,45,"Ec",32,1,1,1,1,1,1
"1786","1325","Ec_N",30,46,46,"Ec",32,1,1,1,1,1,1
"1787","1325","Ec_N",30,47,47,"Ec",32,1,1,1,1,1,1
"1788","1325","Ec_N",30,48,48,"Ec",32,1,1,1,1,1,1
"1789","1325","Ec_N",30,49,49,"Ec",32,1,1,1,1,1,1
"1790","1325","Ec_N",30,50,50,"Ec",32,1,1,1,1,1,1
"1791","1325","Ec_N",30,51,51,"Ec",32,1,1,1,1,1,1
"1792","1325","Ec_N",30,52,52,"Ec",32,1,1,1,1,1,1
"1793","1325","Ec_N",30,53,53,"Ec",32,1,1,1,1,1,1
"1794","1325","Ec_N",30,54,54,"Ec",32,1,1,1,1,1,1
"1795","1325","Ec_N",30,55,55,"Ec",32,1,1,1,1,1,1
"1796","1325","Ec_N",30,56,56,"Ec",32,1,1,1,1,1,1
"1797","1325","Ec_N",30,57,57,"Ec",32,1,1,1,1,1,1
"1798","1325","Ec_N",30,58,58,"Ec",32,1,1,1,1,1,1
"1799","1325","Ec_N",30,59,59,"Ec",32,1,1,1,1,1,1
"1800","1325","Ec_N",30,60,60,"Ec",32,1,1,1,1,1,1
"1801","1325","Ec_N",31,1,1,"Ec",1,0,0,0,0,0,0
"1802","1325","Ec_N",31,2,2,"Ec",3,0,1,0,0,0,0.420438296247818
"1803","1325","Ec_N",31,3,3,"Ec",3,0,1,0,0,0,0.420438296247818
"1804","1325","Ec_N",31,4,4,"Ec",3,0,1,0,0,0,0.420438296247818
"1805","1325","Ec_N",31,5,5,"Ec",3,0,1,0,0,0,0.420438296247818
"1806","1325","Ec_N",31,6,6,"Ec",3,0,1,0,0,0,0.420438296247818
"1807","1325","Ec_N",31,7,7,"Ec",3,0,1,0,0,0,0.420438296247818
"1808","1325","Ec_N",31,8,8,"Ec",3,0,1,0,0,0,0.420438296247818
"1809","1325","Ec_N",31,9,9,"Ec",4,1,1,0,0,0,0.727660542352217
"1810","1325","Ec_N",31,10,10,"Ec",4,1,1,0,0,0,0.727660542352217
"1811","1325","Ec_N",31,11,11,"Ec",4,1,1,0,0,0,0.727660542352217
"1812","1325","Ec_N",31,12,12,"Ec",4,1,1,0,0,0,0.727660542352217
"1813","1325","Ec_N",31,13,13,"Ec",4,1,1,0,0,0,0.727660542352217
"1814","1325","Ec_N",31,14,14,"Ec",4,1,1,0,0,0,0.727660542352217
"1815","1325","Ec_N",31,15,15,"Ec",4,1,1,0,0,0,0.727660542352217
"1816","1325","Ec_N",31,16,16,"Ec",4,1,1,0,0,0,0.727660542352217
"1817","1325","Ec_N",31,17,17,"Ec",4,1,1,0,0,0,0.727660542352217
"1818","1325","Ec_N",31,18,18,"Ec",4,1,1,0,0,0,0.727660542352217
"1819","1325","Ec_N",31,19,19,"Ec",12,1,1,0,1,0,0.776685026312455
"1820","1325","Ec_N",31,20,20,"Ec",12,1,1,0,1,0,0.776685026312455
"1821","1325","Ec_N",31,21,21,"Ec",12,1,1,0,1,0,0.776685026312455
"1822","1325","Ec_N",31,22,22,"Ec",12,1,1,0,1,0,0.776685026312455
"1823","1325","Ec_N",31,23,23,"Ec",12,1,1,0,1,0,0.776685026312455
"1824","1325","Ec_N",31,24,24,"Ec",12,1,1,0,1,0,0.776685026312455
"1825","1325","Ec_N",31,25,25,"Ec",12,1,1,0,1,0,0.776685026312455
"1826","1325","Ec_N",31,26,26,"Ec",12,1,1,0,1,0,0.776685026312455
"1827","1325","Ec_N",31,27,27,"Ec",12,1,1,0,1,0,0.776685026312455
"1828","1325","Ec_N",31,28,28,"Ec",12,1,1,0,1,0,0.776685026312455
"1829","1325","Ec_N",31,29,29,"Ec",12,1,1,0,1,0,0.776685026312455
"1830","1325","Ec_N",31,30,30,"Ec",12,1,1,0,1,0,0.776685026312455
"1831","1325","Ec_N",31,31,31,"Ec",12,1,1,0,1,0,0.776685026312455
"1832","1325","Ec_N",31,32,32,"Ec",12,1,1,0,1,0,0.776685026312455
"1833","1325","Ec_N",31,33,33,"Ec",12,1,1,0,1,0,0.776685026312455
"1834","1325","Ec_N",31,34,34,"Ec",12,1,1,0,1,0,0.776685026312455
"1835","1325","Ec_N",31,35,35,"Ec",12,1,1,0,1,0,0.776685026312455
"1836","1325","Ec_N",31,36,36,"Ec",12,1,1,0,1,0,0.776685026312455
"1837","1325","Ec_N",31,37,37,"Ec",12,1,1,0,1,0,0.776685026312455
"1838","1325","Ec_N",31,38,38,"Ec",12,1,1,0,1,0,0.776685026312455
"1839","1325","Ec_N",31,39,39,"Ec",12,1,1,0,1,0,0.776685026312455
"1840","1325","Ec_N",31,40,40,"Ec",12,1,1,0,1,0,0.776685026312455
"1841","1325","Ec_N",31,41,41,"Ec",16,1,1,1,1,0,0.93631405476465
"1842","1325","Ec_N",31,42,42,"Ec",16,1,1,1,1,0,0.93631405476465
"1843","1325","Ec_N",31,43,43,"Ec",16,1,1,1,1,0,0.93631405476465
"1844","1325","Ec_N",31,44,44,"Ec",32,1,1,1,1,1,1
"1845","1325","Ec_N",31,45,45,"Ec",32,1,1,1,1,1,1
"1846","1325","Ec_N",31,46,46,"Ec",32,1,1,1,1,1,1
"1847","1325","Ec_N",31,47,47,"Ec",32,1,1,1,1,1,1
"1848","1325","Ec_N",31,48,48,"Ec",32,1,1,1,1,1,1
"1849","1325","Ec_N",31,49,49,"Ec",32,1,1,1,1,1,1
"1850","1325","Ec_N",31,50,50,"Ec",32,1,1,1,1,1,1
"1851","1325","Ec_N",31,51,51,"Ec",32,1,1,1,1,1,1
"1852","1325","Ec_N",31,52,52,"Ec",32,1,1,1,1,1,1
"1853","1325","Ec_N",31,53,53,"Ec",32,1,1,1,1,1,1
"1854","1325","Ec_N",31,54,54,"Ec",32,1,1,1,1,1,1
"1855","1325","Ec_N",31,55,55,"Ec",32,1,1,1,1,1,1
"1856","1325","Ec_N",31,56,56,"Ec",32,1,1,1,1,1,1
"1857","1325","Ec_N",31,57,57,"Ec",32,1,1,1,1,1,1
"1858","1325","Ec_N",31,58,58,"Ec",32,1,1,1,1,1,1
"1859","1325","Ec_N",31,59,59,"Ec",32,1,1,1,1,1,1
"1860","1325","Ec_N",31,60,60,"Ec",32,1,1,1,1,1,1
"1861","1325","Ec_N",32,1,1,"Ec",1,0,0,0,0,0,0
"1862","1325","Ec_N",32,2,2,"Ec",1,0,0,0,0,0,0
"1863","1325","Ec_N",32,3,3,"Ec",1,0,0,0,0,0,0
"1864","1325","Ec_N",32,4,4,"Ec",1,0,0,0,0,0,0
"1865","1325","Ec_N",32,5,5,"Ec",2,1,0,0,0,0,0.3072222461044
"1866","1325","Ec_N",32,6,6,"Ec",2,1,0,0,0,0,0.3072222461044
"1867","1325","Ec_N",32,7,7,"Ec",10,1,0,0,1,0,0.356246730064637
"1868","1325","Ec_N",32,8,8,"Ec",10,1,0,0,1,0,0.356246730064637
"1869","1325","Ec_N",32,9,9,"Ec",10,1,0,0,1,0,0.356246730064637
"1870","1325","Ec_N",32,10,10,"Ec",10,1,0,0,1,0,0.356246730064637
"1871","1325","Ec_N",32,11,11,"Ec",10,1,0,0,1,0,0.356246730064637
"1872","1325","Ec_N",32,12,12,"Ec",26,1,0,0,1,1,0.419932675299988
"1873","1325","Ec_N",32,13,13,"Ec",26,1,0,0,1,1,0.419932675299988
"1874","1325","Ec_N",32,14,14,"Ec",30,1,0,1,1,1,0.579561703752182
"1875","1325","Ec_N",32,15,15,"Ec",30,1,0,1,1,1,0.579561703752182
"1876","1325","Ec_N",32,16,16,"Ec",30,1,0,1,1,1,0.579561703752182
"1877","1325","Ec_N",32,17,17,"Ec",30,1,0,1,1,1,0.579561703752182
"1878","1325","Ec_N",32,18,18,"Ec",30,1,0,1,1,1,0.579561703752182
"1879","1325","Ec_N",32,19,19,"Ec",30,1,0,1,1,1,0.579561703752182
"1880","1325","Ec_N",32,20,20,"Ec",30,1,0,1,1,1,0.579561703752182
"1881","1325","Ec_N",32,21,21,"Ec",30,1,0,1,1,1,0.579561703752182
"1882","1325","Ec_N",32,22,22,"Ec",30,1,0,1,1,1,0.579561703752182
"1883","1325","Ec_N",32,23,23,"Ec",30,1,0,1,1,1,0.579561703752182
"1884","1325","Ec_N",32,24,24,"Ec",30,1,0,1,1,1,0.579561703752182
"1885","1325","Ec_N",32,25,25,"Ec",30,1,0,1,1,1,0.579561703752182
"1886","1325","Ec_N",32,26,26,"Ec",30,1,0,1,1,1,0.579561703752182
"1887","1325","Ec_N",32,27,27,"Ec",30,1,0,1,1,1,0.579561703752182
"1888","1325","Ec_N",32,28,28,"Ec",30,1,0,1,1,1,0.579561703752182
"1889","1325","Ec_N",32,29,29,"Ec",30,1,0,1,1,1,0.579561703752182
"1890","1325","Ec_N",32,30,30,"Ec",30,1,0,1,1,1,0.579561703752182
"1891","1325","Ec_N",32,31,31,"Ec",30,1,0,1,1,1,0.579561703752182
"1892","1325","Ec_N",32,32,32,"Ec",30,1,0,1,1,1,0.579561703752182
"1893","1325","Ec_N",32,33,33,"Ec",32,1,1,1,1,1,1
"1894","1325","Ec_N",32,34,34,"Ec",32,1,1,1,1,1,1
"1895","1325","Ec_N",32,35,35,"Ec",32,1,1,1,1,1,1
"1896","1325","Ec_N",32,36,36,"Ec",32,1,1,1,1,1,1
"1897","1325","Ec_N",32,37,37,"Ec",32,1,1,1,1,1,1
"1898","1325","Ec_N",32,38,38,"Ec",32,1,1,1,1,1,1
"1899","1325","Ec_N",32,39,39,"Ec",32,1,1,1,1,1,1
"1900","1325","Ec_N",32,40,40,"Ec",32,1,1,1,1,1,1
"1901","1325","Ec_N",32,41,41,"Ec",32,1,1,1,1,1,1
"1902","1325","Ec_N",32,42,42,"Ec",32,1,1,1,1,1,1
"1903","1325","Ec_N",32,43,43,"Ec",32,1,1,1,1,1,1
"1904","1325","Ec_N",32,44,44,"Ec",32,1,1,1,1,1,1
"1905","1325","Ec_N",32,45,45,"Ec",32,1,1,1,1,1,1
"1906","1325","Ec_N",32,46,46,"Ec",32,1,1,1,1,1,1
"1907","1325","Ec_N",32,47,47,"Ec",32,1,1,1,1,1,1
"1908","1325","Ec_N",32,48,48,"Ec",32,1,1,1,1,1,1
"1909","1325","Ec_N",32,49,49,"Ec",32,1,1,1,1,1,1
"1910","1325","Ec_N",32,50,50,"Ec",32,1,1,1,1,1,1
"1911","1325","Ec_N",32,51,51,"Ec",32,1,1,1,1,1,1
"1912","1325","Ec_N",32,52,52,"Ec",32,1,1,1,1,1,1
"1913","1325","Ec_N",32,53,53,"Ec",32,1,1,1,1,1,1
"1914","1325","Ec_N",32,54,54,"Ec",32,1,1,1,1,1,1
"1915","1325","Ec_N",32,55,55,"Ec",32,1,1,1,1,1,1
"1916","1325","Ec_N",32,56,56,"Ec",32,1,1,1,1,1,1
"1917","1325","Ec_N",32,57,57,"Ec",32,1,1,1,1,1,1
"1918","1325","Ec_N",32,58,58,"Ec",32,1,1,1,1,1,1
"1919","1325","Ec_N",32,59,59,"Ec",32,1,1,1,1,1,1
"1920","1325","Ec_N",32,60,60,"Ec",32,1,1,1,1,1,1
"1921","1325","Ec_N",33,1,1,"Ec",1,0,0,0,0,0,0
"1922","1325","Ec_N",33,2,2,"Ec",1,0,0,0,0,0,0
"1923","1325","Ec_N",33,3,3,"Ec",3,0,1,0,0,0,0.420438296247818
"1924","1325","Ec_N",33,4,4,"Ec",3,0,1,0,0,0,0.420438296247818
"1925","1325","Ec_N",33,5,5,"Ec",4,1,1,0,0,0,0.727660542352217
"1926","1325","Ec_N",33,6,6,"Ec",4,1,1,0,0,0,0.727660542352217
"1927","1325","Ec_N",33,7,7,"Ec",4,1,1,0,0,0,0.727660542352217
"1928","1325","Ec_N",33,8,8,"Ec",4,1,1,0,0,0,0.727660542352217
"1929","1325","Ec_N",33,9,9,"Ec",4,1,1,0,0,0,0.727660542352217
"1930","1325","Ec_N",33,10,10,"Ec",4,1,1,0,0,0,0.727660542352217
"1931","1325","Ec_N",33,11,11,"Ec",4,1,1,0,0,0,0.727660542352217
"1932","1325","Ec_N",33,12,12,"Ec",4,1,1,0,0,0,0.727660542352217
"1933","1325","Ec_N",33,13,13,"Ec",4,1,1,0,0,0,0.727660542352217
"1934","1325","Ec_N",33,14,14,"Ec",4,1,1,0,0,0,0.727660542352217
"1935","1325","Ec_N",33,15,15,"Ec",4,1,1,0,0,0,0.727660542352217
"1936","1325","Ec_N",33,16,16,"Ec",4,1,1,0,0,0,0.727660542352217
"1937","1325","Ec_N",33,17,17,"Ec",4,1,1,0,0,0,0.727660542352217
"1938","1325","Ec_N",33,18,18,"Ec",4,1,1,0,0,0,0.727660542352217
"1939","1325","Ec_N",33,19,19,"Ec",4,1,1,0,0,0,0.727660542352217
"1940","1325","Ec_N",33,20,20,"Ec",4,1,1,0,0,0,0.727660542352217
"1941","1325","Ec_N",33,21,21,"Ec",4,1,1,0,0,0,0.727660542352217
"1942","1325","Ec_N",33,22,22,"Ec",4,1,1,0,0,0,0.727660542352217
"1943","1325","Ec_N",33,23,23,"Ec",4,1,1,0,0,0,0.727660542352217
"1944","1325","Ec_N",33,24,24,"Ec",4,1,1,0,0,0,0.727660542352217
"1945","1325","Ec_N",33,25,25,"Ec",4,1,1,0,0,0,0.727660542352217
"1946","1325","Ec_N",33,26,26,"Ec",4,1,1,0,0,0,0.727660542352217
"1947","1325","Ec_N",33,27,27,"Ec",4,1,1,0,0,0,0.727660542352217
"1948","1325","Ec_N",33,28,28,"Ec",4,1,1,0,0,0,0.727660542352217
"1949","1325","Ec_N",33,29,29,"Ec",4,1,1,0,0,0,0.727660542352217
"1950","1325","Ec_N",33,30,30,"Ec",4,1,1,0,0,0,0.727660542352217
"1951","1325","Ec_N",33,31,31,"Ec",4,1,1,0,0,0,0.727660542352217
"1952","1325","Ec_N",33,32,32,"Ec",12,1,1,0,1,0,0.776685026312455
"1953","1325","Ec_N",33,33,33,"Ec",12,1,1,0,1,0,0.776685026312455
"1954","1325","Ec_N",33,34,34,"Ec",12,1,1,0,1,0,0.776685026312455
"1955","1325","Ec_N",33,35,35,"Ec",12,1,1,0,1,0,0.776685026312455
"1956","1325","Ec_N",33,36,36,"Ec",12,1,1,0,1,0,0.776685026312455
"1957","1325","Ec_N",33,37,37,"Ec",12,1,1,0,1,0,0.776685026312455
"1958","1325","Ec_N",33,38,38,"Ec",12,1,1,0,1,0,0.776685026312455
"1959","1325","Ec_N",33,39,39,"Ec",12,1,1,0,1,0,0.776685026312455
"1960","1325","Ec_N",33,40,40,"Ec",12,1,1,0,1,0,0.776685026312455
"1961","1325","Ec_N",33,41,41,"Ec",12,1,1,0,1,0,0.776685026312455
"1962","1325","Ec_N",33,42,42,"Ec",12,1,1,0,1,0,0.776685026312455
"1963","1325","Ec_N",33,43,43,"Ec",12,1,1,0,1,0,0.776685026312455
"1964","1325","Ec_N",33,44,44,"Ec",12,1,1,0,1,0,0.776685026312455
"1965","1325","Ec_N",33,45,45,"Ec",12,1,1,0,1,0,0.776685026312455
"1966","1325","Ec_N",33,46,46,"Ec",12,1,1,0,1,0,0.776685026312455
"1967","1325","Ec_N",33,47,47,"Ec",12,1,1,0,1,0,0.776685026312455
"1968","1325","Ec_N",33,48,48,"Ec",12,1,1,0,1,0,0.776685026312455
"1969","1325","Ec_N",33,49,49,"Ec",12,1,1,0,1,0,0.776685026312455
"1970","1325","Ec_N",33,50,50,"Ec",12,1,1,0,1,0,0.776685026312455
"1971","1325","Ec_N",33,51,51,"Ec",12,1,1,0,1,0,0.776685026312455
"1972","1325","Ec_N",33,52,52,"Ec",12,1,1,0,1,0,0.776685026312455
"1973","1325","Ec_N",33,53,53,"Ec",16,1,1,1,1,0,0.93631405476465
"1974","1325","Ec_N",33,54,54,"Ec",16,1,1,1,1,0,0.93631405476465
"1975","1325","Ec_N",33,55,55,"Ec",16,1,1,1,1,0,0.93631405476465
"1976","1325","Ec_N",33,56,56,"Ec",16,1,1,1,1,0,0.93631405476465
"1977","1325","Ec_N",33,57,57,"Ec",16,1,1,1,1,0,0.93631405476465
"1978","1325","Ec_N",33,58,58,"Ec",16,1,1,1,1,0,0.93631405476465
"1979","1325","Ec_N",33,59,59,"Ec",16,1,1,1,1,0,0.93631405476465
"1980","1325","Ec_N",33,60,60,"Ec",16,1,1,1,1,0,0.93631405476465
"1981","1325","Ec_N",34,1,1,"Ec",1,0,0,0,0,0,0
"1982","1325","Ec_N",34,2,2,"Ec",1,0,0,0,0,0,0
"1983","1325","Ec_N",34,3,3,"Ec",1,0,0,0,0,0,0
"1984","1325","Ec_N",34,4,4,"Ec",1,0,0,0,0,0,0
"1985","1325","Ec_N",34,5,5,"Ec",1,0,0,0,0,0,0
"1986","1325","Ec_N",34,6,6,"Ec",1,0,0,0,0,0,0
"1987","1325","Ec_N",34,7,7,"Ec",1,0,0,0,0,0,0
"1988","1325","Ec_N",34,8,8,"Ec",17,0,0,0,0,1,0.0636859452353503
"1989","1325","Ec_N",34,9,9,"Ec",17,0,0,0,0,1,0.0636859452353503
"1990","1325","Ec_N",34,10,10,"Ec",17,0,0,0,0,1,0.0636859452353503
"1991","1325","Ec_N",34,11,11,"Ec",17,0,0,0,0,1,0.0636859452353503
"1992","1325","Ec_N",34,12,12,"Ec",17,0,0,0,0,1,0.0636859452353503
"1993","1325","Ec_N",34,13,13,"Ec",17,0,0,0,0,1,0.0636859452353503
"1994","1325","Ec_N",34,14,14,"Ec",17,0,0,0,0,1,0.0636859452353503
"1995","1325","Ec_N",34,15,15,"Ec",25,0,0,0,1,1,0.112710429195588
"1996","1325","Ec_N",34,16,16,"Ec",25,0,0,0,1,1,0.112710429195588
"1997","1325","Ec_N",34,17,17,"Ec",25,0,0,0,1,1,0.112710429195588
"1998","1325","Ec_N",34,18,18,"Ec",25,0,0,0,1,1,0.112710429195588
"1999","1325","Ec_N",34,19,19,"Ec",25,0,0,0,1,1,0.112710429195588
"2000","1325","Ec_N",34,20,20,"Ec",25,0,0,0,1,1,0.112710429195588
"2001","1325","Ec_N",34,21,21,"Ec",25,0,0,0,1,1,0.112710429195588
"2002","1325","Ec_N",34,22,22,"Ec",25,0,0,0,1,1,0.112710429195588
"2003","1325","Ec_N",34,23,23,"Ec",25,0,0,0,1,1,0.112710429195588
"2004","1325","Ec_N",34,24,24,"Ec",27,0,1,0,1,1,0.533148725443406
"2005","1325","Ec_N",34,25,25,"Ec",27,0,1,0,1,1,0.533148725443406
"2006","1325","Ec_N",34,26,26,"Ec",27,0,1,0,1,1,0.533148725443406
"2007","1325","Ec_N",34,27,27,"Ec",27,0,1,0,1,1,0.533148725443406
"2008","1325","Ec_N",34,28,28,"Ec",27,0,1,0,1,1,0.533148725443406
"2009","1325","Ec_N",34,29,29,"Ec",27,0,1,0,1,1,0.533148725443406
"2010","1325","Ec_N",34,30,30,"Ec",27,0,1,0,1,1,0.533148725443406
"2011","1325","Ec_N",34,31,31,"Ec",27,0,1,0,1,1,0.533148725443406
"2012","1325","Ec_N",34,32,32,"Ec",27,0,1,0,1,1,0.533148725443406
"2013","1325","Ec_N",34,33,33,"Ec",27,0,1,0,1,1,0.533148725443406
"2014","1325","Ec_N",34,34,34,"Ec",27,0,1,0,1,1,0.533148725443406
"2015","1325","Ec_N",34,35,35,"Ec",27,0,1,0,1,1,0.533148725443406
"2016","1325","Ec_N",34,36,36,"Ec",27,0,1,0,1,1,0.533148725443406
"2017","1325","Ec_N",34,37,37,"Ec",27,0,1,0,1,1,0.533148725443406
"2018","1325","Ec_N",34,38,38,"Ec",27,0,1,0,1,1,0.533148725443406
"2019","1325","Ec_N",34,39,39,"Ec",27,0,1,0,1,1,0.533148725443406
"2020","1325","Ec_N",34,40,40,"Ec",27,0,1,0,1,1,0.533148725443406
"2021","1325","Ec_N",34,41,41,"Ec",27,0,1,0,1,1,0.533148725443406
"2022","1325","Ec_N",34,42,42,"Ec",28,1,1,0,1,1,0.815884725734249
"2023","1325","Ec_N",34,43,43,"Ec",28,1,1,0,1,1,0.815884725734249
"2024","1325","Ec_N",34,44,44,"Ec",28,1,1,0,1,1,0.815884725734249
"2025","1325","Ec_N",34,45,45,"Ec",28,1,1,0,1,1,0.815884725734249
"2026","1325","Ec_N",34,46,46,"Ec",28,1,1,0,1,1,0.815884725734249
"2027","1325","Ec_N",34,47,47,"Ec",28,1,1,0,1,1,0.815884725734249
"2028","1325","Ec_N",34,48,48,"Ec",28,1,1,0,1,1,0.815884725734249
"2029","1325","Ec_N",34,49,49,"Ec",28,1,1,0,1,1,0.815884725734249
"2030","1325","Ec_N",34,50,50,"Ec",32,1,1,1,1,1,1
"2031","1325","Ec_N",34,51,51,"Ec",32,1,1,1,1,1,1
"2032","1325","Ec_N",34,52,52,"Ec",32,1,1,1,1,1,1
"2033","1325","Ec_N",34,53,53,"Ec",32,1,1,1,1,1,1
"2034","1325","Ec_N",34,54,54,"Ec",32,1,1,1,1,1,1
"2035","1325","Ec_N",34,55,55,"Ec",32,1,1,1,1,1,1
"2036","1325","Ec_N",34,56,56,"Ec",32,1,1,1,1,1,1
"2037","1325","Ec_N",34,57,57,"Ec",32,1,1,1,1,1,1
"2038","1325","Ec_N",34,58,58,"Ec",32,1,1,1,1,1,1
"2039","1325","Ec_N",34,59,59,"Ec",32,1,1,1,1,1,1
"2040","1325","Ec_N",34,60,60,"Ec",32,1,1,1,1,1,1
"2041","1325","Ec_N",35,1,1,"Ec",1,0,0,0,0,0,0
"2042","1325","Ec_N",35,2,2,"Ec",1,0,0,0,0,0,0
"2043","1325","Ec_N",35,3,3,"Ec",1,0,0,0,0,0,0
"2044","1325","Ec_N",35,4,4,"Ec",1,0,0,0,0,0,0
"2045","1325","Ec_N",35,5,5,"Ec",1,0,0,0,0,0,0
"2046","1325","Ec_N",35,6,6,"Ec",1,0,0,0,0,0,0
"2047","1325","Ec_N",35,7,7,"Ec",1,0,0,0,0,0,0
"2048","1325","Ec_N",35,8,8,"Ec",1,0,0,0,0,0,0
"2049","1325","Ec_N",35,9,9,"Ec",2,1,0,0,0,0,0.3072222461044
"2050","1325","Ec_N",35,10,10,"Ec",2,1,0,0,0,0,0.3072222461044
"2051","1325","Ec_N",35,11,11,"Ec",2,1,0,0,0,0,0.3072222461044
"2052","1325","Ec_N",35,12,12,"Ec",10,1,0,0,1,0,0.356246730064637
"2053","1325","Ec_N",35,13,13,"Ec",10,1,0,0,1,0,0.356246730064637
"2054","1325","Ec_N",35,14,14,"Ec",10,1,0,0,1,0,0.356246730064637
"2055","1325","Ec_N",35,15,15,"Ec",10,1,0,0,1,0,0.356246730064637
"2056","1325","Ec_N",35,16,16,"Ec",10,1,0,0,1,0,0.356246730064637
"2057","1325","Ec_N",35,17,17,"Ec",10,1,0,0,1,0,0.356246730064637
"2058","1325","Ec_N",35,18,18,"Ec",10,1,0,0,1,0,0.356246730064637
"2059","1325","Ec_N",35,19,19,"Ec",10,1,0,0,1,0,0.356246730064637
"2060","1325","Ec_N",35,20,20,"Ec",10,1,0,0,1,0,0.356246730064637
"2061","1325","Ec_N",35,21,21,"Ec",10,1,0,0,1,0,0.356246730064637
"2062","1325","Ec_N",35,22,22,"Ec",10,1,0,0,1,0,0.356246730064637
"2063","1325","Ec_N",35,23,23,"Ec",10,1,0,0,1,0,0.356246730064637
"2064","1325","Ec_N",35,24,24,"Ec",10,1,0,0,1,0,0.356246730064637
"2065","1325","Ec_N",35,25,25,"Ec",10,1,0,0,1,0,0.356246730064637
"2066","1325","Ec_N",35,26,26,"Ec",10,1,0,0,1,0,0.356246730064637
"2067","1325","Ec_N",35,27,27,"Ec",10,1,0,0,1,0,0.356246730064637
"2068","1325","Ec_N",35,28,28,"Ec",10,1,0,0,1,0,0.356246730064637
"2069","1325","Ec_N",35,29,29,"Ec",12,1,1,0,1,0,0.776685026312455
"2070","1325","Ec_N",35,30,30,"Ec",12,1,1,0,1,0,0.776685026312455
"2071","1325","Ec_N",35,31,31,"Ec",12,1,1,0,1,0,0.776685026312455
"2072","1325","Ec_N",35,32,32,"Ec",12,1,1,0,1,0,0.776685026312455
"2073","1325","Ec_N",35,33,33,"Ec",12,1,1,0,1,0,0.776685026312455
"2074","1325","Ec_N",35,34,34,"Ec",12,1,1,0,1,0,0.776685026312455
"2075","1325","Ec_N",35,35,35,"Ec",12,1,1,0,1,0,0.776685026312455
"2076","1325","Ec_N",35,36,36,"Ec",12,1,1,0,1,0,0.776685026312455
"2077","1325","Ec_N",35,37,37,"Ec",12,1,1,0,1,0,0.776685026312455
"2078","1325","Ec_N",35,38,38,"Ec",12,1,1,0,1,0,0.776685026312455
"2079","1325","Ec_N",35,39,39,"Ec",12,1,1,0,1,0,0.776685026312455
"2080","1325","Ec_N",35,40,40,"Ec",12,1,1,0,1,0,0.776685026312455
"2081","1325","Ec_N",35,41,41,"Ec",12,1,1,0,1,0,0.776685026312455
"2082","1325","Ec_N",35,42,42,"Ec",12,1,1,0,1,0,0.776685026312455
"2083","1325","Ec_N",35,43,43,"Ec",12,1,1,0,1,0,0.776685026312455
"2084","1325","Ec_N",35,44,44,"Ec",12,1,1,0,1,0,0.776685026312455
"2085","1325","Ec_N",35,45,45,"Ec",12,1,1,0,1,0,0.776685026312455
"2086","1325","Ec_N",35,46,46,"Ec",12,1,1,0,1,0,0.776685026312455
"2087","1325","Ec_N",35,47,47,"Ec",12,1,1,0,1,0,0.776685026312455
"2088","1325","Ec_N",35,48,48,"Ec",12,1,1,0,1,0,0.776685026312455
"2089","1325","Ec_N",35,49,49,"Ec",12,1,1,0,1,0,0.776685026312455
"2090","1325","Ec_N",35,50,50,"Ec",12,1,1,0,1,0,0.776685026312455
"2091","1325","Ec_N",35,51,51,"Ec",12,1,1,0,1,0,0.776685026312455
"2092","1325","Ec_N",35,52,52,"Ec",12,1,1,0,1,0,0.776685026312455
"2093","1325","Ec_N",35,53,53,"Ec",12,1,1,0,1,0,0.776685026312455
"2094","1325","Ec_N",35,54,54,"Ec",12,1,1,0,1,0,0.776685026312455
"2095","1325","Ec_N",35,55,55,"Ec",12,1,1,0,1,0,0.776685026312455
"2096","1325","Ec_N",35,56,56,"Ec",12,1,1,0,1,0,0.776685026312455
"2097","1325","Ec_N",35,57,57,"Ec",16,1,1,1,1,0,0.93631405476465
"2098","1325","Ec_N",35,58,58,"Ec",16,1,1,1,1,0,0.93631405476465
"2099","1325","Ec_N",35,59,59,"Ec",16,1,1,1,1,0,0.93631405476465
"2100","1325","Ec_N",35,60,60,"Ec",16,1,1,1,1,0,0.93631405476465
"2101","1325","Ec_N",36,1,1,"Ec",1,0,0,0,0,0,0
"2102","1325","Ec_N",36,2,2,"Ec",9,0,0,0,1,0,0.0490244839602376
"2103","1325","Ec_N",36,3,3,"Ec",9,0,0,0,1,0,0.0490244839602376
"2104","1325","Ec_N",36,4,4,"Ec",9,0,0,0,1,0,0.0490244839602376
"2105","1325","Ec_N",36,5,5,"Ec",9,0,0,0,1,0,0.0490244839602376
"2106","1325","Ec_N",36,6,6,"Ec",9,0,0,0,1,0,0.0490244839602376
"2107","1325","Ec_N",36,7,7,"Ec",9,0,0,0,1,0,0.0490244839602376
"2108","1325","Ec_N",36,8,8,"Ec",9,0,0,0,1,0,0.0490244839602376
"2109","1325","Ec_N",36,9,9,"Ec",11,0,1,0,1,0,0.503461616060769
"2110","1325","Ec_N",36,10,10,"Ec",11,0,1,0,1,0,0.503461616060769
"2111","1325","Ec_N",36,11,11,"Ec",11,0,1,0,1,0,0.503461616060769
"2112","1325","Ec_N",36,12,12,"Ec",11,0,1,0,1,0,0.503461616060769
"2113","1325","Ec_N",36,13,13,"Ec",15,0,1,1,1,0,0.62909180866025
"2114","1325","Ec_N",36,14,14,"Ec",15,0,1,1,1,0,0.62909180866025
"2115","1325","Ec_N",36,15,15,"Ec",15,0,1,1,1,0,0.62909180866025
"2116","1325","Ec_N",36,16,16,"Ec",15,0,1,1,1,0,0.62909180866025
"2117","1325","Ec_N",36,17,17,"Ec",15,0,1,1,1,0,0.62909180866025
"2118","1325","Ec_N",36,18,18,"Ec",15,0,1,1,1,0,0.62909180866025
"2119","1325","Ec_N",36,19,19,"Ec",15,0,1,1,1,0,0.62909180866025
"2120","1325","Ec_N",36,20,20,"Ec",15,0,1,1,1,0,0.62909180866025
"2121","1325","Ec_N",36,21,21,"Ec",16,1,1,1,1,0,0.93631405476465
"2122","1325","Ec_N",36,22,22,"Ec",16,1,1,1,1,0,0.93631405476465
"2123","1325","Ec_N",36,23,23,"Ec",16,1,1,1,1,0,0.93631405476465
"2124","1325","Ec_N",36,24,24,"Ec",16,1,1,1,1,0,0.93631405476465
"2125","1325","Ec_N",36,25,25,"Ec",16,1,1,1,1,0,0.93631405476465
"2126","1325","Ec_N",36,26,26,"Ec",16,1,1,1,1,0,0.93631405476465
"2127","1325","Ec_N",36,27,27,"Ec",16,1,1,1,1,0,0.93631405476465
"2128","1325","Ec_N",36,28,28,"Ec",16,1,1,1,1,0,0.93631405476465
"2129","1325","Ec_N",36,29,29,"Ec",16,1,1,1,1,0,0.93631405476465
"2130","1325","Ec_N",36,30,30,"Ec",16,1,1,1,1,0,0.93631405476465
"2131","1325","Ec_N",36,31,31,"Ec",16,1,1,1,1,0,0.93631405476465
"2132","1325","Ec_N",36,32,32,"Ec",16,1,1,1,1,0,0.93631405476465
"2133","1325","Ec_N",36,33,33,"Ec",16,1,1,1,1,0,0.93631405476465
"2134","1325","Ec_N",36,34,34,"Ec",16,1,1,1,1,0,0.93631405476465
"2135","1325","Ec_N",36,35,35,"Ec",16,1,1,1,1,0,0.93631405476465
"2136","1325","Ec_N",36,36,36,"Ec",16,1,1,1,1,0,0.93631405476465
"2137","1325","Ec_N",36,37,37,"Ec",16,1,1,1,1,0,0.93631405476465
"2138","1325","Ec_N",36,38,38,"Ec",16,1,1,1,1,0,0.93631405476465
"2139","1325","Ec_N",36,39,39,"Ec",16,1,1,1,1,0,0.93631405476465
"2140","1325","Ec_N",36,40,40,"Ec",16,1,1,1,1,0,0.93631405476465
"2141","1325","Ec_N",36,41,41,"Ec",16,1,1,1,1,0,0.93631405476465
"2142","1325","Ec_N",36,42,42,"Ec",16,1,1,1,1,0,0.93631405476465
"2143","1325","Ec_N",36,43,43,"Ec",16,1,1,1,1,0,0.93631405476465
"2144","1325","Ec_N",36,44,44,"Ec",16,1,1,1,1,0,0.93631405476465
"2145","1325","Ec_N",36,45,45,"Ec",16,1,1,1,1,0,0.93631405476465
"2146","1325","Ec_N",36,46,46,"Ec",16,1,1,1,1,0,0.93631405476465
"2147","1325","Ec_N",36,47,47,"Ec",16,1,1,1,1,0,0.93631405476465
"2148","1325","Ec_N",36,48,48,"Ec",16,1,1,1,1,0,0.93631405476465
"2149","1325","Ec_N",36,49,49,"Ec",16,1,1,1,1,0,0.93631405476465
"2150","1325","Ec_N",36,50,50,"Ec",16,1,1,1,1,0,0.93631405476465
"2151","1325","Ec_N",36,51,51,"Ec",16,1,1,1,1,0,0.93631405476465
"2152","1325","Ec_N",36,52,52,"Ec",16,1,1,1,1,0,0.93631405476465
"2153","1325","Ec_N",36,53,53,"Ec",16,1,1,1,1,0,0.93631405476465
"2154","1325","Ec_N",36,54,54,"Ec",16,1,1,1,1,0,0.93631405476465
"2155","1325","Ec_N",36,55,55,"Ec",16,1,1,1,1,0,0.93631405476465
"2156","1325","Ec_N",36,56,56,"Ec",16,1,1,1,1,0,0.93631405476465
"2157","1325","Ec_N",36,57,57,"Ec",16,1,1,1,1,0,0.93631405476465
"2158","1325","Ec_N",36,58,58,"Ec",16,1,1,1,1,0,0.93631405476465
"2159","1325","Ec_N",36,59,59,"Ec",16,1,1,1,1,0,0.93631405476465
"2160","1325","Ec_N",36,60,60,"Ec",16,1,1,1,1,0,0.93631405476465
"2161","1325","Ec_N",37,1,1,"Ec",1,0,0,0,0,0,0
"2162","1325","Ec_N",37,2,2,"Ec",1,0,0,0,0,0,0
"2163","1325","Ec_N",37,3,3,"Ec",1,0,0,0,0,0,0
"2164","1325","Ec_N",37,4,4,"Ec",1,0,0,0,0,0,0
"2165","1325","Ec_N",37,5,5,"Ec",17,0,0,0,0,1,0.0636859452353503
"2166","1325","Ec_N",37,6,6,"Ec",17,0,0,0,0,1,0.0636859452353503
"2167","1325","Ec_N",37,7,7,"Ec",17,0,0,0,0,1,0.0636859452353503
"2168","1325","Ec_N",37,8,8,"Ec",25,0,0,0,1,1,0.112710429195588
"2169","1325","Ec_N",37,9,9,"Ec",25,0,0,0,1,1,0.112710429195588
"2170","1325","Ec_N",37,10,10,"Ec",25,0,0,0,1,1,0.112710429195588
"2171","1325","Ec_N",37,11,11,"Ec",25,0,0,0,1,1,0.112710429195588
"2172","1325","Ec_N",37,12,12,"Ec",25,0,0,0,1,1,0.112710429195588
"2173","1325","Ec_N",37,13,13,"Ec",29,0,0,1,1,1,0.272339457647783
"2174","1325","Ec_N",37,14,14,"Ec",30,1,0,1,1,1,0.579561703752182
"2175","1325","Ec_N",37,15,15,"Ec",30,1,0,1,1,1,0.579561703752182
"2176","1325","Ec_N",37,16,16,"Ec",30,1,0,1,1,1,0.579561703752182
"2177","1325","Ec_N",37,17,17,"Ec",30,1,0,1,1,1,0.579561703752182
"2178","1325","Ec_N",37,18,18,"Ec",30,1,0,1,1,1,0.579561703752182
"2179","1325","Ec_N",37,19,19,"Ec",30,1,0,1,1,1,0.579561703752182
"2180","1325","Ec_N",37,20,20,"Ec",30,1,0,1,1,1,0.579561703752182
"2181","1325","Ec_N",37,21,21,"Ec",30,1,0,1,1,1,0.579561703752182
"2182","1325","Ec_N",37,22,22,"Ec",30,1,0,1,1,1,0.579561703752182
"2183","1325","Ec_N",37,23,23,"Ec",30,1,0,1,1,1,0.579561703752182
"2184","1325","Ec_N",37,24,24,"Ec",30,1,0,1,1,1,0.579561703752182
"2185","1325","Ec_N",37,25,25,"Ec",30,1,0,1,1,1,0.579561703752182
"2186","1325","Ec_N",37,26,26,"Ec",30,1,0,1,1,1,0.579561703752182
"2187","1325","Ec_N",37,27,27,"Ec",30,1,0,1,1,1,0.579561703752182
"2188","1325","Ec_N",37,28,28,"Ec",30,1,0,1,1,1,0.579561703752182
"2189","1325","Ec_N",37,29,29,"Ec",30,1,0,1,1,1,0.579561703752182
"2190","1325","Ec_N",37,30,30,"Ec",30,1,0,1,1,1,0.579561703752182
"2191","1325","Ec_N",37,31,31,"Ec",30,1,0,1,1,1,0.579561703752182
"2192","1325","Ec_N",37,32,32,"Ec",30,1,0,1,1,1,0.579561703752182
"2193","1325","Ec_N",37,33,33,"Ec",30,1,0,1,1,1,0.579561703752182
"2194","1325","Ec_N",37,34,34,"Ec",30,1,0,1,1,1,0.579561703752182
"2195","1325","Ec_N",37,35,35,"Ec",30,1,0,1,1,1,0.579561703752182
"2196","1325","Ec_N",37,36,36,"Ec",30,1,0,1,1,1,0.579561703752182
"2197","1325","Ec_N",37,37,37,"Ec",30,1,0,1,1,1,0.579561703752182
"2198","1325","Ec_N",37,38,38,"Ec",30,1,0,1,1,1,0.579561703752182
"2199","1325","Ec_N",37,39,39,"Ec",30,1,0,1,1,1,0.579561703752182
"2200","1325","Ec_N",37,40,40,"Ec",30,1,0,1,1,1,0.579561703752182
"2201","1325","Ec_N",37,41,41,"Ec",30,1,0,1,1,1,0.579561703752182
"2202","1325","Ec_N",37,42,42,"Ec",30,1,0,1,1,1,0.579561703752182
"2203","1325","Ec_N",37,43,43,"Ec",30,1,0,1,1,1,0.579561703752182
"2204","1325","Ec_N",37,44,44,"Ec",32,1,1,1,1,1,1
"2205","1325","Ec_N",37,45,45,"Ec",32,1,1,1,1,1,1
"2206","1325","Ec_N",37,46,46,"Ec",32,1,1,1,1,1,1
"2207","1325","Ec_N",37,47,47,"Ec",32,1,1,1,1,1,1
"2208","1325","Ec_N",37,48,48,"Ec",32,1,1,1,1,1,1
"2209","1325","Ec_N",37,49,49,"Ec",32,1,1,1,1,1,1
"2210","1325","Ec_N",37,50,50,"Ec",32,1,1,1,1,1,1
"2211","1325","Ec_N",37,51,51,"Ec",32,1,1,1,1,1,1
"2212","1325","Ec_N",37,52,52,"Ec",32,1,1,1,1,1,1
"2213","1325","Ec_N",37,53,53,"Ec",32,1,1,1,1,1,1
"2214","1325","Ec_N",37,54,54,"Ec",32,1,1,1,1,1,1
"2215","1325","Ec_N",37,55,55,"Ec",32,1,1,1,1,1,1
"2216","1325","Ec_N",37,56,56,"Ec",32,1,1,1,1,1,1
"2217","1325","Ec_N",37,57,57,"Ec",32,1,1,1,1,1,1
"2218","1325","Ec_N",37,58,58,"Ec",32,1,1,1,1,1,1
"2219","1325","Ec_N",37,59,59,"Ec",32,1,1,1,1,1,1
"2220","1325","Ec_N",37,60,60,"Ec",32,1,1,1,1,1,1
"2221","1325","Ec_N",38,1,1,"Ec",1,0,0,0,0,0,0
"2222","1325","Ec_N",38,2,2,"Ec",1,0,0,0,0,0,0
"2223","1325","Ec_N",38,3,3,"Ec",1,0,0,0,0,0,0
"2224","1325","Ec_N",38,4,4,"Ec",1,0,0,0,0,0,0
"2225","1325","Ec_N",38,5,5,"Ec",1,0,0,0,0,0,0
"2226","1325","Ec_N",38,6,6,"Ec",1,0,0,0,0,0,0
"2227","1325","Ec_N",38,7,7,"Ec",9,0,0,0,1,0,0.0490244839602376
"2228","1325","Ec_N",38,8,8,"Ec",9,0,0,0,1,0,0.0490244839602376
"2229","1325","Ec_N",38,9,9,"Ec",13,0,0,1,1,0,0.208653512412432
"2230","1325","Ec_N",38,10,10,"Ec",13,0,0,1,1,0,0.208653512412432
"2231","1325","Ec_N",38,11,11,"Ec",13,0,0,1,1,0,0.208653512412432
"2232","1325","Ec_N",38,12,12,"Ec",13,0,0,1,1,0,0.208653512412432
"2233","1325","Ec_N",38,13,13,"Ec",29,0,0,1,1,1,0.272339457647783
"2234","1325","Ec_N",38,14,14,"Ec",29,0,0,1,1,1,0.272339457647783
"2235","1325","Ec_N",38,15,15,"Ec",29,0,0,1,1,1,0.272339457647783
"2236","1325","Ec_N",38,16,16,"Ec",29,0,0,1,1,1,0.272339457647783
"2237","1325","Ec_N",38,17,17,"Ec",30,1,0,1,1,1,0.579561703752182
"2238","1325","Ec_N",38,18,18,"Ec",32,1,1,1,1,1,1
"2239","1325","Ec_N",38,19,19,"Ec",32,1,1,1,1,1,1
"2240","1325","Ec_N",38,20,20,"Ec",32,1,1,1,1,1,1
"2241","1325","Ec_N",38,21,21,"Ec",32,1,1,1,1,1,1
"2242","1325","Ec_N",38,22,22,"Ec",32,1,1,1,1,1,1
"2243","1325","Ec_N",38,23,23,"Ec",32,1,1,1,1,1,1
"2244","1325","Ec_N",38,24,24,"Ec",32,1,1,1,1,1,1
"2245","1325","Ec_N",38,25,25,"Ec",32,1,1,1,1,1,1
"2246","1325","Ec_N",38,26,26,"Ec",32,1,1,1,1,1,1
"2247","1325","Ec_N",38,27,27,"Ec",32,1,1,1,1,1,1
"2248","1325","Ec_N",38,28,28,"Ec",32,1,1,1,1,1,1
"2249","1325","Ec_N",38,29,29,"Ec",32,1,1,1,1,1,1
"2250","1325","Ec_N",38,30,30,"Ec",32,1,1,1,1,1,1
"2251","1325","Ec_N",38,31,31,"Ec",32,1,1,1,1,1,1
"2252","1325","Ec_N",38,32,32,"Ec",32,1,1,1,1,1,1
"2253","1325","Ec_N",38,33,33,"Ec",32,1,1,1,1,1,1
"2254","1325","Ec_N",38,34,34,"Ec",32,1,1,1,1,1,1
"2255","1325","Ec_N",38,35,35,"Ec",32,1,1,1,1,1,1
"2256","1325","Ec_N",38,36,36,"Ec",32,1,1,1,1,1,1
"2257","1325","Ec_N",38,37,37,"Ec",32,1,1,1,1,1,1
"2258","1325","Ec_N",38,38,38,"Ec",32,1,1,1,1,1,1
"2259","1325","Ec_N",38,39,39,"Ec",32,1,1,1,1,1,1
"2260","1325","Ec_N",38,40,40,"Ec",32,1,1,1,1,1,1
"2261","1325","Ec_N",38,41,41,"Ec",32,1,1,1,1,1,1
"2262","1325","Ec_N",38,42,42,"Ec",32,1,1,1,1,1,1
"2263","1325","Ec_N",38,43,43,"Ec",32,1,1,1,1,1,1
"2264","1325","Ec_N",38,44,44,"Ec",32,1,1,1,1,1,1
"2265","1325","Ec_N",38,45,45,"Ec",32,1,1,1,1,1,1
"2266","1325","Ec_N",38,46,46,"Ec",32,1,1,1,1,1,1
"2267","1325","Ec_N",38,47,47,"Ec",32,1,1,1,1,1,1
"2268","1325","Ec_N",38,48,48,"Ec",32,1,1,1,1,1,1
"2269","1325","Ec_N",38,49,49,"Ec",32,1,1,1,1,1,1
"2270","1325","Ec_N",38,50,50,"Ec",32,1,1,1,1,1,1
"2271","1325","Ec_N",38,51,51,"Ec",32,1,1,1,1,1,1
"2272","1325","Ec_N",38,52,52,"Ec",32,1,1,1,1,1,1
"2273","1325","Ec_N",38,53,53,"Ec",32,1,1,1,1,1,1
"2274","1325","Ec_N",38,54,54,"Ec",32,1,1,1,1,1,1
"2275","1325","Ec_N",38,55,55,"Ec",32,1,1,1,1,1,1
"2276","1325","Ec_N",38,56,56,"Ec",32,1,1,1,1,1,1
"2277","1325","Ec_N",38,57,57,"Ec",32,1,1,1,1,1,1
"2278","1325","Ec_N",38,58,58,"Ec",32,1,1,1,1,1,1
"2279","1325","Ec_N",38,59,59,"Ec",32,1,1,1,1,1,1
"2280","1325","Ec_N",38,60,60,"Ec",32,1,1,1,1,1,1
"2281","1325","Ec_N",39,1,1,"Ec",1,0,0,0,0,0,0
"2282","1325","Ec_N",39,2,2,"Ec",1,0,0,0,0,0,0
"2283","1325","Ec_N",39,3,3,"Ec",17,0,0,0,0,1,0.0636859452353503
"2284","1325","Ec_N",39,4,4,"Ec",17,0,0,0,0,1,0.0636859452353503
"2285","1325","Ec_N",39,5,5,"Ec",17,0,0,0,0,1,0.0636859452353503
"2286","1325","Ec_N",39,6,6,"Ec",17,0,0,0,0,1,0.0636859452353503
"2287","1325","Ec_N",39,7,7,"Ec",17,0,0,0,0,1,0.0636859452353503
"2288","1325","Ec_N",39,8,8,"Ec",17,0,0,0,0,1,0.0636859452353503
"2289","1325","Ec_N",39,9,9,"Ec",19,0,1,0,0,1,0.484124241483168
"2290","1325","Ec_N",39,10,10,"Ec",20,1,1,0,0,1,0.791346487587567
"2291","1325","Ec_N",39,11,11,"Ec",20,1,1,0,0,1,0.791346487587567
"2292","1325","Ec_N",39,12,12,"Ec",20,1,1,0,0,1,0.791346487587567
"2293","1325","Ec_N",39,13,13,"Ec",20,1,1,0,0,1,0.791346487587567
"2294","1325","Ec_N",39,14,14,"Ec",20,1,1,0,0,1,0.791346487587567
"2295","1325","Ec_N",39,15,15,"Ec",20,1,1,0,0,1,0.791346487587567
"2296","1325","Ec_N",39,16,16,"Ec",24,1,1,1,0,1,0.872975948786018
"2297","1325","Ec_N",39,17,17,"Ec",24,1,1,1,0,1,0.872975948786018
"2298","1325","Ec_N",39,18,18,"Ec",24,1,1,1,0,1,0.872975948786018
"2299","1325","Ec_N",39,19,19,"Ec",24,1,1,1,0,1,0.872975948786018
"2300","1325","Ec_N",39,20,20,"Ec",24,1,1,1,0,1,0.872975948786018
"2301","1325","Ec_N",39,21,21,"Ec",24,1,1,1,0,1,0.872975948786018
"2302","1325","Ec_N",39,22,22,"Ec",24,1,1,1,0,1,0.872975948786018
"2303","1325","Ec_N",39,23,23,"Ec",24,1,1,1,0,1,0.872975948786018
"2304","1325","Ec_N",39,24,24,"Ec",24,1,1,1,0,1,0.872975948786018
"2305","1325","Ec_N",39,25,25,"Ec",24,1,1,1,0,1,0.872975948786018
"2306","1325","Ec_N",39,26,26,"Ec",24,1,1,1,0,1,0.872975948786018
"2307","1325","Ec_N",39,27,27,"Ec",24,1,1,1,0,1,0.872975948786018
"2308","1325","Ec_N",39,28,28,"Ec",24,1,1,1,0,1,0.872975948786018
"2309","1325","Ec_N",39,29,29,"Ec",24,1,1,1,0,1,0.872975948786018
"2310","1325","Ec_N",39,30,30,"Ec",24,1,1,1,0,1,0.872975948786018
"2311","1325","Ec_N",39,31,31,"Ec",24,1,1,1,0,1,0.872975948786018
"2312","1325","Ec_N",39,32,32,"Ec",24,1,1,1,0,1,0.872975948786018
"2313","1325","Ec_N",39,33,33,"Ec",24,1,1,1,0,1,0.872975948786018
"2314","1325","Ec_N",39,34,34,"Ec",24,1,1,1,0,1,0.872975948786018
"2315","1325","Ec_N",39,35,35,"Ec",24,1,1,1,0,1,0.872975948786018
"2316","1325","Ec_N",39,36,36,"Ec",24,1,1,1,0,1,0.872975948786018
"2317","1325","Ec_N",39,37,37,"Ec",24,1,1,1,0,1,0.872975948786018
"2318","1325","Ec_N",39,38,38,"Ec",24,1,1,1,0,1,0.872975948786018
"2319","1325","Ec_N",39,39,39,"Ec",24,1,1,1,0,1,0.872975948786018
"2320","1325","Ec_N",39,40,40,"Ec",24,1,1,1,0,1,0.872975948786018
"2321","1325","Ec_N",39,41,41,"Ec",24,1,1,1,0,1,0.872975948786018
"2322","1325","Ec_N",39,42,42,"Ec",24,1,1,1,0,1,0.872975948786018
"2323","1325","Ec_N",39,43,43,"Ec",24,1,1,1,0,1,0.872975948786018
"2324","1325","Ec_N",39,44,44,"Ec",24,1,1,1,0,1,0.872975948786018
"2325","1325","Ec_N",39,45,45,"Ec",24,1,1,1,0,1,0.872975948786018
"2326","1325","Ec_N",39,46,46,"Ec",24,1,1,1,0,1,0.872975948786018
"2327","1325","Ec_N",39,47,47,"Ec",8,1,1,1,0,0,0.887289570804412
"2328","1325","Ec_N",39,48,48,"Ec",8,1,1,1,0,0,0.887289570804412
"2329","1325","Ec_N",39,49,49,"Ec",8,1,1,1,0,0,0.887289570804412
"2330","1325","Ec_N",39,50,50,"Ec",8,1,1,1,0,0,0.887289570804412
"2331","1325","Ec_N",39,51,51,"Ec",8,1,1,1,0,0,0.887289570804412
"2332","1325","Ec_N",39,52,52,"Ec",8,1,1,1,0,0,0.887289570804412
"2333","1325","Ec_N",39,53,53,"Ec",8,1,1,1,0,0,0.887289570804412
"2334","1325","Ec_N",39,54,54,"Ec",8,1,1,1,0,0,0.887289570804412
"2335","1325","Ec_N",39,55,55,"Ec",8,1,1,1,0,0,0.887289570804412
"2336","1325","Ec_N",39,56,56,"Ec",8,1,1,1,0,0,0.887289570804412
"2337","1325","Ec_N",39,57,57,"Ec",8,1,1,1,0,0,0.887289570804412
"2338","1325","Ec_N",39,58,58,"Ec",8,1,1,1,0,0,0.887289570804412
"2339","1325","Ec_N",39,59,59,"Ec",8,1,1,1,0,0,0.887289570804412
"2340","1325","Ec_N",39,60,60,"Ec",8,1,1,1,0,0,0.887289570804412
"2341","1325","Ec_N",40,1,1,"Ec",1,0,0,0,0,0,0
"2342","1325","Ec_N",40,2,2,"Ec",1,0,0,0,0,0,0
"2343","1325","Ec_N",40,3,3,"Ec",1,0,0,0,0,0,0
"2344","1325","Ec_N",40,4,4,"Ec",1,0,0,0,0,0,0
"2345","1325","Ec_N",40,5,5,"Ec",1,0,0,0,0,0,0
"2346","1325","Ec_N",40,6,6,"Ec",9,0,0,0,1,0,0.0490244839602376
"2347","1325","Ec_N",40,7,7,"Ec",9,0,0,0,1,0,0.0490244839602376
"2348","1325","Ec_N",40,8,8,"Ec",11,0,1,0,1,0,0.503461616060769
"2349","1325","Ec_N",40,9,9,"Ec",27,0,1,0,1,1,0.533148725443406
"2350","1325","Ec_N",40,10,10,"Ec",27,0,1,0,1,1,0.533148725443406
"2351","1325","Ec_N",40,11,11,"Ec",27,0,1,0,1,1,0.533148725443406
"2352","1325","Ec_N",40,12,12,"Ec",27,0,1,0,1,1,0.533148725443406
"2353","1325","Ec_N",40,13,13,"Ec",27,0,1,0,1,1,0.533148725443406
"2354","1325","Ec_N",40,14,14,"Ec",27,0,1,0,1,1,0.533148725443406
"2355","1325","Ec_N",40,15,15,"Ec",28,1,1,0,1,1,0.815884725734249
"2356","1325","Ec_N",40,16,16,"Ec",28,1,1,0,1,1,0.815884725734249
"2357","1325","Ec_N",40,17,17,"Ec",28,1,1,0,1,1,0.815884725734249
"2358","1325","Ec_N",40,18,18,"Ec",28,1,1,0,1,1,0.815884725734249
"2359","1325","Ec_N",40,19,19,"Ec",28,1,1,0,1,1,0.815884725734249
"2360","1325","Ec_N",40,20,20,"Ec",28,1,1,0,1,1,0.815884725734249
"2361","1325","Ec_N",40,21,21,"Ec",28,1,1,0,1,1,0.815884725734249
"2362","1325","Ec_N",40,22,22,"Ec",28,1,1,0,1,1,0.815884725734249
"2363","1325","Ec_N",40,23,23,"Ec",28,1,1,0,1,1,0.815884725734249
"2364","1325","Ec_N",40,24,24,"Ec",28,1,1,0,1,1,0.815884725734249
"2365","1325","Ec_N",40,25,25,"Ec",32,1,1,1,1,1,1
"2366","1325","Ec_N",40,26,26,"Ec",32,1,1,1,1,1,1
"2367","1325","Ec_N",40,27,27,"Ec",32,1,1,1,1,1,1
"2368","1325","Ec_N",40,28,28,"Ec",32,1,1,1,1,1,1
"2369","1325","Ec_N",40,29,29,"Ec",32,1,1,1,1,1,1
"2370","1325","Ec_N",40,30,30,"Ec",32,1,1,1,1,1,1
"2371","1325","Ec_N",40,31,31,"Ec",32,1,1,1,1,1,1
"2372","1325","Ec_N",40,32,32,"Ec",32,1,1,1,1,1,1
"2373","1325","Ec_N",40,33,33,"Ec",32,1,1,1,1,1,1
"2374","1325","Ec_N",40,34,34,"Ec",32,1,1,1,1,1,1
"2375","1325","Ec_N",40,35,35,"Ec",32,1,1,1,1,1,1
"2376","1325","Ec_N",40,36,36,"Ec",32,1,1,1,1,1,1
"2377","1325","Ec_N",40,37,37,"Ec",32,1,1,1,1,1,1
"2378","1325","Ec_N",40,38,38,"Ec",32,1,1,1,1,1,1
"2379","1325","Ec_N",40,39,39,"Ec",32,1,1,1,1,1,1
"2380","1325","Ec_N",40,40,40,"Ec",32,1,1,1,1,1,1
"2381","1325","Ec_N",40,41,41,"Ec",32,1,1,1,1,1,1
"2382","1325","Ec_N",40,42,42,"Ec",32,1,1,1,1,1,1
"2383","1325","Ec_N",40,43,43,"Ec",32,1,1,1,1,1,1
"2384","1325","Ec_N",40,44,44,"Ec",32,1,1,1,1,1,1
"2385","1325","Ec_N",40,45,45,"Ec",32,1,1,1,1,1,1
"2386","1325","Ec_N",40,46,46,"Ec",32,1,1,1,1,1,1
"2387","1325","Ec_N",40,47,47,"Ec",32,1,1,1,1,1,1
"2388","1325","Ec_N",40,48,48,"Ec",32,1,1,1,1,1,1
"2389","1325","Ec_N",40,49,49,"Ec",32,1,1,1,1,1,1
"2390","1325","Ec_N",40,50,50,"Ec",32,1,1,1,1,1,1
"2391","1325","Ec_N",40,51,51,"Ec",32,1,1,1,1,1,1
"2392","1325","Ec_N",40,52,52,"Ec",32,1,1,1,1,1,1
"2393","1325","Ec_N",40,53,53,"Ec",32,1,1,1,1,1,1
"2394","1325","Ec_N",40,54,54,"Ec",32,1,1,1,1,1,1
"2395","1325","Ec_N",40,55,55,"Ec",32,1,1,1,1,1,1
"2396","1325","Ec_N",40,56,56,"Ec",32,1,1,1,1,1,1
"2397","1325","Ec_N",40,57,57,"Ec",32,1,1,1,1,1,1
"2398","1325","Ec_N",40,58,58,"Ec",32,1,1,1,1,1,1
"2399","1325","Ec_N",40,59,59,"Ec",32,1,1,1,1,1,1
"2400","1325","Ec_N",40,60,60,"Ec",32,1,1,1,1,1,1
"2401","1325","Ec_N",41,1,1,"Ec",1,0,0,0,0,0,0
"2402","1325","Ec_N",41,2,2,"Ec",1,0,0,0,0,0,0
"2403","1325","Ec_N",41,3,3,"Ec",1,0,0,0,0,0,0
"2404","1325","Ec_N",41,4,4,"Ec",1,0,0,0,0,0,0
"2405","1325","Ec_N",41,5,5,"Ec",1,0,0,0,0,0,0
"2406","1325","Ec_N",41,6,6,"Ec",1,0,0,0,0,0,0
"2407","1325","Ec_N",41,7,7,"Ec",1,0,0,0,0,0,0
"2408","1325","Ec_N",41,8,8,"Ec",1,0,0,0,0,0,0
"2409","1325","Ec_N",41,9,9,"Ec",1,0,0,0,0,0,0
"2410","1325","Ec_N",41,10,10,"Ec",17,0,0,0,0,1,0.0636859452353503
"2411","1325","Ec_N",41,11,11,"Ec",17,0,0,0,0,1,0.0636859452353503
"2412","1325","Ec_N",41,12,12,"Ec",19,0,1,0,0,1,0.484124241483168
"2413","1325","Ec_N",41,13,13,"Ec",19,0,1,0,0,1,0.484124241483168
"2414","1325","Ec_N",41,14,14,"Ec",23,0,1,1,0,1,0.57389469344254
"2415","1325","Ec_N",41,15,15,"Ec",23,0,1,1,0,1,0.57389469344254
"2416","1325","Ec_N",41,16,16,"Ec",23,0,1,1,0,1,0.57389469344254
"2417","1325","Ec_N",41,17,17,"Ec",23,0,1,1,0,1,0.57389469344254
"2418","1325","Ec_N",41,18,18,"Ec",31,0,1,1,1,1,0.6927777538956
"2419","1325","Ec_N",41,19,19,"Ec",31,0,1,1,1,1,0.6927777538956
"2420","1325","Ec_N",41,20,20,"Ec",31,0,1,1,1,1,0.6927777538956
"2421","1325","Ec_N",41,21,21,"Ec",31,0,1,1,1,1,0.6927777538956
"2422","1325","Ec_N",41,22,22,"Ec",31,0,1,1,1,1,0.6927777538956
"2423","1325","Ec_N",41,23,23,"Ec",31,0,1,1,1,1,0.6927777538956
"2424","1325","Ec_N",41,24,24,"Ec",31,0,1,1,1,1,0.6927777538956
"2425","1325","Ec_N",41,25,25,"Ec",31,0,1,1,1,1,0.6927777538956
"2426","1325","Ec_N",41,26,26,"Ec",31,0,1,1,1,1,0.6927777538956
"2427","1325","Ec_N",41,27,27,"Ec",31,0,1,1,1,1,0.6927777538956
"2428","1325","Ec_N",41,28,28,"Ec",31,0,1,1,1,1,0.6927777538956
"2429","1325","Ec_N",41,29,29,"Ec",31,0,1,1,1,1,0.6927777538956
"2430","1325","Ec_N",41,30,30,"Ec",31,0,1,1,1,1,0.6927777538956
"2431","1325","Ec_N",41,31,31,"Ec",31,0,1,1,1,1,0.6927777538956
"2432","1325","Ec_N",41,32,32,"Ec",31,0,1,1,1,1,0.6927777538956
"2433","1325","Ec_N",41,33,33,"Ec",31,0,1,1,1,1,0.6927777538956
"2434","1325","Ec_N",41,34,34,"Ec",31,0,1,1,1,1,0.6927777538956
"2435","1325","Ec_N",41,35,35,"Ec",31,0,1,1,1,1,0.6927777538956
"2436","1325","Ec_N",41,36,36,"Ec",31,0,1,1,1,1,0.6927777538956
"2437","1325","Ec_N",41,37,37,"Ec",31,0,1,1,1,1,0.6927777538956
"2438","1325","Ec_N",41,38,38,"Ec",31,0,1,1,1,1,0.6927777538956
"2439","1325","Ec_N",41,39,39,"Ec",31,0,1,1,1,1,0.6927777538956
"2440","1325","Ec_N",41,40,40,"Ec",31,0,1,1,1,1,0.6927777538956
"2441","1325","Ec_N",41,41,41,"Ec",31,0,1,1,1,1,0.6927777538956
"2442","1325","Ec_N",41,42,42,"Ec",31,0,1,1,1,1,0.6927777538956
"2443","1325","Ec_N",41,43,43,"Ec",31,0,1,1,1,1,0.6927777538956
"2444","1325","Ec_N",41,44,44,"Ec",31,0,1,1,1,1,0.6927777538956
"2445","1325","Ec_N",41,45,45,"Ec",31,0,1,1,1,1,0.6927777538956
"2446","1325","Ec_N",41,46,46,"Ec",31,0,1,1,1,1,0.6927777538956
"2447","1325","Ec_N",41,47,47,"Ec",31,0,1,1,1,1,0.6927777538956
"2448","1325","Ec_N",41,48,48,"Ec",31,0,1,1,1,1,0.6927777538956
"2449","1325","Ec_N",41,49,49,"Ec",31,0,1,1,1,1,0.6927777538956
"2450","1325","Ec_N",41,50,50,"Ec",31,0,1,1,1,1,0.6927777538956
"2451","1325","Ec_N",41,51,51,"Ec",31,0,1,1,1,1,0.6927777538956
"2452","1325","Ec_N",41,52,52,"Ec",31,0,1,1,1,1,0.6927777538956
"2453","1325","Ec_N",41,53,53,"Ec",31,0,1,1,1,1,0.6927777538956
"2454","1325","Ec_N",41,54,54,"Ec",31,0,1,1,1,1,0.6927777538956
"2455","1325","Ec_N",41,55,55,"Ec",31,0,1,1,1,1,0.6927777538956
"2456","1325","Ec_N",41,56,56,"Ec",31,0,1,1,1,1,0.6927777538956
"2457","1325","Ec_N",41,57,57,"Ec",31,0,1,1,1,1,0.6927777538956
"2458","1325","Ec_N",41,58,58,"Ec",31,0,1,1,1,1,0.6927777538956
"2459","1325","Ec_N",41,59,59,"Ec",31,0,1,1,1,1,0.6927777538956
"2460","1325","Ec_N",41,60,60,"Ec",31,0,1,1,1,1,0.6927777538956
"2461","1325","Ec_N",42,1,1,"Ec",1,0,0,0,0,0,0
"2462","1325","Ec_N",42,2,2,"Ec",1,0,0,0,0,0,0
"2463","1325","Ec_N",42,3,3,"Ec",1,0,0,0,0,0,0
"2464","1325","Ec_N",42,4,4,"Ec",5,0,0,1,0,0,0.159629028452195
"2465","1325","Ec_N",42,5,5,"Ec",5,0,0,1,0,0,0.159629028452195
"2466","1325","Ec_N",42,6,6,"Ec",7,0,1,1,0,0,0.580067324700012
"2467","1325","Ec_N",42,7,7,"Ec",7,0,1,1,0,0,0.580067324700012
"2468","1325","Ec_N",42,8,8,"Ec",7,0,1,1,0,0,0.580067324700012
"2469","1325","Ec_N",42,9,9,"Ec",7,0,1,1,0,0,0.580067324700012
"2470","1325","Ec_N",42,10,10,"Ec",7,0,1,1,0,0,0.580067324700012
"2471","1325","Ec_N",42,11,11,"Ec",7,0,1,1,0,0,0.580067324700012
"2472","1325","Ec_N",42,12,12,"Ec",7,0,1,1,0,0,0.580067324700012
"2473","1325","Ec_N",42,13,13,"Ec",7,0,1,1,0,0,0.580067324700012
"2474","1325","Ec_N",42,14,14,"Ec",7,0,1,1,0,0,0.580067324700012
"2475","1325","Ec_N",42,15,15,"Ec",8,1,1,1,0,0,0.887289570804412
"2476","1325","Ec_N",42,16,16,"Ec",8,1,1,1,0,0,0.887289570804412
"2477","1325","Ec_N",42,17,17,"Ec",8,1,1,1,0,0,0.887289570804412
"2478","1325","Ec_N",42,18,18,"Ec",16,1,1,1,1,0,0.93631405476465
"2479","1325","Ec_N",42,19,19,"Ec",16,1,1,1,1,0,0.93631405476465
"2480","1325","Ec_N",42,20,20,"Ec",16,1,1,1,1,0,0.93631405476465
"2481","1325","Ec_N",42,21,21,"Ec",16,1,1,1,1,0,0.93631405476465
"2482","1325","Ec_N",42,22,22,"Ec",16,1,1,1,1,0,0.93631405476465
"2483","1325","Ec_N",42,23,23,"Ec",16,1,1,1,1,0,0.93631405476465
"2484","1325","Ec_N",42,24,24,"Ec",16,1,1,1,1,0,0.93631405476465
"2485","1325","Ec_N",42,25,25,"Ec",16,1,1,1,1,0,0.93631405476465
"2486","1325","Ec_N",42,26,26,"Ec",16,1,1,1,1,0,0.93631405476465
"2487","1325","Ec_N",42,27,27,"Ec",16,1,1,1,1,0,0.93631405476465
"2488","1325","Ec_N",42,28,28,"Ec",16,1,1,1,1,0,0.93631405476465
"2489","1325","Ec_N",42,29,29,"Ec",16,1,1,1,1,0,0.93631405476465
"2490","1325","Ec_N",42,30,30,"Ec",16,1,1,1,1,0,0.93631405476465
"2491","1325","Ec_N",42,31,31,"Ec",16,1,1,1,1,0,0.93631405476465
"2492","1325","Ec_N",42,32,32,"Ec",16,1,1,1,1,0,0.93631405476465
"2493","1325","Ec_N",42,33,33,"Ec",16,1,1,1,1,0,0.93631405476465
"2494","1325","Ec_N",42,34,34,"Ec",16,1,1,1,1,0,0.93631405476465
"2495","1325","Ec_N",42,35,35,"Ec",16,1,1,1,1,0,0.93631405476465
"2496","1325","Ec_N",42,36,36,"Ec",16,1,1,1,1,0,0.93631405476465
"2497","1325","Ec_N",42,37,37,"Ec",16,1,1,1,1,0,0.93631405476465
"2498","1325","Ec_N",42,38,38,"Ec",16,1,1,1,1,0,0.93631405476465
"2499","1325","Ec_N",42,39,39,"Ec",16,1,1,1,1,0,0.93631405476465
"2500","1325","Ec_N",42,40,40,"Ec",16,1,1,1,1,0,0.93631405476465
"2501","1325","Ec_N",42,41,41,"Ec",16,1,1,1,1,0,0.93631405476465
"2502","1325","Ec_N",42,42,42,"Ec",16,1,1,1,1,0,0.93631405476465
"2503","1325","Ec_N",42,43,43,"Ec",16,1,1,1,1,0,0.93631405476465
"2504","1325","Ec_N",42,44,44,"Ec",16,1,1,1,1,0,0.93631405476465
"2505","1325","Ec_N",42,45,45,"Ec",16,1,1,1,1,0,0.93631405476465
"2506","1325","Ec_N",42,46,46,"Ec",16,1,1,1,1,0,0.93631405476465
"2507","1325","Ec_N",42,47,47,"Ec",16,1,1,1,1,0,0.93631405476465
"2508","1325","Ec_N",42,48,48,"Ec",16,1,1,1,1,0,0.93631405476465
"2509","1325","Ec_N",42,49,49,"Ec",16,1,1,1,1,0,0.93631405476465
"2510","1325","Ec_N",42,50,50,"Ec",16,1,1,1,1,0,0.93631405476465
"2511","1325","Ec_N",42,51,51,"Ec",16,1,1,1,1,0,0.93631405476465
"2512","1325","Ec_N",42,52,52,"Ec",16,1,1,1,1,0,0.93631405476465
"2513","1325","Ec_N",42,53,53,"Ec",16,1,1,1,1,0,0.93631405476465
"2514","1325","Ec_N",42,54,54,"Ec",16,1,1,1,1,0,0.93631405476465
"2515","1325","Ec_N",42,55,55,"Ec",16,1,1,1,1,0,0.93631405476465
"2516","1325","Ec_N",42,56,56,"Ec",16,1,1,1,1,0,0.93631405476465
"2517","1325","Ec_N",42,57,57,"Ec",16,1,1,1,1,0,0.93631405476465
"2518","1325","Ec_N",42,58,58,"Ec",16,1,1,1,1,0,0.93631405476465
"2519","1325","Ec_N",42,59,59,"Ec",16,1,1,1,1,0,0.93631405476465
"2520","1325","Ec_N",42,60,60,"Ec",16,1,1,1,1,0,0.93631405476465
"2521","1325","Ec_N",43,1,1,"Ec",1,0,0,0,0,0,0
"2522","1325","Ec_N",43,2,2,"Ec",1,0,0,0,0,0,0
"2523","1325","Ec_N",43,3,3,"Ec",1,0,0,0,0,0,0
"2524","1325","Ec_N",43,4,4,"Ec",9,0,0,0,1,0,0.0490244839602376
"2525","1325","Ec_N",43,5,5,"Ec",9,0,0,0,1,0,0.0490244839602376
"2526","1325","Ec_N",43,6,6,"Ec",9,0,0,0,1,0,0.0490244839602376
"2527","1325","Ec_N",43,7,7,"Ec",9,0,0,0,1,0,0.0490244839602376
"2528","1325","Ec_N",43,8,8,"Ec",9,0,0,0,1,0,0.0490244839602376
"2529","1325","Ec_N",43,9,9,"Ec",9,0,0,0,1,0,0.0490244839602376
"2530","1325","Ec_N",43,10,10,"Ec",9,0,0,0,1,0,0.0490244839602376
"2531","1325","Ec_N",43,11,11,"Ec",9,0,0,0,1,0,0.0490244839602376
"2532","1325","Ec_N",43,12,12,"Ec",9,0,0,0,1,0,0.0490244839602376
"2533","1325","Ec_N",43,13,13,"Ec",9,0,0,0,1,0,0.0490244839602376
"2534","1325","Ec_N",43,14,14,"Ec",10,1,0,0,1,0,0.356246730064637
"2535","1325","Ec_N",43,15,15,"Ec",10,1,0,0,1,0,0.356246730064637
"2536","1325","Ec_N",43,16,16,"Ec",26,1,0,0,1,1,0.419932675299988
"2537","1325","Ec_N",43,17,17,"Ec",26,1,0,0,1,1,0.419932675299988
"2538","1325","Ec_N",43,18,18,"Ec",26,1,0,0,1,1,0.419932675299988
"2539","1325","Ec_N",43,19,19,"Ec",30,1,0,1,1,1,0.579561703752182
"2540","1325","Ec_N",43,20,20,"Ec",30,1,0,1,1,1,0.579561703752182
"2541","1325","Ec_N",43,21,21,"Ec",30,1,0,1,1,1,0.579561703752182
"2542","1325","Ec_N",43,22,22,"Ec",30,1,0,1,1,1,0.579561703752182
"2543","1325","Ec_N",43,23,23,"Ec",30,1,0,1,1,1,0.579561703752182
"2544","1325","Ec_N",43,24,24,"Ec",30,1,0,1,1,1,0.579561703752182
"2545","1325","Ec_N",43,25,25,"Ec",32,1,1,1,1,1,1
"2546","1325","Ec_N",43,26,26,"Ec",32,1,1,1,1,1,1
"2547","1325","Ec_N",43,27,27,"Ec",32,1,1,1,1,1,1
"2548","1325","Ec_N",43,28,28,"Ec",32,1,1,1,1,1,1
"2549","1325","Ec_N",43,29,29,"Ec",32,1,1,1,1,1,1
"2550","1325","Ec_N",43,30,30,"Ec",32,1,1,1,1,1,1
"2551","1325","Ec_N",43,31,31,"Ec",32,1,1,1,1,1,1
"2552","1325","Ec_N",43,32,32,"Ec",32,1,1,1,1,1,1
"2553","1325","Ec_N",43,33,33,"Ec",32,1,1,1,1,1,1
"2554","1325","Ec_N",43,34,34,"Ec",32,1,1,1,1,1,1
"2555","1325","Ec_N",43,35,35,"Ec",32,1,1,1,1,1,1
"2556","1325","Ec_N",43,36,36,"Ec",32,1,1,1,1,1,1
"2557","1325","Ec_N",43,37,37,"Ec",32,1,1,1,1,1,1
"2558","1325","Ec_N",43,38,38,"Ec",32,1,1,1,1,1,1
"2559","1325","Ec_N",43,39,39,"Ec",32,1,1,1,1,1,1
"2560","1325","Ec_N",43,40,40,"Ec",32,1,1,1,1,1,1
"2561","1325","Ec_N",43,41,41,"Ec",32,1,1,1,1,1,1
"2562","1325","Ec_N",43,42,42,"Ec",32,1,1,1,1,1,1
"2563","1325","Ec_N",43,43,43,"Ec",32,1,1,1,1,1,1
"2564","1325","Ec_N",43,44,44,"Ec",32,1,1,1,1,1,1
"2565","1325","Ec_N",43,45,45,"Ec",32,1,1,1,1,1,1
"2566","1325","Ec_N",43,46,46,"Ec",32,1,1,1,1,1,1
"2567","1325","Ec_N",43,47,47,"Ec",32,1,1,1,1,1,1
"2568","1325","Ec_N",43,48,48,"Ec",32,1,1,1,1,1,1
"2569","1325","Ec_N",43,49,49,"Ec",32,1,1,1,1,1,1
"2570","1325","Ec_N",43,50,50,"Ec",32,1,1,1,1,1,1
"2571","1325","Ec_N",43,51,51,"Ec",32,1,1,1,1,1,1
"2572","1325","Ec_N",43,52,52,"Ec",32,1,1,1,1,1,1
"2573","1325","Ec_N",43,53,53,"Ec",32,1,1,1,1,1,1
"2574","1325","Ec_N",43,54,54,"Ec",32,1,1,1,1,1,1
"2575","1325","Ec_N",43,55,55,"Ec",32,1,1,1,1,1,1
"2576","1325","Ec_N",43,56,56,"Ec",32,1,1,1,1,1,1
"2577","1325","Ec_N",43,57,57,"Ec",32,1,1,1,1,1,1
"2578","1325","Ec_N",43,58,58,"Ec",32,1,1,1,1,1,1
"2579","1325","Ec_N",43,59,59,"Ec",32,1,1,1,1,1,1
"2580","1325","Ec_N",43,60,60,"Ec",32,1,1,1,1,1,1
"2581","1325","Ec_N",44,1,1,"Ec",1,0,0,0,0,0,0
"2582","1325","Ec_N",44,2,2,"Ec",1,0,0,0,0,0,0
"2583","1325","Ec_N",44,3,3,"Ec",1,0,0,0,0,0,0
"2584","1325","Ec_N",44,4,4,"Ec",1,0,0,0,0,0,0
"2585","1325","Ec_N",44,5,5,"Ec",1,0,0,0,0,0,0
"2586","1325","Ec_N",44,6,6,"Ec",1,0,0,0,0,0,0
"2587","1325","Ec_N",44,7,7,"Ec",1,0,0,0,0,0,0
"2588","1325","Ec_N",44,8,8,"Ec",1,0,0,0,0,0,0
"2589","1325","Ec_N",44,9,9,"Ec",1,0,0,0,0,0,0
"2590","1325","Ec_N",44,10,10,"Ec",1,0,0,0,0,0,0
"2591","1325","Ec_N",44,11,11,"Ec",1,0,0,0,0,0,0
"2592","1325","Ec_N",44,12,12,"Ec",1,0,0,0,0,0,0
"2593","1325","Ec_N",44,13,13,"Ec",1,0,0,0,0,0,0
"2594","1325","Ec_N",44,14,14,"Ec",1,0,0,0,0,0,0
"2595","1325","Ec_N",44,15,15,"Ec",1,0,0,0,0,0,0
"2596","1325","Ec_N",44,16,16,"Ec",1,0,0,0,0,0,0
"2597","1325","Ec_N",44,17,17,"Ec",5,0,0,1,0,0,0.159629028452195
"2598","1325","Ec_N",44,18,18,"Ec",5,0,0,1,0,0,0.159629028452195
"2599","1325","Ec_N",44,19,19,"Ec",5,0,0,1,0,0,0.159629028452195
"2600","1325","Ec_N",44,20,20,"Ec",5,0,0,1,0,0,0.159629028452195
"2601","1325","Ec_N",44,21,21,"Ec",6,1,0,1,0,0,0.466851274556594
"2602","1325","Ec_N",44,22,22,"Ec",6,1,0,1,0,0,0.466851274556594
"2603","1325","Ec_N",44,23,23,"Ec",6,1,0,1,0,0,0.466851274556594
"2604","1325","Ec_N",44,24,24,"Ec",6,1,0,1,0,0,0.466851274556594
"2605","1325","Ec_N",44,25,25,"Ec",6,1,0,1,0,0,0.466851274556594
"2606","1325","Ec_N",44,26,26,"Ec",6,1,0,1,0,0,0.466851274556594
"2607","1325","Ec_N",44,27,27,"Ec",6,1,0,1,0,0,0.466851274556594
"2608","1325","Ec_N",44,28,28,"Ec",6,1,0,1,0,0,0.466851274556594
"2609","1325","Ec_N",44,29,29,"Ec",6,1,0,1,0,0,0.466851274556594
"2610","1325","Ec_N",44,30,30,"Ec",6,1,0,1,0,0,0.466851274556594
"2611","1325","Ec_N",44,31,31,"Ec",6,1,0,1,0,0,0.466851274556594
"2612","1325","Ec_N",44,32,32,"Ec",6,1,0,1,0,0,0.466851274556594
"2613","1325","Ec_N",44,33,33,"Ec",6,1,0,1,0,0,0.466851274556594
"2614","1325","Ec_N",44,34,34,"Ec",6,1,0,1,0,0,0.466851274556594
"2615","1325","Ec_N",44,35,35,"Ec",6,1,0,1,0,0,0.466851274556594
"2616","1325","Ec_N",44,36,36,"Ec",6,1,0,1,0,0,0.466851274556594
"2617","1325","Ec_N",44,37,37,"Ec",6,1,0,1,0,0,0.466851274556594
"2618","1325","Ec_N",44,38,38,"Ec",6,1,0,1,0,0,0.466851274556594
"2619","1325","Ec_N",44,39,39,"Ec",6,1,0,1,0,0,0.466851274556594
"2620","1325","Ec_N",44,40,40,"Ec",6,1,0,1,0,0,0.466851274556594
"2621","1325","Ec_N",44,41,41,"Ec",6,1,0,1,0,0,0.466851274556594
"2622","1325","Ec_N",44,42,42,"Ec",14,1,0,1,1,0,0.479175264165032
"2623","1325","Ec_N",44,43,43,"Ec",14,1,0,1,1,0,0.479175264165032
"2624","1325","Ec_N",44,44,44,"Ec",14,1,0,1,1,0,0.479175264165032
"2625","1325","Ec_N",44,45,45,"Ec",14,1,0,1,1,0,0.479175264165032
"2626","1325","Ec_N",44,46,46,"Ec",16,1,1,1,1,0,0.93631405476465
"2627","1325","Ec_N",44,47,47,"Ec",16,1,1,1,1,0,0.93631405476465
"2628","1325","Ec_N",44,48,48,"Ec",16,1,1,1,1,0,0.93631405476465
"2629","1325","Ec_N",44,49,49,"Ec",16,1,1,1,1,0,0.93631405476465
"2630","1325","Ec_N",44,50,50,"Ec",16,1,1,1,1,0,0.93631405476465
"2631","1325","Ec_N",44,51,51,"Ec",16,1,1,1,1,0,0.93631405476465
"2632","1325","Ec_N",44,52,52,"Ec",16,1,1,1,1,0,0.93631405476465
"2633","1325","Ec_N",44,53,53,"Ec",16,1,1,1,1,0,0.93631405476465
"2634","1325","Ec_N",44,54,54,"Ec",16,1,1,1,1,0,0.93631405476465
"2635","1325","Ec_N",44,55,55,"Ec",16,1,1,1,1,0,0.93631405476465
"2636","1325","Ec_N",44,56,56,"Ec",16,1,1,1,1,0,0.93631405476465
"2637","1325","Ec_N",44,57,57,"Ec",16,1,1,1,1,0,0.93631405476465
"2638","1325","Ec_N",44,58,58,"Ec",16,1,1,1,1,0,0.93631405476465
"2639","1325","Ec_N",44,59,59,"Ec",16,1,1,1,1,0,0.93631405476465
"2640","1325","Ec_N",44,60,60,"Ec",16,1,1,1,1,0,0.93631405476465
"2641","1325","Ec_N",45,1,1,"Ec",1,0,0,0,0,0,0
"2642","1325","Ec_N",45,2,2,"Ec",1,0,0,0,0,0,0
"2643","1325","Ec_N",45,3,3,"Ec",1,0,0,0,0,0,0
"2644","1325","Ec_N",45,4,4,"Ec",1,0,0,0,0,0,0
"2645","1325","Ec_N",45,5,5,"Ec",1,0,0,0,0,0,0
"2646","1325","Ec_N",45,6,6,"Ec",1,0,0,0,0,0,0
"2647","1325","Ec_N",45,7,7,"Ec",1,0,0,0,0,0,0
"2648","1325","Ec_N",45,8,8,"Ec",1,0,0,0,0,0,0
"2649","1325","Ec_N",45,9,9,"Ec",9,0,0,0,1,0,0.0490244839602376
"2650","1325","Ec_N",45,10,10,"Ec",9,0,0,0,1,0,0.0490244839602376
"2651","1325","Ec_N",45,11,11,"Ec",9,0,0,0,1,0,0.0490244839602376
"2652","1325","Ec_N",45,12,12,"Ec",9,0,0,0,1,0,0.0490244839602376
"2653","1325","Ec_N",45,13,13,"Ec",9,0,0,0,1,0,0.0490244839602376
"2654","1325","Ec_N",45,14,14,"Ec",9,0,0,0,1,0,0.0490244839602376
"2655","1325","Ec_N",45,15,15,"Ec",9,0,0,0,1,0,0.0490244839602376
"2656","1325","Ec_N",45,16,16,"Ec",9,0,0,0,1,0,0.0490244839602376
"2657","1325","Ec_N",45,17,17,"Ec",11,0,1,0,1,0,0.503461616060769
"2658","1325","Ec_N",45,18,18,"Ec",11,0,1,0,1,0,0.503461616060769
"2659","1325","Ec_N",45,19,19,"Ec",11,0,1,0,1,0,0.503461616060769
"2660","1325","Ec_N",45,20,20,"Ec",11,0,1,0,1,0,0.503461616060769
"2661","1325","Ec_N",45,21,21,"Ec",11,0,1,0,1,0,0.503461616060769
"2662","1325","Ec_N",45,22,22,"Ec",11,0,1,0,1,0,0.503461616060769
"2663","1325","Ec_N",45,23,23,"Ec",12,1,1,0,1,0,0.776685026312455
"2664","1325","Ec_N",45,24,24,"Ec",12,1,1,0,1,0,0.776685026312455
"2665","1325","Ec_N",45,25,25,"Ec",12,1,1,0,1,0,0.776685026312455
"2666","1325","Ec_N",45,26,26,"Ec",12,1,1,0,1,0,0.776685026312455
"2667","1325","Ec_N",45,27,27,"Ec",12,1,1,0,1,0,0.776685026312455
"2668","1325","Ec_N",45,28,28,"Ec",12,1,1,0,1,0,0.776685026312455
"2669","1325","Ec_N",45,29,29,"Ec",12,1,1,0,1,0,0.776685026312455
"2670","1325","Ec_N",45,30,30,"Ec",12,1,1,0,1,0,0.776685026312455
"2671","1325","Ec_N",45,31,31,"Ec",12,1,1,0,1,0,0.776685026312455
"2672","1325","Ec_N",45,32,32,"Ec",12,1,1,0,1,0,0.776685026312455
"2673","1325","Ec_N",45,33,33,"Ec",12,1,1,0,1,0,0.776685026312455
"2674","1325","Ec_N",45,34,34,"Ec",12,1,1,0,1,0,0.776685026312455
"2675","1325","Ec_N",45,35,35,"Ec",12,1,1,0,1,0,0.776685026312455
"2676","1325","Ec_N",45,36,36,"Ec",12,1,1,0,1,0,0.776685026312455
"2677","1325","Ec_N",45,37,37,"Ec",12,1,1,0,1,0,0.776685026312455
"2678","1325","Ec_N",45,38,38,"Ec",12,1,1,0,1,0,0.776685026312455
"2679","1325","Ec_N",45,39,39,"Ec",12,1,1,0,1,0,0.776685026312455
"2680","1325","Ec_N",45,40,40,"Ec",12,1,1,0,1,0,0.776685026312455
"2681","1325","Ec_N",45,41,41,"Ec",16,1,1,1,1,0,0.93631405476465
"2682","1325","Ec_N",45,42,42,"Ec",16,1,1,1,1,0,0.93631405476465
"2683","1325","Ec_N",45,43,43,"Ec",16,1,1,1,1,0,0.93631405476465
"2684","1325","Ec_N",45,44,44,"Ec",16,1,1,1,1,0,0.93631405476465
"2685","1325","Ec_N",45,45,45,"Ec",16,1,1,1,1,0,0.93631405476465
"2686","1325","Ec_N",45,46,46,"Ec",32,1,1,1,1,1,1
"2687","1325","Ec_N",45,47,47,"Ec",32,1,1,1,1,1,1
"2688","1325","Ec_N",45,48,48,"Ec",32,1,1,1,1,1,1
"2689","1325","Ec_N",45,49,49,"Ec",32,1,1,1,1,1,1
"2690","1325","Ec_N",45,50,50,"Ec",32,1,1,1,1,1,1
"2691","1325","Ec_N",45,51,51,"Ec",32,1,1,1,1,1,1
"2692","1325","Ec_N",45,52,52,"Ec",32,1,1,1,1,1,1
"2693","1325","Ec_N",45,53,53,"Ec",32,1,1,1,1,1,1
"2694","1325","Ec_N",45,54,54,"Ec",32,1,1,1,1,1,1
"2695","1325","Ec_N",45,55,55,"Ec",32,1,1,1,1,1,1
"2696","1325","Ec_N",45,56,56,"Ec",32,1,1,1,1,1,1
"2697","1325","Ec_N",45,57,57,"Ec",32,1,1,1,1,1,1
"2698","1325","Ec_N",45,58,58,"Ec",32,1,1,1,1,1,1
"2699","1325","Ec_N",45,59,59,"Ec",32,1,1,1,1,1,1
"2700","1325","Ec_N",45,60,60,"Ec",32,1,1,1,1,1,1
"2701","1325","Ec_N",46,1,1,"Ec",1,0,0,0,0,0,0
"2702","1325","Ec_N",46,2,2,"Ec",1,0,0,0,0,0,0
"2703","1325","Ec_N",46,3,3,"Ec",1,0,0,0,0,0,0
"2704","1325","Ec_N",46,4,4,"Ec",5,0,0,1,0,0,0.159629028452195
"2705","1325","Ec_N",46,5,5,"Ec",5,0,0,1,0,0,0.159629028452195
"2706","1325","Ec_N",46,6,6,"Ec",5,0,0,1,0,0,0.159629028452195
"2707","1325","Ec_N",46,7,7,"Ec",5,0,0,1,0,0,0.159629028452195
"2708","1325","Ec_N",46,8,8,"Ec",5,0,0,1,0,0,0.159629028452195
"2709","1325","Ec_N",46,9,9,"Ec",5,0,0,1,0,0,0.159629028452195
"2710","1325","Ec_N",46,10,10,"Ec",5,0,0,1,0,0,0.159629028452195
"2711","1325","Ec_N",46,11,11,"Ec",5,0,0,1,0,0,0.159629028452195
"2712","1325","Ec_N",46,12,12,"Ec",5,0,0,1,0,0,0.159629028452195
"2713","1325","Ec_N",46,13,13,"Ec",5,0,0,1,0,0,0.159629028452195
"2714","1325","Ec_N",46,14,14,"Ec",5,0,0,1,0,0,0.159629028452195
"2715","1325","Ec_N",46,15,15,"Ec",5,0,0,1,0,0,0.159629028452195
"2716","1325","Ec_N",46,16,16,"Ec",5,0,0,1,0,0,0.159629028452195
"2717","1325","Ec_N",46,17,17,"Ec",5,0,0,1,0,0,0.159629028452195
"2718","1325","Ec_N",46,18,18,"Ec",6,1,0,1,0,0,0.466851274556594
"2719","1325","Ec_N",46,19,19,"Ec",6,1,0,1,0,0,0.466851274556594
"2720","1325","Ec_N",46,20,20,"Ec",6,1,0,1,0,0,0.466851274556594
"2721","1325","Ec_N",46,21,21,"Ec",6,1,0,1,0,0,0.466851274556594
"2722","1325","Ec_N",46,22,22,"Ec",6,1,0,1,0,0,0.466851274556594
"2723","1325","Ec_N",46,23,23,"Ec",8,1,1,1,0,0,0.887289570804412
"2724","1325","Ec_N",46,24,24,"Ec",8,1,1,1,0,0,0.887289570804412
"2725","1325","Ec_N",46,25,25,"Ec",8,1,1,1,0,0,0.887289570804412
"2726","1325","Ec_N",46,26,26,"Ec",8,1,1,1,0,0,0.887289570804412
"2727","1325","Ec_N",46,27,27,"Ec",8,1,1,1,0,0,0.887289570804412
"2728","1325","Ec_N",46,28,28,"Ec",8,1,1,1,0,0,0.887289570804412
"2729","1325","Ec_N",46,29,29,"Ec",8,1,1,1,0,0,0.887289570804412
"2730","1325","Ec_N",46,30,30,"Ec",8,1,1,1,0,0,0.887289570804412
"2731","1325","Ec_N",46,31,31,"Ec",16,1,1,1,1,0,0.93631405476465
"2732","1325","Ec_N",46,32,32,"Ec",16,1,1,1,1,0,0.93631405476465
"2733","1325","Ec_N",46,33,33,"Ec",16,1,1,1,1,0,0.93631405476465
"2734","1325","Ec_N",46,34,34,"Ec",16,1,1,1,1,0,0.93631405476465
"2735","1325","Ec_N",46,35,35,"Ec",16,1,1,1,1,0,0.93631405476465
"2736","1325","Ec_N",46,36,36,"Ec",16,1,1,1,1,0,0.93631405476465
"2737","1325","Ec_N",46,37,37,"Ec",16,1,1,1,1,0,0.93631405476465
"2738","1325","Ec_N",46,38,38,"Ec",16,1,1,1,1,0,0.93631405476465
"2739","1325","Ec_N",46,39,39,"Ec",32,1,1,1,1,1,1
"2740","1325","Ec_N",46,40,40,"Ec",32,1,1,1,1,1,1
"2741","1325","Ec_N",46,41,41,"Ec",32,1,1,1,1,1,1
"2742","1325","Ec_N",46,42,42,"Ec",32,1,1,1,1,1,1
"2743","1325","Ec_N",46,43,43,"Ec",32,1,1,1,1,1,1
"2744","1325","Ec_N",46,44,44,"Ec",32,1,1,1,1,1,1
"2745","1325","Ec_N",46,45,45,"Ec",32,1,1,1,1,1,1
"2746","1325","Ec_N",46,46,46,"Ec",32,1,1,1,1,1,1
"2747","1325","Ec_N",46,47,47,"Ec",32,1,1,1,1,1,1
"2748","1325","Ec_N",46,48,48,"Ec",32,1,1,1,1,1,1
"2749","1325","Ec_N",46,49,49,"Ec",32,1,1,1,1,1,1
"2750","1325","Ec_N",46,50,50,"Ec",32,1,1,1,1,1,1
"2751","1325","Ec_N",46,51,51,"Ec",32,1,1,1,1,1,1
"2752","1325","Ec_N",46,52,52,"Ec",32,1,1,1,1,1,1
"2753","1325","Ec_N",46,53,53,"Ec",32,1,1,1,1,1,1
"2754","1325","Ec_N",46,54,54,"Ec",32,1,1,1,1,1,1
"2755","1325","Ec_N",46,55,55,"Ec",32,1,1,1,1,1,1
"2756","1325","Ec_N",46,56,56,"Ec",32,1,1,1,1,1,1
"2757","1325","Ec_N",46,57,57,"Ec",32,1,1,1,1,1,1
"2758","1325","Ec_N",46,58,58,"Ec",32,1,1,1,1,1,1
"2759","1325","Ec_N",46,59,59,"Ec",32,1,1,1,1,1,1
"2760","1325","Ec_N",46,60,60,"Ec",32,1,1,1,1,1,1
"2761","1325","Ec_N",47,1,1,"Ec",1,0,0,0,0,0,0
"2762","1325","Ec_N",47,2,2,"Ec",2,1,0,0,0,0,0.3072222461044
"2763","1325","Ec_N",47,3,3,"Ec",2,1,0,0,0,0,0.3072222461044
"2764","1325","Ec_N",47,4,4,"Ec",2,1,0,0,0,0,0.3072222461044
"2765","1325","Ec_N",47,5,5,"Ec",2,1,0,0,0,0,0.3072222461044
"2766","1325","Ec_N",47,6,6,"Ec",2,1,0,0,0,0,0.3072222461044
"2767","1325","Ec_N",47,7,7,"Ec",2,1,0,0,0,0,0.3072222461044
"2768","1325","Ec_N",47,8,8,"Ec",2,1,0,0,0,0,0.3072222461044
"2769","1325","Ec_N",47,9,9,"Ec",2,1,0,0,0,0,0.3072222461044
"2770","1325","Ec_N",47,10,10,"Ec",2,1,0,0,0,0,0.3072222461044
"2771","1325","Ec_N",47,11,11,"Ec",2,1,0,0,0,0,0.3072222461044
"2772","1325","Ec_N",47,12,12,"Ec",10,1,0,0,1,0,0.356246730064637
"2773","1325","Ec_N",47,13,13,"Ec",14,1,0,1,1,0,0.479175264165032
"2774","1325","Ec_N",47,14,14,"Ec",14,1,0,1,1,0,0.479175264165032
"2775","1325","Ec_N",47,15,15,"Ec",14,1,0,1,1,0,0.479175264165032
"2776","1325","Ec_N",47,16,16,"Ec",14,1,0,1,1,0,0.479175264165032
"2777","1325","Ec_N",47,17,17,"Ec",14,1,0,1,1,0,0.479175264165032
"2778","1325","Ec_N",47,18,18,"Ec",14,1,0,1,1,0,0.479175264165032
"2779","1325","Ec_N",47,19,19,"Ec",14,1,0,1,1,0,0.479175264165032
"2780","1325","Ec_N",47,20,20,"Ec",16,1,1,1,1,0,0.93631405476465
"2781","1325","Ec_N",47,21,21,"Ec",16,1,1,1,1,0,0.93631405476465
"2782","1325","Ec_N",47,22,22,"Ec",16,1,1,1,1,0,0.93631405476465
"2783","1325","Ec_N",47,23,23,"Ec",16,1,1,1,1,0,0.93631405476465
"2784","1325","Ec_N",47,24,24,"Ec",16,1,1,1,1,0,0.93631405476465
"2785","1325","Ec_N",47,25,25,"Ec",16,1,1,1,1,0,0.93631405476465
"2786","1325","Ec_N",47,26,26,"Ec",16,1,1,1,1,0,0.93631405476465
"2787","1325","Ec_N",47,27,27,"Ec",16,1,1,1,1,0,0.93631405476465
"2788","1325","Ec_N",47,28,28,"Ec",16,1,1,1,1,0,0.93631405476465
"2789","1325","Ec_N",47,29,29,"Ec",16,1,1,1,1,0,0.93631405476465
"2790","1325","Ec_N",47,30,30,"Ec",16,1,1,1,1,0,0.93631405476465
"2791","1325","Ec_N",47,31,31,"Ec",16,1,1,1,1,0,0.93631405476465
"2792","1325","Ec_N",47,32,32,"Ec",16,1,1,1,1,0,0.93631405476465
"2793","1325","Ec_N",47,33,33,"Ec",16,1,1,1,1,0,0.93631405476465
"2794","1325","Ec_N",47,34,34,"Ec",16,1,1,1,1,0,0.93631405476465
"2795","1325","Ec_N",47,35,35,"Ec",16,1,1,1,1,0,0.93631405476465
"2796","1325","Ec_N",47,36,36,"Ec",16,1,1,1,1,0,0.93631405476465
"2797","1325","Ec_N",47,37,37,"Ec",16,1,1,1,1,0,0.93631405476465
"2798","1325","Ec_N",47,38,38,"Ec",16,1,1,1,1,0,0.93631405476465
"2799","1325","Ec_N",47,39,39,"Ec",16,1,1,1,1,0,0.93631405476465
"2800","1325","Ec_N",47,40,40,"Ec",16,1,1,1,1,0,0.93631405476465
"2801","1325","Ec_N",47,41,41,"Ec",16,1,1,1,1,0,0.93631405476465
"2802","1325","Ec_N",47,42,42,"Ec",16,1,1,1,1,0,0.93631405476465
"2803","1325","Ec_N",47,43,43,"Ec",16,1,1,1,1,0,0.93631405476465
"2804","1325","Ec_N",47,44,44,"Ec",16,1,1,1,1,0,0.93631405476465
"2805","1325","Ec_N",47,45,45,"Ec",16,1,1,1,1,0,0.93631405476465
"2806","1325","Ec_N",47,46,46,"Ec",16,1,1,1,1,0,0.93631405476465
"2807","1325","Ec_N",47,47,47,"Ec",32,1,1,1,1,1,1
"2808","1325","Ec_N",47,48,48,"Ec",32,1,1,1,1,1,1
"2809","1325","Ec_N",47,49,49,"Ec",32,1,1,1,1,1,1
"2810","1325","Ec_N",47,50,50,"Ec",32,1,1,1,1,1,1
"2811","1325","Ec_N",47,51,51,"Ec",32,1,1,1,1,1,1
"2812","1325","Ec_N",47,52,52,"Ec",32,1,1,1,1,1,1
"2813","1325","Ec_N",47,53,53,"Ec",32,1,1,1,1,1,1
"2814","1325","Ec_N",47,54,54,"Ec",32,1,1,1,1,1,1
"2815","1325","Ec_N",47,55,55,"Ec",32,1,1,1,1,1,1
"2816","1325","Ec_N",47,56,56,"Ec",32,1,1,1,1,1,1
"2817","1325","Ec_N",47,57,57,"Ec",32,1,1,1,1,1,1
"2818","1325","Ec_N",47,58,58,"Ec",32,1,1,1,1,1,1
"2819","1325","Ec_N",47,59,59,"Ec",32,1,1,1,1,1,1
"2820","1325","Ec_N",47,60,60,"Ec",32,1,1,1,1,1,1
"2821","1325","Ec_N",48,1,1,"Ec",1,0,0,0,0,0,0
"2822","1325","Ec_N",48,2,2,"Ec",1,0,0,0,0,0,0
"2823","1325","Ec_N",48,3,3,"Ec",1,0,0,0,0,0,0
"2824","1325","Ec_N",48,4,4,"Ec",1,0,0,0,0,0,0
"2825","1325","Ec_N",48,5,5,"Ec",1,0,0,0,0,0,0
"2826","1325","Ec_N",48,6,6,"Ec",1,0,0,0,0,0,0
"2827","1325","Ec_N",48,7,7,"Ec",1,0,0,0,0,0,0
"2828","1325","Ec_N",48,8,8,"Ec",1,0,0,0,0,0,0
"2829","1325","Ec_N",48,9,9,"Ec",1,0,0,0,0,0,0
"2830","1325","Ec_N",48,10,10,"Ec",1,0,0,0,0,0,0
"2831","1325","Ec_N",48,11,11,"Ec",1,0,0,0,0,0,0
"2832","1325","Ec_N",48,12,12,"Ec",1,0,0,0,0,0,0
"2833","1325","Ec_N",48,13,13,"Ec",1,0,0,0,0,0,0
"2834","1325","Ec_N",48,14,14,"Ec",1,0,0,0,0,0,0
"2835","1325","Ec_N",48,15,15,"Ec",1,0,0,0,0,0,0
"2836","1325","Ec_N",48,16,16,"Ec",1,0,0,0,0,0,0
"2837","1325","Ec_N",48,17,17,"Ec",1,0,0,0,0,0,0
"2838","1325","Ec_N",48,18,18,"Ec",1,0,0,0,0,0,0
"2839","1325","Ec_N",48,19,19,"Ec",1,0,0,0,0,0,0
"2840","1325","Ec_N",48,20,20,"Ec",1,0,0,0,0,0,0
"2841","1325","Ec_N",48,21,21,"Ec",1,0,0,0,0,0,0
"2842","1325","Ec_N",48,22,22,"Ec",1,0,0,0,0,0,0
"2843","1325","Ec_N",48,23,23,"Ec",1,0,0,0,0,0,0
"2844","1325","Ec_N",48,24,24,"Ec",1,0,0,0,0,0,0
"2845","1325","Ec_N",48,25,25,"Ec",1,0,0,0,0,0,0
"2846","1325","Ec_N",48,26,26,"Ec",1,0,0,0,0,0,0
"2847","1325","Ec_N",48,27,27,"Ec",1,0,0,0,0,0,0
"2848","1325","Ec_N",48,28,28,"Ec",1,0,0,0,0,0,0
"2849","1325","Ec_N",48,29,29,"Ec",3,0,1,0,0,0,0.420438296247818
"2850","1325","Ec_N",48,30,30,"Ec",11,0,1,0,1,0,0.503461616060769
"2851","1325","Ec_N",48,31,31,"Ec",11,0,1,0,1,0,0.503461616060769
"2852","1325","Ec_N",48,32,32,"Ec",11,0,1,0,1,0,0.503461616060769
"2853","1325","Ec_N",48,33,33,"Ec",11,0,1,0,1,0,0.503461616060769
"2854","1325","Ec_N",48,34,34,"Ec",11,0,1,0,1,0,0.503461616060769
"2855","1325","Ec_N",48,35,35,"Ec",15,0,1,1,1,0,0.62909180866025
"2856","1325","Ec_N",48,36,36,"Ec",15,0,1,1,1,0,0.62909180866025
"2857","1325","Ec_N",48,37,37,"Ec",15,0,1,1,1,0,0.62909180866025
"2858","1325","Ec_N",48,38,38,"Ec",15,0,1,1,1,0,0.62909180866025
"2859","1325","Ec_N",48,39,39,"Ec",15,0,1,1,1,0,0.62909180866025
"2860","1325","Ec_N",48,40,40,"Ec",15,0,1,1,1,0,0.62909180866025
"2861","1325","Ec_N",48,41,41,"Ec",15,0,1,1,1,0,0.62909180866025
"2862","1325","Ec_N",48,42,42,"Ec",15,0,1,1,1,0,0.62909180866025
"2863","1325","Ec_N",48,43,43,"Ec",15,0,1,1,1,0,0.62909180866025
"2864","1325","Ec_N",48,44,44,"Ec",15,0,1,1,1,0,0.62909180866025
"2865","1325","Ec_N",48,45,45,"Ec",15,0,1,1,1,0,0.62909180866025
"2866","1325","Ec_N",48,46,46,"Ec",15,0,1,1,1,0,0.62909180866025
"2867","1325","Ec_N",48,47,47,"Ec",15,0,1,1,1,0,0.62909180866025
"2868","1325","Ec_N",48,48,48,"Ec",15,0,1,1,1,0,0.62909180866025
"2869","1325","Ec_N",48,49,49,"Ec",15,0,1,1,1,0,0.62909180866025
"2870","1325","Ec_N",48,50,50,"Ec",15,0,1,1,1,0,0.62909180866025
"2871","1325","Ec_N",48,51,51,"Ec",15,0,1,1,1,0,0.62909180866025
"2872","1325","Ec_N",48,52,52,"Ec",15,0,1,1,1,0,0.62909180866025
"2873","1325","Ec_N",48,53,53,"Ec",15,0,1,1,1,0,0.62909180866025
"2874","1325","Ec_N",48,54,54,"Ec",15,0,1,1,1,0,0.62909180866025
"2875","1325","Ec_N",48,55,55,"Ec",15,0,1,1,1,0,0.62909180866025
"2876","1325","Ec_N",48,56,56,"Ec",15,0,1,1,1,0,0.62909180866025
"2877","1325","Ec_N",48,57,57,"Ec",15,0,1,1,1,0,0.62909180866025
"2878","1325","Ec_N",48,58,58,"Ec",15,0,1,1,1,0,0.62909180866025
"2879","1325","Ec_N",48,59,59,"Ec",15,0,1,1,1,0,0.62909180866025
"2880","1325","Ec_N",48,60,60,"Ec",15,0,1,1,1,0,0.62909180866025
"2881","1325","Ec_N",49,1,1,"Ec",1,0,0,0,0,0,0
"2882","1325","Ec_N",49,2,2,"Ec",1,0,0,0,0,0,0
"2883","1325","Ec_N",49,3,3,"Ec",1,0,0,0,0,0,0
"2884","1325","Ec_N",49,4,4,"Ec",1,0,0,0,0,0,0
"2885","1325","Ec_N",49,5,5,"Ec",9,0,0,0,1,0,0.0490244839602376
"2886","1325","Ec_N",49,6,6,"Ec",13,0,0,1,1,0,0.208653512412432
"2887","1325","Ec_N",49,7,7,"Ec",13,0,0,1,1,0,0.208653512412432
"2888","1325","Ec_N",49,8,8,"Ec",13,0,0,1,1,0,0.208653512412432
"2889","1325","Ec_N",49,9,9,"Ec",13,0,0,1,1,0,0.208653512412432
"2890","1325","Ec_N",49,10,10,"Ec",13,0,0,1,1,0,0.208653512412432
"2891","1325","Ec_N",49,11,11,"Ec",15,0,1,1,1,0,0.62909180866025
"2892","1325","Ec_N",49,12,12,"Ec",15,0,1,1,1,0,0.62909180866025
"2893","1325","Ec_N",49,13,13,"Ec",15,0,1,1,1,0,0.62909180866025
"2894","1325","Ec_N",49,14,14,"Ec",15,0,1,1,1,0,0.62909180866025
"2895","1325","Ec_N",49,15,15,"Ec",15,0,1,1,1,0,0.62909180866025
"2896","1325","Ec_N",49,16,16,"Ec",15,0,1,1,1,0,0.62909180866025
"2897","1325","Ec_N",49,17,17,"Ec",16,1,1,1,1,0,0.93631405476465
"2898","1325","Ec_N",49,18,18,"Ec",16,1,1,1,1,0,0.93631405476465
"2899","1325","Ec_N",49,19,19,"Ec",16,1,1,1,1,0,0.93631405476465
"2900","1325","Ec_N",49,20,20,"Ec",16,1,1,1,1,0,0.93631405476465
"2901","1325","Ec_N",49,21,21,"Ec",16,1,1,1,1,0,0.93631405476465
"2902","1325","Ec_N",49,22,22,"Ec",16,1,1,1,1,0,0.93631405476465
"2903","1325","Ec_N",49,23,23,"Ec",16,1,1,1,1,0,0.93631405476465
"2904","1325","Ec_N",49,24,24,"Ec",16,1,1,1,1,0,0.93631405476465
"2905","1325","Ec_N",49,25,25,"Ec",16,1,1,1,1,0,0.93631405476465
"2906","1325","Ec_N",49,26,26,"Ec",16,1,1,1,1,0,0.93631405476465
"2907","1325","Ec_N",49,27,27,"Ec",16,1,1,1,1,0,0.93631405476465
"2908","1325","Ec_N",49,28,28,"Ec",16,1,1,1,1,0,0.93631405476465
"2909","1325","Ec_N",49,29,29,"Ec",16,1,1,1,1,0,0.93631405476465
"2910","1325","Ec_N",49,30,30,"Ec",16,1,1,1,1,0,0.93631405476465
"2911","1325","Ec_N",49,31,31,"Ec",16,1,1,1,1,0,0.93631405476465
"2912","1325","Ec_N",49,32,32,"Ec",16,1,1,1,1,0,0.93631405476465
"2913","1325","Ec_N",49,33,33,"Ec",16,1,1,1,1,0,0.93631405476465
"2914","1325","Ec_N",49,34,34,"Ec",16,1,1,1,1,0,0.93631405476465
"2915","1325","Ec_N",49,35,35,"Ec",16,1,1,1,1,0,0.93631405476465
"2916","1325","Ec_N",49,36,36,"Ec",16,1,1,1,1,0,0.93631405476465
"2917","1325","Ec_N",49,37,37,"Ec",16,1,1,1,1,0,0.93631405476465
"2918","1325","Ec_N",49,38,38,"Ec",16,1,1,1,1,0,0.93631405476465
"2919","1325","Ec_N",49,39,39,"Ec",16,1,1,1,1,0,0.93631405476465
"2920","1325","Ec_N",49,40,40,"Ec",32,1,1,1,1,1,1
"2921","1325","Ec_N",49,41,41,"Ec",32,1,1,1,1,1,1
"2922","1325","Ec_N",49,42,42,"Ec",32,1,1,1,1,1,1
"2923","1325","Ec_N",49,43,43,"Ec",32,1,1,1,1,1,1
"2924","1325","Ec_N",49,44,44,"Ec",32,1,1,1,1,1,1
"2925","1325","Ec_N",49,45,45,"Ec",32,1,1,1,1,1,1
"2926","1325","Ec_N",49,46,46,"Ec",32,1,1,1,1,1,1
"2927","1325","Ec_N",49,47,47,"Ec",32,1,1,1,1,1,1
"2928","1325","Ec_N",49,48,48,"Ec",32,1,1,1,1,1,1
"2929","1325","Ec_N",49,49,49,"Ec",32,1,1,1,1,1,1
"2930","1325","Ec_N",49,50,50,"Ec",32,1,1,1,1,1,1
"2931","1325","Ec_N",49,51,51,"Ec",32,1,1,1,1,1,1
"2932","1325","Ec_N",49,52,52,"Ec",32,1,1,1,1,1,1
"2933","1325","Ec_N",49,53,53,"Ec",32,1,1,1,1,1,1
"2934","1325","Ec_N",49,54,54,"Ec",32,1,1,1,1,1,1
"2935","1325","Ec_N",49,55,55,"Ec",32,1,1,1,1,1,1
"2936","1325","Ec_N",49,56,56,"Ec",32,1,1,1,1,1,1
"2937","1325","Ec_N",49,57,57,"Ec",32,1,1,1,1,1,1
"2938","1325","Ec_N",49,58,58,"Ec",32,1,1,1,1,1,1
"2939","1325","Ec_N",49,59,59,"Ec",32,1,1,1,1,1,1
"2940","1325","Ec_N",49,60,60,"Ec",32,1,1,1,1,1,1
"2941","1325","Ec_N",50,1,1,"Ec",1,0,0,0,0,0,0
"2942","1325","Ec_N",50,2,2,"Ec",1,0,0,0,0,0,0
"2943","1325","Ec_N",50,3,3,"Ec",5,0,0,1,0,0,0.159629028452195
"2944","1325","Ec_N",50,4,4,"Ec",5,0,0,1,0,0,0.159629028452195
"2945","1325","Ec_N",50,5,5,"Ec",5,0,0,1,0,0,0.159629028452195
"2946","1325","Ec_N",50,6,6,"Ec",5,0,0,1,0,0,0.159629028452195
"2947","1325","Ec_N",50,7,7,"Ec",5,0,0,1,0,0,0.159629028452195
"2948","1325","Ec_N",50,8,8,"Ec",5,0,0,1,0,0,0.159629028452195
"2949","1325","Ec_N",50,9,9,"Ec",5,0,0,1,0,0,0.159629028452195
"2950","1325","Ec_N",50,10,10,"Ec",5,0,0,1,0,0,0.159629028452195
"2951","1325","Ec_N",50,11,11,"Ec",5,0,0,1,0,0,0.159629028452195
"2952","1325","Ec_N",50,12,12,"Ec",5,0,0,1,0,0,0.159629028452195
"2953","1325","Ec_N",50,13,13,"Ec",5,0,0,1,0,0,0.159629028452195
"2954","1325","Ec_N",50,14,14,"Ec",5,0,0,1,0,0,0.159629028452195
"2955","1325","Ec_N",50,15,15,"Ec",6,1,0,1,0,0,0.466851274556594
"2956","1325","Ec_N",50,16,16,"Ec",6,1,0,1,0,0,0.466851274556594
"2957","1325","Ec_N",50,17,17,"Ec",6,1,0,1,0,0,0.466851274556594
"2958","1325","Ec_N",50,18,18,"Ec",6,1,0,1,0,0,0.466851274556594
"2959","1325","Ec_N",50,19,19,"Ec",6,1,0,1,0,0,0.466851274556594
"2960","1325","Ec_N",50,20,20,"Ec",6,1,0,1,0,0,0.466851274556594
"2961","1325","Ec_N",50,21,21,"Ec",8,1,1,1,0,0,0.887289570804412
"2962","1325","Ec_N",50,22,22,"Ec",8,1,1,1,0,0,0.887289570804412
"2963","1325","Ec_N",50,23,23,"Ec",8,1,1,1,0,0,0.887289570804412
"2964","1325","Ec_N",50,24,24,"Ec",8,1,1,1,0,0,0.887289570804412
"2965","1325","Ec_N",50,25,25,"Ec",8,1,1,1,0,0,0.887289570804412
"2966","1325","Ec_N",50,26,26,"Ec",8,1,1,1,0,0,0.887289570804412
"2967","1325","Ec_N",50,27,27,"Ec",8,1,1,1,0,0,0.887289570804412
"2968","1325","Ec_N",50,28,28,"Ec",8,1,1,1,0,0,0.887289570804412
"2969","1325","Ec_N",50,29,29,"Ec",8,1,1,1,0,0,0.887289570804412
"2970","1325","Ec_N",50,30,30,"Ec",8,1,1,1,0,0,0.887289570804412
"2971","1325","Ec_N",50,31,31,"Ec",8,1,1,1,0,0,0.887289570804412
"2972","1325","Ec_N",50,32,32,"Ec",8,1,1,1,0,0,0.887289570804412
"2973","1325","Ec_N",50,33,33,"Ec",8,1,1,1,0,0,0.887289570804412
"2974","1325","Ec_N",50,34,34,"Ec",8,1,1,1,0,0,0.887289570804412
"2975","1325","Ec_N",50,35,35,"Ec",8,1,1,1,0,0,0.887289570804412
"2976","1325","Ec_N",50,36,36,"Ec",8,1,1,1,0,0,0.887289570804412
"2977","1325","Ec_N",50,37,37,"Ec",8,1,1,1,0,0,0.887289570804412
"2978","1325","Ec_N",50,38,38,"Ec",8,1,1,1,0,0,0.887289570804412
"2979","1325","Ec_N",50,39,39,"Ec",8,1,1,1,0,0,0.887289570804412
"2980","1325","Ec_N",50,40,40,"Ec",8,1,1,1,0,0,0.887289570804412
"2981","1325","Ec_N",50,41,41,"Ec",8,1,1,1,0,0,0.887289570804412
"2982","1325","Ec_N",50,42,42,"Ec",8,1,1,1,0,0,0.887289570804412
"2983","1325","Ec_N",50,43,43,"Ec",8,1,1,1,0,0,0.887289570804412
"2984","1325","Ec_N",50,44,44,"Ec",8,1,1,1,0,0,0.887289570804412
"2985","1325","Ec_N",50,45,45,"Ec",8,1,1,1,0,0,0.887289570804412
"2986","1325","Ec_N",50,46,46,"Ec",8,1,1,1,0,0,0.887289570804412
"2987","1325","Ec_N",50,47,47,"Ec",8,1,1,1,0,0,0.887289570804412
"2988","1325","Ec_N",50,48,48,"Ec",8,1,1,1,0,0,0.887289570804412
"2989","1325","Ec_N",50,49,49,"Ec",8,1,1,1,0,0,0.887289570804412
"2990","1325","Ec_N",50,50,50,"Ec",8,1,1,1,0,0,0.887289570804412
"2991","1325","Ec_N",50,51,51,"Ec",8,1,1,1,0,0,0.887289570804412
"2992","1325","Ec_N",50,52,52,"Ec",8,1,1,1,0,0,0.887289570804412
"2993","1325","Ec_N",50,53,53,"Ec",8,1,1,1,0,0,0.887289570804412
"2994","1325","Ec_N",50,54,54,"Ec",8,1,1,1,0,0,0.887289570804412
"2995","1325","Ec_N",50,55,55,"Ec",8,1,1,1,0,0,0.887289570804412
"2996","1325","Ec_N",50,56,56,"Ec",8,1,1,1,0,0,0.887289570804412
"2997","1325","Ec_N",50,57,57,"Ec",8,1,1,1,0,0,0.887289570804412
"2998","1325","Ec_N",50,58,58,"Ec",8,1,1,1,0,0,0.887289570804412
"2999","1325","Ec_N",50,59,59,"Ec",8,1,1,1,0,0,0.887289570804412
"3000","1325","Ec_N",50,60,60,"Ec",8,1,1,1,0,0,0.887289570804412
"3001","1325","Ec_N",51,1,1,"Ec",1,0,0,0,0,0,0
"3002","1325","Ec_N",51,2,2,"Ec",1,0,0,0,0,0,0
"3003","1325","Ec_N",51,3,3,"Ec",9,0,0,0,1,0,0.0490244839602376
"3004","1325","Ec_N",51,4,4,"Ec",9,0,0,0,1,0,0.0490244839602376
"3005","1325","Ec_N",51,5,5,"Ec",9,0,0,0,1,0,0.0490244839602376
"3006","1325","Ec_N",51,6,6,"Ec",9,0,0,0,1,0,0.0490244839602376
"3007","1325","Ec_N",51,7,7,"Ec",11,0,1,0,1,0,0.503461616060769
"3008","1325","Ec_N",51,8,8,"Ec",11,0,1,0,1,0,0.503461616060769
"3009","1325","Ec_N",51,9,9,"Ec",12,1,1,0,1,0,0.776685026312455
"3010","1325","Ec_N",51,10,10,"Ec",12,1,1,0,1,0,0.776685026312455
"3011","1325","Ec_N",51,11,11,"Ec",12,1,1,0,1,0,0.776685026312455
"3012","1325","Ec_N",51,12,12,"Ec",12,1,1,0,1,0,0.776685026312455
"3013","1325","Ec_N",51,13,13,"Ec",28,1,1,0,1,1,0.815884725734249
"3014","1325","Ec_N",51,14,14,"Ec",28,1,1,0,1,1,0.815884725734249
"3015","1325","Ec_N",51,15,15,"Ec",28,1,1,0,1,1,0.815884725734249
"3016","1325","Ec_N",51,16,16,"Ec",28,1,1,0,1,1,0.815884725734249
"3017","1325","Ec_N",51,17,17,"Ec",28,1,1,0,1,1,0.815884725734249
"3018","1325","Ec_N",51,18,18,"Ec",32,1,1,1,1,1,1
"3019","1325","Ec_N",51,19,19,"Ec",32,1,1,1,1,1,1
"3020","1325","Ec_N",51,20,20,"Ec",32,1,1,1,1,1,1
"3021","1325","Ec_N",51,21,21,"Ec",32,1,1,1,1,1,1
"3022","1325","Ec_N",51,22,22,"Ec",32,1,1,1,1,1,1
"3023","1325","Ec_N",51,23,23,"Ec",32,1,1,1,1,1,1
"3024","1325","Ec_N",51,24,24,"Ec",32,1,1,1,1,1,1
"3025","1325","Ec_N",51,25,25,"Ec",32,1,1,1,1,1,1
"3026","1325","Ec_N",51,26,26,"Ec",32,1,1,1,1,1,1
"3027","1325","Ec_N",51,27,27,"Ec",32,1,1,1,1,1,1
"3028","1325","Ec_N",51,28,28,"Ec",32,1,1,1,1,1,1
"3029","1325","Ec_N",51,29,29,"Ec",32,1,1,1,1,1,1
"3030","1325","Ec_N",51,30,30,"Ec",32,1,1,1,1,1,1
"3031","1325","Ec_N",51,31,31,"Ec",32,1,1,1,1,1,1
"3032","1325","Ec_N",51,32,32,"Ec",32,1,1,1,1,1,1
"3033","1325","Ec_N",51,33,33,"Ec",32,1,1,1,1,1,1
"3034","1325","Ec_N",51,34,34,"Ec",32,1,1,1,1,1,1
"3035","1325","Ec_N",51,35,35,"Ec",32,1,1,1,1,1,1
"3036","1325","Ec_N",51,36,36,"Ec",32,1,1,1,1,1,1
"3037","1325","Ec_N",51,37,37,"Ec",32,1,1,1,1,1,1
"3038","1325","Ec_N",51,38,38,"Ec",32,1,1,1,1,1,1
"3039","1325","Ec_N",51,39,39,"Ec",32,1,1,1,1,1,1
"3040","1325","Ec_N",51,40,40,"Ec",32,1,1,1,1,1,1
"3041","1325","Ec_N",51,41,41,"Ec",32,1,1,1,1,1,1
"3042","1325","Ec_N",51,42,42,"Ec",32,1,1,1,1,1,1
"3043","1325","Ec_N",51,43,43,"Ec",32,1,1,1,1,1,1
"3044","1325","Ec_N",51,44,44,"Ec",32,1,1,1,1,1,1
"3045","1325","Ec_N",51,45,45,"Ec",32,1,1,1,1,1,1
"3046","1325","Ec_N",51,46,46,"Ec",32,1,1,1,1,1,1
"3047","1325","Ec_N",51,47,47,"Ec",32,1,1,1,1,1,1
"3048","1325","Ec_N",51,48,48,"Ec",32,1,1,1,1,1,1
"3049","1325","Ec_N",51,49,49,"Ec",32,1,1,1,1,1,1
"3050","1325","Ec_N",51,50,50,"Ec",32,1,1,1,1,1,1
"3051","1325","Ec_N",51,51,51,"Ec",32,1,1,1,1,1,1
"3052","1325","Ec_N",51,52,52,"Ec",32,1,1,1,1,1,1
"3053","1325","Ec_N",51,53,53,"Ec",32,1,1,1,1,1,1
"3054","1325","Ec_N",51,54,54,"Ec",32,1,1,1,1,1,1
"3055","1325","Ec_N",51,55,55,"Ec",32,1,1,1,1,1,1
"3056","1325","Ec_N",51,56,56,"Ec",32,1,1,1,1,1,1
"3057","1325","Ec_N",51,57,57,"Ec",32,1,1,1,1,1,1
"3058","1325","Ec_N",51,58,58,"Ec",32,1,1,1,1,1,1
"3059","1325","Ec_N",51,59,59,"Ec",32,1,1,1,1,1,1
"3060","1325","Ec_N",51,60,60,"Ec",32,1,1,1,1,1,1
"3061","1325","Ec_N",52,1,1,"Ec",1,0,0,0,0,0,0
"3062","1325","Ec_N",52,2,2,"Ec",1,0,0,0,0,0,0
"3063","1325","Ec_N",52,3,3,"Ec",1,0,0,0,0,0,0
"3064","1325","Ec_N",52,4,4,"Ec",1,0,0,0,0,0,0
"3065","1325","Ec_N",52,5,5,"Ec",2,1,0,0,0,0,0.3072222461044
"3066","1325","Ec_N",52,6,6,"Ec",2,1,0,0,0,0,0.3072222461044
"3067","1325","Ec_N",52,7,7,"Ec",2,1,0,0,0,0,0.3072222461044
"3068","1325","Ec_N",52,8,8,"Ec",2,1,0,0,0,0,0.3072222461044
"3069","1325","Ec_N",52,9,9,"Ec",2,1,0,0,0,0,0.3072222461044
"3070","1325","Ec_N",52,10,10,"Ec",18,1,0,0,0,1,0.37090819133975
"3071","1325","Ec_N",52,11,11,"Ec",20,1,1,0,0,1,0.791346487587567
"3072","1325","Ec_N",52,12,12,"Ec",20,1,1,0,0,1,0.791346487587567
"3073","1325","Ec_N",52,13,13,"Ec",20,1,1,0,0,1,0.791346487587567
"3074","1325","Ec_N",52,14,14,"Ec",20,1,1,0,0,1,0.791346487587567
"3075","1325","Ec_N",52,15,15,"Ec",20,1,1,0,0,1,0.791346487587567
"3076","1325","Ec_N",52,16,16,"Ec",20,1,1,0,0,1,0.791346487587567
"3077","1325","Ec_N",52,17,17,"Ec",20,1,1,0,0,1,0.791346487587567
"3078","1325","Ec_N",52,18,18,"Ec",20,1,1,0,0,1,0.791346487587567
"3079","1325","Ec_N",52,19,19,"Ec",20,1,1,0,0,1,0.791346487587567
"3080","1325","Ec_N",52,20,20,"Ec",20,1,1,0,0,1,0.791346487587567
"3081","1325","Ec_N",52,21,21,"Ec",20,1,1,0,0,1,0.791346487587567
"3082","1325","Ec_N",52,22,22,"Ec",20,1,1,0,0,1,0.791346487587567
"3083","1325","Ec_N",52,23,23,"Ec",20,1,1,0,0,1,0.791346487587567
"3084","1325","Ec_N",52,24,24,"Ec",20,1,1,0,0,1,0.791346487587567
"3085","1325","Ec_N",52,25,25,"Ec",20,1,1,0,0,1,0.791346487587567
"3086","1325","Ec_N",52,26,26,"Ec",20,1,1,0,0,1,0.791346487587567
"3087","1325","Ec_N",52,27,27,"Ec",20,1,1,0,0,1,0.791346487587567
"3088","1325","Ec_N",52,28,28,"Ec",28,1,1,0,1,1,0.815884725734249
"3089","1325","Ec_N",52,29,29,"Ec",28,1,1,0,1,1,0.815884725734249
"3090","1325","Ec_N",52,30,30,"Ec",28,1,1,0,1,1,0.815884725734249
"3091","1325","Ec_N",52,31,31,"Ec",28,1,1,0,1,1,0.815884725734249
"3092","1325","Ec_N",52,32,32,"Ec",28,1,1,0,1,1,0.815884725734249
"3093","1325","Ec_N",52,33,33,"Ec",28,1,1,0,1,1,0.815884725734249
"3094","1325","Ec_N",52,34,34,"Ec",28,1,1,0,1,1,0.815884725734249
"3095","1325","Ec_N",52,35,35,"Ec",28,1,1,0,1,1,0.815884725734249
"3096","1325","Ec_N",52,36,36,"Ec",28,1,1,0,1,1,0.815884725734249
"3097","1325","Ec_N",52,37,37,"Ec",28,1,1,0,1,1,0.815884725734249
"3098","1325","Ec_N",52,38,38,"Ec",28,1,1,0,1,1,0.815884725734249
"3099","1325","Ec_N",52,39,39,"Ec",32,1,1,1,1,1,1
"3100","1325","Ec_N",52,40,40,"Ec",32,1,1,1,1,1,1
"3101","1325","Ec_N",52,41,41,"Ec",32,1,1,1,1,1,1
"3102","1325","Ec_N",52,42,42,"Ec",32,1,1,1,1,1,1
"3103","1325","Ec_N",52,43,43,"Ec",32,1,1,1,1,1,1
"3104","1325","Ec_N",52,44,44,"Ec",32,1,1,1,1,1,1
"3105","1325","Ec_N",52,45,45,"Ec",32,1,1,1,1,1,1
"3106","1325","Ec_N",52,46,46,"Ec",32,1,1,1,1,1,1
"3107","1325","Ec_N",52,47,47,"Ec",32,1,1,1,1,1,1
"3108","1325","Ec_N",52,48,48,"Ec",32,1,1,1,1,1,1
"3109","1325","Ec_N",52,49,49,"Ec",32,1,1,1,1,1,1
"3110","1325","Ec_N",52,50,50,"Ec",32,1,1,1,1,1,1
"3111","1325","Ec_N",52,51,51,"Ec",32,1,1,1,1,1,1
"3112","1325","Ec_N",52,52,52,"Ec",32,1,1,1,1,1,1
"3113","1325","Ec_N",52,53,53,"Ec",32,1,1,1,1,1,1
"3114","1325","Ec_N",52,54,54,"Ec",32,1,1,1,1,1,1
"3115","1325","Ec_N",52,55,55,"Ec",32,1,1,1,1,1,1
"3116","1325","Ec_N",52,56,56,"Ec",32,1,1,1,1,1,1
"3117","1325","Ec_N",52,57,57,"Ec",32,1,1,1,1,1,1
"3118","1325","Ec_N",52,58,58,"Ec",32,1,1,1,1,1,1
"3119","1325","Ec_N",52,59,59,"Ec",32,1,1,1,1,1,1
"3120","1325","Ec_N",52,60,60,"Ec",32,1,1,1,1,1,1
"3121","1325","Ec_N",53,1,1,"Ec",1,0,0,0,0,0,0
"3122","1325","Ec_N",53,2,2,"Ec",1,0,0,0,0,0,0
"3123","1325","Ec_N",53,3,3,"Ec",1,0,0,0,0,0,0
"3124","1325","Ec_N",53,4,4,"Ec",1,0,0,0,0,0,0
"3125","1325","Ec_N",53,5,5,"Ec",1,0,0,0,0,0,0
"3126","1325","Ec_N",53,6,6,"Ec",2,1,0,0,0,0,0.3072222461044
"3127","1325","Ec_N",53,7,7,"Ec",2,1,0,0,0,0,0.3072222461044
"3128","1325","Ec_N",53,8,8,"Ec",2,1,0,0,0,0,0.3072222461044
"3129","1325","Ec_N",53,9,9,"Ec",4,1,1,0,0,0,0.727660542352217
"3130","1325","Ec_N",53,10,10,"Ec",4,1,1,0,0,0,0.727660542352217
"3131","1325","Ec_N",53,11,11,"Ec",4,1,1,0,0,0,0.727660542352217
"3132","1325","Ec_N",53,12,12,"Ec",4,1,1,0,0,0,0.727660542352217
"3133","1325","Ec_N",53,13,13,"Ec",20,1,1,0,0,1,0.791346487587567
"3134","1325","Ec_N",53,14,14,"Ec",20,1,1,0,0,1,0.791346487587567
"3135","1325","Ec_N",53,15,15,"Ec",20,1,1,0,0,1,0.791346487587567
"3136","1325","Ec_N",53,16,16,"Ec",20,1,1,0,0,1,0.791346487587567
"3137","1325","Ec_N",53,17,17,"Ec",20,1,1,0,0,1,0.791346487587567
"3138","1325","Ec_N",53,18,18,"Ec",20,1,1,0,0,1,0.791346487587567
"3139","1325","Ec_N",53,19,19,"Ec",20,1,1,0,0,1,0.791346487587567
"3140","1325","Ec_N",53,20,20,"Ec",20,1,1,0,0,1,0.791346487587567
"3141","1325","Ec_N",53,21,21,"Ec",20,1,1,0,0,1,0.791346487587567
"3142","1325","Ec_N",53,22,22,"Ec",20,1,1,0,0,1,0.791346487587567
"3143","1325","Ec_N",53,23,23,"Ec",20,1,1,0,0,1,0.791346487587567
"3144","1325","Ec_N",53,24,24,"Ec",20,1,1,0,0,1,0.791346487587567
"3145","1325","Ec_N",53,25,25,"Ec",20,1,1,0,0,1,0.791346487587567
"3146","1325","Ec_N",53,26,26,"Ec",20,1,1,0,0,1,0.791346487587567
"3147","1325","Ec_N",53,27,27,"Ec",20,1,1,0,0,1,0.791346487587567
"3148","1325","Ec_N",53,28,28,"Ec",20,1,1,0,0,1,0.791346487587567
"3149","1325","Ec_N",53,29,29,"Ec",20,1,1,0,0,1,0.791346487587567
"3150","1325","Ec_N",53,30,30,"Ec",20,1,1,0,0,1,0.791346487587567
"3151","1325","Ec_N",53,31,31,"Ec",20,1,1,0,0,1,0.791346487587567
"3152","1325","Ec_N",53,32,32,"Ec",20,1,1,0,0,1,0.791346487587567
"3153","1325","Ec_N",53,33,33,"Ec",20,1,1,0,0,1,0.791346487587567
"3154","1325","Ec_N",53,34,34,"Ec",20,1,1,0,0,1,0.791346487587567
"3155","1325","Ec_N",53,35,35,"Ec",20,1,1,0,0,1,0.791346487587567
"3156","1325","Ec_N",53,36,36,"Ec",20,1,1,0,0,1,0.791346487587567
"3157","1325","Ec_N",53,37,37,"Ec",20,1,1,0,0,1,0.791346487587567
"3158","1325","Ec_N",53,38,38,"Ec",24,1,1,1,0,1,0.872975948786018
"3159","1325","Ec_N",53,39,39,"Ec",24,1,1,1,0,1,0.872975948786018
"3160","1325","Ec_N",53,40,40,"Ec",24,1,1,1,0,1,0.872975948786018
"3161","1325","Ec_N",53,41,41,"Ec",24,1,1,1,0,1,0.872975948786018
"3162","1325","Ec_N",53,42,42,"Ec",24,1,1,1,0,1,0.872975948786018
"3163","1325","Ec_N",53,43,43,"Ec",24,1,1,1,0,1,0.872975948786018
"3164","1325","Ec_N",53,44,44,"Ec",24,1,1,1,0,1,0.872975948786018
"3165","1325","Ec_N",53,45,45,"Ec",24,1,1,1,0,1,0.872975948786018
"3166","1325","Ec_N",53,46,46,"Ec",24,1,1,1,0,1,0.872975948786018
"3167","1325","Ec_N",53,47,47,"Ec",24,1,1,1,0,1,0.872975948786018
"3168","1325","Ec_N",53,48,48,"Ec",24,1,1,1,0,1,0.872975948786018
"3169","1325","Ec_N",53,49,49,"Ec",24,1,1,1,0,1,0.872975948786018
"3170","1325","Ec_N",53,50,50,"Ec",24,1,1,1,0,1,0.872975948786018
"3171","1325","Ec_N",53,51,51,"Ec",24,1,1,1,0,1,0.872975948786018
"3172","1325","Ec_N",53,52,52,"Ec",24,1,1,1,0,1,0.872975948786018
"3173","1325","Ec_N",53,53,53,"Ec",32,1,1,1,1,1,1
"3174","1325","Ec_N",53,54,54,"Ec",32,1,1,1,1,1,1
"3175","1325","Ec_N",53,55,55,"Ec",32,1,1,1,1,1,1
"3176","1325","Ec_N",53,56,56,"Ec",32,1,1,1,1,1,1
"3177","1325","Ec_N",53,57,57,"Ec",32,1,1,1,1,1,1
"3178","1325","Ec_N",53,58,58,"Ec",32,1,1,1,1,1,1
"3179","1325","Ec_N",53,59,59,"Ec",32,1,1,1,1,1,1
"3180","1325","Ec_N",53,60,60,"Ec",32,1,1,1,1,1,1
"3181","1325","Ec_N",54,1,1,"Ec",1,0,0,0,0,0,0
"3182","1325","Ec_N",54,2,2,"Ec",1,0,0,0,0,0,0
"3183","1325","Ec_N",54,3,3,"Ec",2,1,0,0,0,0,0.3072222461044
"3184","1325","Ec_N",54,4,4,"Ec",18,1,0,0,0,1,0.37090819133975
"3185","1325","Ec_N",54,5,5,"Ec",22,1,0,1,0,1,0.530537219791945
"3186","1325","Ec_N",54,6,6,"Ec",22,1,0,1,0,1,0.530537219791945
"3187","1325","Ec_N",54,7,7,"Ec",22,1,0,1,0,1,0.530537219791945
"3188","1325","Ec_N",54,8,8,"Ec",22,1,0,1,0,1,0.530537219791945
"3189","1325","Ec_N",54,9,9,"Ec",22,1,0,1,0,1,0.530537219791945
"3190","1325","Ec_N",54,10,10,"Ec",22,1,0,1,0,1,0.530537219791945
"3191","1325","Ec_N",54,11,11,"Ec",22,1,0,1,0,1,0.530537219791945
"3192","1325","Ec_N",54,12,12,"Ec",22,1,0,1,0,1,0.530537219791945
"3193","1325","Ec_N",54,13,13,"Ec",22,1,0,1,0,1,0.530537219791945
"3194","1325","Ec_N",54,14,14,"Ec",22,1,0,1,0,1,0.530537219791945
"3195","1325","Ec_N",54,15,15,"Ec",30,1,0,1,1,1,0.579561703752182
"3196","1325","Ec_N",54,16,16,"Ec",30,1,0,1,1,1,0.579561703752182
"3197","1325","Ec_N",54,17,17,"Ec",30,1,0,1,1,1,0.579561703752182
"3198","1325","Ec_N",54,18,18,"Ec",30,1,0,1,1,1,0.579561703752182
"3199","1325","Ec_N",54,19,19,"Ec",30,1,0,1,1,1,0.579561703752182
"3200","1325","Ec_N",54,20,20,"Ec",30,1,0,1,1,1,0.579561703752182
"3201","1325","Ec_N",54,21,21,"Ec",30,1,0,1,1,1,0.579561703752182
"3202","1325","Ec_N",54,22,22,"Ec",30,1,0,1,1,1,0.579561703752182
"3203","1325","Ec_N",54,23,23,"Ec",30,1,0,1,1,1,0.579561703752182
"3204","1325","Ec_N",54,24,24,"Ec",30,1,0,1,1,1,0.579561703752182
"3205","1325","Ec_N",54,25,25,"Ec",30,1,0,1,1,1,0.579561703752182
"3206","1325","Ec_N",54,26,26,"Ec",30,1,0,1,1,1,0.579561703752182
"3207","1325","Ec_N",54,27,27,"Ec",30,1,0,1,1,1,0.579561703752182
"3208","1325","Ec_N",54,28,28,"Ec",30,1,0,1,1,1,0.579561703752182
"3209","1325","Ec_N",54,29,29,"Ec",32,1,1,1,1,1,1
"3210","1325","Ec_N",54,30,30,"Ec",32,1,1,1,1,1,1
"3211","1325","Ec_N",54,31,31,"Ec",32,1,1,1,1,1,1
"3212","1325","Ec_N",54,32,32,"Ec",32,1,1,1,1,1,1
"3213","1325","Ec_N",54,33,33,"Ec",32,1,1,1,1,1,1
"3214","1325","Ec_N",54,34,34,"Ec",32,1,1,1,1,1,1
"3215","1325","Ec_N",54,35,35,"Ec",32,1,1,1,1,1,1
"3216","1325","Ec_N",54,36,36,"Ec",32,1,1,1,1,1,1
"3217","1325","Ec_N",54,37,37,"Ec",32,1,1,1,1,1,1
"3218","1325","Ec_N",54,38,38,"Ec",32,1,1,1,1,1,1
"3219","1325","Ec_N",54,39,39,"Ec",32,1,1,1,1,1,1
"3220","1325","Ec_N",54,40,40,"Ec",32,1,1,1,1,1,1
"3221","1325","Ec_N",54,41,41,"Ec",32,1,1,1,1,1,1
"3222","1325","Ec_N",54,42,42,"Ec",32,1,1,1,1,1,1
"3223","1325","Ec_N",54,43,43,"Ec",32,1,1,1,1,1,1
"3224","1325","Ec_N",54,44,44,"Ec",32,1,1,1,1,1,1
"3225","1325","Ec_N",54,45,45,"Ec",32,1,1,1,1,1,1
"3226","1325","Ec_N",54,46,46,"Ec",32,1,1,1,1,1,1
"3227","1325","Ec_N",54,47,47,"Ec",32,1,1,1,1,1,1
"3228","1325","Ec_N",54,48,48,"Ec",32,1,1,1,1,1,1
"3229","1325","Ec_N",54,49,49,"Ec",32,1,1,1,1,1,1
"3230","1325","Ec_N",54,50,50,"Ec",32,1,1,1,1,1,1
"3231","1325","Ec_N",54,51,51,"Ec",32,1,1,1,1,1,1
"3232","1325","Ec_N",54,52,52,"Ec",32,1,1,1,1,1,1
"3233","1325","Ec_N",54,53,53,"Ec",32,1,1,1,1,1,1
"3234","1325","Ec_N",54,54,54,"Ec",32,1,1,1,1,1,1
"3235","1325","Ec_N",54,55,55,"Ec",32,1,1,1,1,1,1
"3236","1325","Ec_N",54,56,56,"Ec",32,1,1,1,1,1,1
"3237","1325","Ec_N",54,57,57,"Ec",32,1,1,1,1,1,1
"3238","1325","Ec_N",54,58,58,"Ec",32,1,1,1,1,1,1
"3239","1325","Ec_N",54,59,59,"Ec",32,1,1,1,1,1,1
"3240","1325","Ec_N",54,60,60,"Ec",32,1,1,1,1,1,1
"3241","1325","Ec_N",55,1,1,"Ec",1,0,0,0,0,0,0
"3242","1325","Ec_N",55,2,2,"Ec",1,0,0,0,0,0,0
"3243","1325","Ec_N",55,3,3,"Ec",1,0,0,0,0,0,0
"3244","1325","Ec_N",55,4,4,"Ec",17,0,0,0,0,1,0.0636859452353503
"3245","1325","Ec_N",55,5,5,"Ec",19,0,1,0,0,1,0.484124241483168
"3246","1325","Ec_N",55,6,6,"Ec",19,0,1,0,0,1,0.484124241483168
"3247","1325","Ec_N",55,7,7,"Ec",19,0,1,0,0,1,0.484124241483168
"3248","1325","Ec_N",55,8,8,"Ec",19,0,1,0,0,1,0.484124241483168
"3249","1325","Ec_N",55,9,9,"Ec",19,0,1,0,0,1,0.484124241483168
"3250","1325","Ec_N",55,10,10,"Ec",19,0,1,0,0,1,0.484124241483168
"3251","1325","Ec_N",55,11,11,"Ec",19,0,1,0,0,1,0.484124241483168
"3252","1325","Ec_N",55,12,12,"Ec",20,1,1,0,0,1,0.791346487587567
"3253","1325","Ec_N",55,13,13,"Ec",20,1,1,0,0,1,0.791346487587567
"3254","1325","Ec_N",55,14,14,"Ec",20,1,1,0,0,1,0.791346487587567
"3255","1325","Ec_N",55,15,15,"Ec",20,1,1,0,0,1,0.791346487587567
"3256","1325","Ec_N",55,16,16,"Ec",20,1,1,0,0,1,0.791346487587567
"3257","1325","Ec_N",55,17,17,"Ec",20,1,1,0,0,1,0.791346487587567
"3258","1325","Ec_N",55,18,18,"Ec",24,1,1,1,0,1,0.872975948786018
"3259","1325","Ec_N",55,19,19,"Ec",24,1,1,1,0,1,0.872975948786018
"3260","1325","Ec_N",55,20,20,"Ec",24,1,1,1,0,1,0.872975948786018
"3261","1325","Ec_N",55,21,21,"Ec",24,1,1,1,0,1,0.872975948786018
"3262","1325","Ec_N",55,22,22,"Ec",24,1,1,1,0,1,0.872975948786018
"3263","1325","Ec_N",55,23,23,"Ec",8,1,1,1,0,0,0.887289570804412
"3264","1325","Ec_N",55,24,24,"Ec",8,1,1,1,0,0,0.887289570804412
"3265","1325","Ec_N",55,25,25,"Ec",8,1,1,1,0,0,0.887289570804412
"3266","1325","Ec_N",55,26,26,"Ec",8,1,1,1,0,0,0.887289570804412
"3267","1325","Ec_N",55,27,27,"Ec",8,1,1,1,0,0,0.887289570804412
"3268","1325","Ec_N",55,28,28,"Ec",8,1,1,1,0,0,0.887289570804412
"3269","1325","Ec_N",55,29,29,"Ec",8,1,1,1,0,0,0.887289570804412
"3270","1325","Ec_N",55,30,30,"Ec",8,1,1,1,0,0,0.887289570804412
"3271","1325","Ec_N",55,31,31,"Ec",8,1,1,1,0,0,0.887289570804412
"3272","1325","Ec_N",55,32,32,"Ec",8,1,1,1,0,0,0.887289570804412
"3273","1325","Ec_N",55,33,33,"Ec",8,1,1,1,0,0,0.887289570804412
"3274","1325","Ec_N",55,34,34,"Ec",8,1,1,1,0,0,0.887289570804412
"3275","1325","Ec_N",55,35,35,"Ec",8,1,1,1,0,0,0.887289570804412
"3276","1325","Ec_N",55,36,36,"Ec",8,1,1,1,0,0,0.887289570804412
"3277","1325","Ec_N",55,37,37,"Ec",8,1,1,1,0,0,0.887289570804412
"3278","1325","Ec_N",55,38,38,"Ec",8,1,1,1,0,0,0.887289570804412
"3279","1325","Ec_N",55,39,39,"Ec",8,1,1,1,0,0,0.887289570804412
"3280","1325","Ec_N",55,40,40,"Ec",8,1,1,1,0,0,0.887289570804412
"3281","1325","Ec_N",55,41,41,"Ec",8,1,1,1,0,0,0.887289570804412
"3282","1325","Ec_N",55,42,42,"Ec",8,1,1,1,0,0,0.887289570804412
"3283","1325","Ec_N",55,43,43,"Ec",8,1,1,1,0,0,0.887289570804412
"3284","1325","Ec_N",55,44,44,"Ec",8,1,1,1,0,0,0.887289570804412
"3285","1325","Ec_N",55,45,45,"Ec",8,1,1,1,0,0,0.887289570804412
"3286","1325","Ec_N",55,46,46,"Ec",8,1,1,1,0,0,0.887289570804412
"3287","1325","Ec_N",55,47,47,"Ec",8,1,1,1,0,0,0.887289570804412
"3288","1325","Ec_N",55,48,48,"Ec",8,1,1,1,0,0,0.887289570804412
"3289","1325","Ec_N",55,49,49,"Ec",8,1,1,1,0,0,0.887289570804412
"3290","1325","Ec_N",55,50,50,"Ec",8,1,1,1,0,0,0.887289570804412
"3291","1325","Ec_N",55,51,51,"Ec",8,1,1,1,0,0,0.887289570804412
"3292","1325","Ec_N",55,52,52,"Ec",8,1,1,1,0,0,0.887289570804412
"3293","1325","Ec_N",55,53,53,"Ec",8,1,1,1,0,0,0.887289570804412
"3294","1325","Ec_N",55,54,54,"Ec",8,1,1,1,0,0,0.887289570804412
"3295","1325","Ec_N",55,55,55,"Ec",8,1,1,1,0,0,0.887289570804412
"3296","1325","Ec_N",55,56,56,"Ec",8,1,1,1,0,0,0.887289570804412
"3297","1325","Ec_N",55,57,57,"Ec",8,1,1,1,0,0,0.887289570804412
"3298","1325","Ec_N",55,58,58,"Ec",8,1,1,1,0,0,0.887289570804412
"3299","1325","Ec_N",55,59,59,"Ec",16,1,1,1,1,0,0.93631405476465
"3300","1325","Ec_N",55,60,60,"Ec",16,1,1,1,1,0,0.93631405476465
"3301","1325","Ec_N",56,1,1,"Ec",1,0,0,0,0,0,0
"3302","1325","Ec_N",56,2,2,"Ec",1,0,0,0,0,0,0
"3303","1325","Ec_N",56,3,3,"Ec",1,0,0,0,0,0,0
"3304","1325","Ec_N",56,4,4,"Ec",1,0,0,0,0,0,0
"3305","1325","Ec_N",56,5,5,"Ec",5,0,0,1,0,0,0.159629028452195
"3306","1325","Ec_N",56,6,6,"Ec",5,0,0,1,0,0,0.159629028452195
"3307","1325","Ec_N",56,7,7,"Ec",13,0,0,1,1,0,0.208653512412432
"3308","1325","Ec_N",56,8,8,"Ec",13,0,0,1,1,0,0.208653512412432
"3309","1325","Ec_N",56,9,9,"Ec",13,0,0,1,1,0,0.208653512412432
"3310","1325","Ec_N",56,10,10,"Ec",13,0,0,1,1,0,0.208653512412432
"3311","1325","Ec_N",56,11,11,"Ec",13,0,0,1,1,0,0.208653512412432
"3312","1325","Ec_N",56,12,12,"Ec",14,1,0,1,1,0,0.479175264165032
"3313","1325","Ec_N",56,13,13,"Ec",14,1,0,1,1,0,0.479175264165032
"3314","1325","Ec_N",56,14,14,"Ec",14,1,0,1,1,0,0.479175264165032
"3315","1325","Ec_N",56,15,15,"Ec",14,1,0,1,1,0,0.479175264165032
"3316","1325","Ec_N",56,16,16,"Ec",14,1,0,1,1,0,0.479175264165032
"3317","1325","Ec_N",56,17,17,"Ec",14,1,0,1,1,0,0.479175264165032
"3318","1325","Ec_N",56,18,18,"Ec",14,1,0,1,1,0,0.479175264165032
"3319","1325","Ec_N",56,19,19,"Ec",14,1,0,1,1,0,0.479175264165032
"3320","1325","Ec_N",56,20,20,"Ec",14,1,0,1,1,0,0.479175264165032
"3321","1325","Ec_N",56,21,21,"Ec",14,1,0,1,1,0,0.479175264165032
"3322","1325","Ec_N",56,22,22,"Ec",14,1,0,1,1,0,0.479175264165032
"3323","1325","Ec_N",56,23,23,"Ec",14,1,0,1,1,0,0.479175264165032
"3324","1325","Ec_N",56,24,24,"Ec",14,1,0,1,1,0,0.479175264165032
"3325","1325","Ec_N",56,25,25,"Ec",14,1,0,1,1,0,0.479175264165032
"3326","1325","Ec_N",56,26,26,"Ec",14,1,0,1,1,0,0.479175264165032
"3327","1325","Ec_N",56,27,27,"Ec",14,1,0,1,1,0,0.479175264165032
"3328","1325","Ec_N",56,28,28,"Ec",14,1,0,1,1,0,0.479175264165032
"3329","1325","Ec_N",56,29,29,"Ec",14,1,0,1,1,0,0.479175264165032
"3330","1325","Ec_N",56,30,30,"Ec",14,1,0,1,1,0,0.479175264165032
"3331","1325","Ec_N",56,31,31,"Ec",30,1,0,1,1,1,0.579561703752182
"3332","1325","Ec_N",56,32,32,"Ec",30,1,0,1,1,1,0.579561703752182
"3333","1325","Ec_N",56,33,33,"Ec",30,1,0,1,1,1,0.579561703752182
"3334","1325","Ec_N",56,34,34,"Ec",30,1,0,1,1,1,0.579561703752182
"3335","1325","Ec_N",56,35,35,"Ec",30,1,0,1,1,1,0.579561703752182
"3336","1325","Ec_N",56,36,36,"Ec",30,1,0,1,1,1,0.579561703752182
"3337","1325","Ec_N",56,37,37,"Ec",30,1,0,1,1,1,0.579561703752182
"3338","1325","Ec_N",56,38,38,"Ec",30,1,0,1,1,1,0.579561703752182
"3339","1325","Ec_N",56,39,39,"Ec",30,1,0,1,1,1,0.579561703752182
"3340","1325","Ec_N",56,40,40,"Ec",30,1,0,1,1,1,0.579561703752182
"3341","1325","Ec_N",56,41,41,"Ec",30,1,0,1,1,1,0.579561703752182
"3342","1325","Ec_N",56,42,42,"Ec",30,1,0,1,1,1,0.579561703752182
"3343","1325","Ec_N",56,43,43,"Ec",30,1,0,1,1,1,0.579561703752182
"3344","1325","Ec_N",56,44,44,"Ec",30,1,0,1,1,1,0.579561703752182
"3345","1325","Ec_N",56,45,45,"Ec",30,1,0,1,1,1,0.579561703752182
"3346","1325","Ec_N",56,46,46,"Ec",30,1,0,1,1,1,0.579561703752182
"3347","1325","Ec_N",56,47,47,"Ec",30,1,0,1,1,1,0.579561703752182
"3348","1325","Ec_N",56,48,48,"Ec",30,1,0,1,1,1,0.579561703752182
"3349","1325","Ec_N",56,49,49,"Ec",30,1,0,1,1,1,0.579561703752182
"3350","1325","Ec_N",56,50,50,"Ec",30,1,0,1,1,1,0.579561703752182
"3351","1325","Ec_N",56,51,51,"Ec",30,1,0,1,1,1,0.579561703752182
"3352","1325","Ec_N",56,52,52,"Ec",30,1,0,1,1,1,0.579561703752182
"3353","1325","Ec_N",56,53,53,"Ec",30,1,0,1,1,1,0.579561703752182
"3354","1325","Ec_N",56,54,54,"Ec",30,1,0,1,1,1,0.579561703752182
"3355","1325","Ec_N",56,55,55,"Ec",30,1,0,1,1,1,0.579561703752182
"3356","1325","Ec_N",56,56,56,"Ec",30,1,0,1,1,1,0.579561703752182
"3357","1325","Ec_N",56,57,57,"Ec",30,1,0,1,1,1,0.579561703752182
"3358","1325","Ec_N",56,58,58,"Ec",30,1,0,1,1,1,0.579561703752182
"3359","1325","Ec_N",56,59,59,"Ec",30,1,0,1,1,1,0.579561703752182
"3360","1325","Ec_N",56,60,60,"Ec",30,1,0,1,1,1,0.579561703752182
"3361","1325","Ec_N",57,1,1,"Ec",1,0,0,0,0,0,0
"3362","1325","Ec_N",57,2,2,"Ec",9,0,0,0,1,0,0.0490244839602376
"3363","1325","Ec_N",57,3,3,"Ec",9,0,0,0,1,0,0.0490244839602376
"3364","1325","Ec_N",57,4,4,"Ec",9,0,0,0,1,0,0.0490244839602376
"3365","1325","Ec_N",57,5,5,"Ec",11,0,1,0,1,0,0.503461616060769
"3366","1325","Ec_N",57,6,6,"Ec",11,0,1,0,1,0,0.503461616060769
"3367","1325","Ec_N",57,7,7,"Ec",11,0,1,0,1,0,0.503461616060769
"3368","1325","Ec_N",57,8,8,"Ec",11,0,1,0,1,0,0.503461616060769
"3369","1325","Ec_N",57,9,9,"Ec",11,0,1,0,1,0,0.503461616060769
"3370","1325","Ec_N",57,10,10,"Ec",11,0,1,0,1,0,0.503461616060769
"3371","1325","Ec_N",57,11,11,"Ec",11,0,1,0,1,0,0.503461616060769
"3372","1325","Ec_N",57,12,12,"Ec",15,0,1,1,1,0,0.62909180866025
"3373","1325","Ec_N",57,13,13,"Ec",15,0,1,1,1,0,0.62909180866025
"3374","1325","Ec_N",57,14,14,"Ec",15,0,1,1,1,0,0.62909180866025
"3375","1325","Ec_N",57,15,15,"Ec",15,0,1,1,1,0,0.62909180866025
"3376","1325","Ec_N",57,16,16,"Ec",15,0,1,1,1,0,0.62909180866025
"3377","1325","Ec_N",57,17,17,"Ec",15,0,1,1,1,0,0.62909180866025
"3378","1325","Ec_N",57,18,18,"Ec",15,0,1,1,1,0,0.62909180866025
"3379","1325","Ec_N",57,19,19,"Ec",15,0,1,1,1,0,0.62909180866025
"3380","1325","Ec_N",57,20,20,"Ec",15,0,1,1,1,0,0.62909180866025
"3381","1325","Ec_N",57,21,21,"Ec",15,0,1,1,1,0,0.62909180866025
"3382","1325","Ec_N",57,22,22,"Ec",15,0,1,1,1,0,0.62909180866025
"3383","1325","Ec_N",57,23,23,"Ec",15,0,1,1,1,0,0.62909180866025
"3384","1325","Ec_N",57,24,24,"Ec",16,1,1,1,1,0,0.93631405476465
"3385","1325","Ec_N",57,25,25,"Ec",16,1,1,1,1,0,0.93631405476465
"3386","1325","Ec_N",57,26,26,"Ec",16,1,1,1,1,0,0.93631405476465
"3387","1325","Ec_N",57,27,27,"Ec",16,1,1,1,1,0,0.93631405476465
"3388","1325","Ec_N",57,28,28,"Ec",16,1,1,1,1,0,0.93631405476465
"3389","1325","Ec_N",57,29,29,"Ec",16,1,1,1,1,0,0.93631405476465
"3390","1325","Ec_N",57,30,30,"Ec",16,1,1,1,1,0,0.93631405476465
"3391","1325","Ec_N",57,31,31,"Ec",16,1,1,1,1,0,0.93631405476465
"3392","1325","Ec_N",57,32,32,"Ec",16,1,1,1,1,0,0.93631405476465
"3393","1325","Ec_N",57,33,33,"Ec",16,1,1,1,1,0,0.93631405476465
"3394","1325","Ec_N",57,34,34,"Ec",16,1,1,1,1,0,0.93631405476465
"3395","1325","Ec_N",57,35,35,"Ec",16,1,1,1,1,0,0.93631405476465
"3396","1325","Ec_N",57,36,36,"Ec",16,1,1,1,1,0,0.93631405476465
"3397","1325","Ec_N",57,37,37,"Ec",16,1,1,1,1,0,0.93631405476465
"3398","1325","Ec_N",57,38,38,"Ec",16,1,1,1,1,0,0.93631405476465
"3399","1325","Ec_N",57,39,39,"Ec",16,1,1,1,1,0,0.93631405476465
"3400","1325","Ec_N",57,40,40,"Ec",16,1,1,1,1,0,0.93631405476465
"3401","1325","Ec_N",57,41,41,"Ec",16,1,1,1,1,0,0.93631405476465
"3402","1325","Ec_N",57,42,42,"Ec",16,1,1,1,1,0,0.93631405476465
"3403","1325","Ec_N",57,43,43,"Ec",16,1,1,1,1,0,0.93631405476465
"3404","1325","Ec_N",57,44,44,"Ec",16,1,1,1,1,0,0.93631405476465
"3405","1325","Ec_N",57,45,45,"Ec",16,1,1,1,1,0,0.93631405476465
"3406","1325","Ec_N",57,46,46,"Ec",16,1,1,1,1,0,0.93631405476465
"3407","1325","Ec_N",57,47,47,"Ec",16,1,1,1,1,0,0.93631405476465
"3408","1325","Ec_N",57,48,48,"Ec",16,1,1,1,1,0,0.93631405476465
"3409","1325","Ec_N",57,49,49,"Ec",16,1,1,1,1,0,0.93631405476465
"3410","1325","Ec_N",57,50,50,"Ec",16,1,1,1,1,0,0.93631405476465
"3411","1325","Ec_N",57,51,51,"Ec",16,1,1,1,1,0,0.93631405476465
"3412","1325","Ec_N",57,52,52,"Ec",16,1,1,1,1,0,0.93631405476465
"3413","1325","Ec_N",57,53,53,"Ec",32,1,1,1,1,1,1
"3414","1325","Ec_N",57,54,54,"Ec",32,1,1,1,1,1,1
"3415","1325","Ec_N",57,55,55,"Ec",32,1,1,1,1,1,1
"3416","1325","Ec_N",57,56,56,"Ec",32,1,1,1,1,1,1
"3417","1325","Ec_N",57,57,57,"Ec",32,1,1,1,1,1,1
"3418","1325","Ec_N",57,58,58,"Ec",32,1,1,1,1,1,1
"3419","1325","Ec_N",57,59,59,"Ec",32,1,1,1,1,1,1
"3420","1325","Ec_N",57,60,60,"Ec",32,1,1,1,1,1,1
"3421","1325","Ec_N",58,1,1,"Ec",1,0,0,0,0,0,0
"3422","1325","Ec_N",58,2,2,"Ec",1,0,0,0,0,0,0
"3423","1325","Ec_N",58,3,3,"Ec",1,0,0,0,0,0,0
"3424","1325","Ec_N",58,4,4,"Ec",1,0,0,0,0,0,0
"3425","1325","Ec_N",58,5,5,"Ec",1,0,0,0,0,0,0
"3426","1325","Ec_N",58,6,6,"Ec",1,0,0,0,0,0,0
"3427","1325","Ec_N",58,7,7,"Ec",1,0,0,0,0,0,0
"3428","1325","Ec_N",58,8,8,"Ec",1,0,0,0,0,0,0
"3429","1325","Ec_N",58,9,9,"Ec",9,0,0,0,1,0,0.0490244839602376
"3430","1325","Ec_N",58,10,10,"Ec",9,0,0,0,1,0,0.0490244839602376
"3431","1325","Ec_N",58,11,11,"Ec",10,1,0,0,1,0,0.356246730064637
"3432","1325","Ec_N",58,12,12,"Ec",10,1,0,0,1,0,0.356246730064637
"3433","1325","Ec_N",58,13,13,"Ec",10,1,0,0,1,0,0.356246730064637
"3434","1325","Ec_N",58,14,14,"Ec",10,1,0,0,1,0,0.356246730064637
"3435","1325","Ec_N",58,15,15,"Ec",10,1,0,0,1,0,0.356246730064637
"3436","1325","Ec_N",58,16,16,"Ec",10,1,0,0,1,0,0.356246730064637
"3437","1325","Ec_N",58,17,17,"Ec",10,1,0,0,1,0,0.356246730064637
"3438","1325","Ec_N",58,18,18,"Ec",12,1,1,0,1,0,0.776685026312455
"3439","1325","Ec_N",58,19,19,"Ec",12,1,1,0,1,0,0.776685026312455
"3440","1325","Ec_N",58,20,20,"Ec",12,1,1,0,1,0,0.776685026312455
"3441","1325","Ec_N",58,21,21,"Ec",12,1,1,0,1,0,0.776685026312455
"3442","1325","Ec_N",58,22,22,"Ec",12,1,1,0,1,0,0.776685026312455
"3443","1325","Ec_N",58,23,23,"Ec",12,1,1,0,1,0,0.776685026312455
"3444","1325","Ec_N",58,24,24,"Ec",12,1,1,0,1,0,0.776685026312455
"3445","1325","Ec_N",58,25,25,"Ec",12,1,1,0,1,0,0.776685026312455
"3446","1325","Ec_N",58,26,26,"Ec",12,1,1,0,1,0,0.776685026312455
"3447","1325","Ec_N",58,27,27,"Ec",12,1,1,0,1,0,0.776685026312455
"3448","1325","Ec_N",58,28,28,"Ec",12,1,1,0,1,0,0.776685026312455
"3449","1325","Ec_N",58,29,29,"Ec",12,1,1,0,1,0,0.776685026312455
"3450","1325","Ec_N",58,30,30,"Ec",12,1,1,0,1,0,0.776685026312455
"3451","1325","Ec_N",58,31,31,"Ec",12,1,1,0,1,0,0.776685026312455
"3452","1325","Ec_N",58,32,32,"Ec",12,1,1,0,1,0,0.776685026312455
"3453","1325","Ec_N",58,33,33,"Ec",12,1,1,0,1,0,0.776685026312455
"3454","1325","Ec_N",58,34,34,"Ec",12,1,1,0,1,0,0.776685026312455
"3455","1325","Ec_N",58,35,35,"Ec",12,1,1,0,1,0,0.776685026312455
"3456","1325","Ec_N",58,36,36,"Ec",12,1,1,0,1,0,0.776685026312455
"3457","1325","Ec_N",58,37,37,"Ec",12,1,1,0,1,0,0.776685026312455
"3458","1325","Ec_N",58,38,38,"Ec",12,1,1,0,1,0,0.776685026312455
"3459","1325","Ec_N",58,39,39,"Ec",12,1,1,0,1,0,0.776685026312455
"3460","1325","Ec_N",58,40,40,"Ec",12,1,1,0,1,0,0.776685026312455
"3461","1325","Ec_N",58,41,41,"Ec",12,1,1,0,1,0,0.776685026312455
"3462","1325","Ec_N",58,42,42,"Ec",12,1,1,0,1,0,0.776685026312455
"3463","1325","Ec_N",58,43,43,"Ec",12,1,1,0,1,0,0.776685026312455
"3464","1325","Ec_N",58,44,44,"Ec",12,1,1,0,1,0,0.776685026312455
"3465","1325","Ec_N",58,45,45,"Ec",12,1,1,0,1,0,0.776685026312455
"3466","1325","Ec_N",58,46,46,"Ec",12,1,1,0,1,0,0.776685026312455
"3467","1325","Ec_N",58,47,47,"Ec",12,1,1,0,1,0,0.776685026312455
"3468","1325","Ec_N",58,48,48,"Ec",12,1,1,0,1,0,0.776685026312455
"3469","1325","Ec_N",58,49,49,"Ec",12,1,1,0,1,0,0.776685026312455
"3470","1325","Ec_N",58,50,50,"Ec",12,1,1,0,1,0,0.776685026312455
"3471","1325","Ec_N",58,51,51,"Ec",12,1,1,0,1,0,0.776685026312455
"3472","1325","Ec_N",58,52,52,"Ec",12,1,1,0,1,0,0.776685026312455
"3473","1325","Ec_N",58,53,53,"Ec",12,1,1,0,1,0,0.776685026312455
"3474","1325","Ec_N",58,54,54,"Ec",12,1,1,0,1,0,0.776685026312455
"3475","1325","Ec_N",58,55,55,"Ec",12,1,1,0,1,0,0.776685026312455
"3476","1325","Ec_N",58,56,56,"Ec",12,1,1,0,1,0,0.776685026312455
"3477","1325","Ec_N",58,57,57,"Ec",12,1,1,0,1,0,0.776685026312455
"3478","1325","Ec_N",58,58,58,"Ec",16,1,1,1,1,0,0.93631405476465
"3479","1325","Ec_N",58,59,59,"Ec",16,1,1,1,1,0,0.93631405476465
"3480","1325","Ec_N",58,60,60,"Ec",16,1,1,1,1,0,0.93631405476465
"3481","1325","Ec_N",59,1,1,"Ec",1,0,0,0,0,0,0
"3482","1325","Ec_N",59,2,2,"Ec",1,0,0,0,0,0,0
"3483","1325","Ec_N",59,3,3,"Ec",5,0,0,1,0,0,0.159629028452195
"3484","1325","Ec_N",59,4,4,"Ec",5,0,0,1,0,0,0.159629028452195
"3485","1325","Ec_N",59,5,5,"Ec",5,0,0,1,0,0,0.159629028452195
"3486","1325","Ec_N",59,6,6,"Ec",5,0,0,1,0,0,0.159629028452195
"3487","1325","Ec_N",59,7,7,"Ec",5,0,0,1,0,0,0.159629028452195
"3488","1325","Ec_N",59,8,8,"Ec",5,0,0,1,0,0,0.159629028452195
"3489","1325","Ec_N",59,9,9,"Ec",5,0,0,1,0,0,0.159629028452195
"3490","1325","Ec_N",59,10,10,"Ec",5,0,0,1,0,0,0.159629028452195
"3491","1325","Ec_N",59,11,11,"Ec",5,0,0,1,0,0,0.159629028452195
"3492","1325","Ec_N",59,12,12,"Ec",5,0,0,1,0,0,0.159629028452195
"3493","1325","Ec_N",59,13,13,"Ec",5,0,0,1,0,0,0.159629028452195
"3494","1325","Ec_N",59,14,14,"Ec",7,0,1,1,0,0,0.580067324700012
"3495","1325","Ec_N",59,15,15,"Ec",7,0,1,1,0,0,0.580067324700012
"3496","1325","Ec_N",59,16,16,"Ec",7,0,1,1,0,0,0.580067324700012
"3497","1325","Ec_N",59,17,17,"Ec",7,0,1,1,0,0,0.580067324700012
"3498","1325","Ec_N",59,18,18,"Ec",7,0,1,1,0,0,0.580067324700012
"3499","1325","Ec_N",59,19,19,"Ec",7,0,1,1,0,0,0.580067324700012
"3500","1325","Ec_N",59,20,20,"Ec",7,0,1,1,0,0,0.580067324700012
"3501","1325","Ec_N",59,21,21,"Ec",7,0,1,1,0,0,0.580067324700012
"3502","1325","Ec_N",59,22,22,"Ec",7,0,1,1,0,0,0.580067324700012
"3503","1325","Ec_N",59,23,23,"Ec",7,0,1,1,0,0,0.580067324700012
"3504","1325","Ec_N",59,24,24,"Ec",7,0,1,1,0,0,0.580067324700012
"3505","1325","Ec_N",59,25,25,"Ec",8,1,1,1,0,0,0.887289570804412
"3506","1325","Ec_N",59,26,26,"Ec",16,1,1,1,1,0,0.93631405476465
"3507","1325","Ec_N",59,27,27,"Ec",16,1,1,1,1,0,0.93631405476465
"3508","1325","Ec_N",59,28,28,"Ec",16,1,1,1,1,0,0.93631405476465
"3509","1325","Ec_N",59,29,29,"Ec",16,1,1,1,1,0,0.93631405476465
"3510","1325","Ec_N",59,30,30,"Ec",16,1,1,1,1,0,0.93631405476465
"3511","1325","Ec_N",59,31,31,"Ec",16,1,1,1,1,0,0.93631405476465
"3512","1325","Ec_N",59,32,32,"Ec",16,1,1,1,1,0,0.93631405476465
"3513","1325","Ec_N",59,33,33,"Ec",16,1,1,1,1,0,0.93631405476465
"3514","1325","Ec_N",59,34,34,"Ec",16,1,1,1,1,0,0.93631405476465
"3515","1325","Ec_N",59,35,35,"Ec",16,1,1,1,1,0,0.93631405476465
"3516","1325","Ec_N",59,36,36,"Ec",16,1,1,1,1,0,0.93631405476465
"3517","1325","Ec_N",59,37,37,"Ec",16,1,1,1,1,0,0.93631405476465
"3518","1325","Ec_N",59,38,38,"Ec",16,1,1,1,1,0,0.93631405476465
"3519","1325","Ec_N",59,39,39,"Ec",16,1,1,1,1,0,0.93631405476465
"3520","1325","Ec_N",59,40,40,"Ec",16,1,1,1,1,0,0.93631405476465
"3521","1325","Ec_N",59,41,41,"Ec",16,1,1,1,1,0,0.93631405476465
"3522","1325","Ec_N",59,42,42,"Ec",16,1,1,1,1,0,0.93631405476465
"3523","1325","Ec_N",59,43,43,"Ec",16,1,1,1,1,0,0.93631405476465
"3524","1325","Ec_N",59,44,44,"Ec",16,1,1,1,1,0,0.93631405476465
"3525","1325","Ec_N",59,45,45,"Ec",16,1,1,1,1,0,0.93631405476465
"3526","1325","Ec_N",59,46,46,"Ec",32,1,1,1,1,1,1
"3527","1325","Ec_N",59,47,47,"Ec",32,1,1,1,1,1,1
"3528","1325","Ec_N",59,48,48,"Ec",32,1,1,1,1,1,1
"3529","1325","Ec_N",59,49,49,"Ec",32,1,1,1,1,1,1
"3530","1325","Ec_N",59,50,50,"Ec",32,1,1,1,1,1,1
"3531","1325","Ec_N",59,51,51,"Ec",32,1,1,1,1,1,1
"3532","1325","Ec_N",59,52,52,"Ec",32,1,1,1,1,1,1
"3533","1325","Ec_N",59,53,53,"Ec",32,1,1,1,1,1,1
"3534","1325","Ec_N",59,54,54,"Ec",32,1,1,1,1,1,1
"3535","1325","Ec_N",59,55,55,"Ec",32,1,1,1,1,1,1
"3536","1325","Ec_N",59,56,56,"Ec",32,1,1,1,1,1,1
"3537","1325","Ec_N",59,57,57,"Ec",32,1,1,1,1,1,1
"3538","1325","Ec_N",59,58,58,"Ec",32,1,1,1,1,1,1
"3539","1325","Ec_N",59,59,59,"Ec",32,1,1,1,1,1,1
"3540","1325","Ec_N",59,60,60,"Ec",32,1,1,1,1,1,1
"3541","1325","Ec_N",60,1,1,"Ec",1,0,0,0,0,0,0
"3542","1325","Ec_N",60,2,2,"Ec",1,0,0,0,0,0,0
"3543","1325","Ec_N",60,3,3,"Ec",17,0,0,0,0,1,0.0636859452353503
"3544","1325","Ec_N",60,4,4,"Ec",17,0,0,0,0,1,0.0636859452353503
"3545","1325","Ec_N",60,5,5,"Ec",17,0,0,0,0,1,0.0636859452353503
"3546","1325","Ec_N",60,6,6,"Ec",17,0,0,0,0,1,0.0636859452353503
"3547","1325","Ec_N",60,7,7,"Ec",17,0,0,0,0,1,0.0636859452353503
"3548","1325","Ec_N",60,8,8,"Ec",17,0,0,0,0,1,0.0636859452353503
"3549","1325","Ec_N",60,9,9,"Ec",19,0,1,0,0,1,0.484124241483168
"3550","1325","Ec_N",60,10,10,"Ec",19,0,1,0,0,1,0.484124241483168
"3551","1325","Ec_N",60,11,11,"Ec",19,0,1,0,0,1,0.484124241483168
"3552","1325","Ec_N",60,12,12,"Ec",27,0,1,0,1,1,0.533148725443406
"3553","1325","Ec_N",60,13,13,"Ec",27,0,1,0,1,1,0.533148725443406
"3554","1325","Ec_N",60,14,14,"Ec",28,1,1,0,1,1,0.815884725734249
"3555","1325","Ec_N",60,15,15,"Ec",28,1,1,0,1,1,0.815884725734249
"3556","1325","Ec_N",60,16,16,"Ec",28,1,1,0,1,1,0.815884725734249
"3557","1325","Ec_N",60,17,17,"Ec",32,1,1,1,1,1,1
"3558","1325","Ec_N",60,18,18,"Ec",32,1,1,1,1,1,1
"3559","1325","Ec_N",60,19,19,"Ec",32,1,1,1,1,1,1
"3560","1325","Ec_N",60,20,20,"Ec",32,1,1,1,1,1,1
"3561","1325","Ec_N",60,21,21,"Ec",32,1,1,1,1,1,1
"3562","1325","Ec_N",60,22,22,"Ec",32,1,1,1,1,1,1
"3563","1325","Ec_N",60,23,23,"Ec",32,1,1,1,1,1,1
"3564","1325","Ec_N",60,24,24,"Ec",32,1,1,1,1,1,1
"3565","1325","Ec_N",60,25,25,"Ec",32,1,1,1,1,1,1
"3566","1325","Ec_N",60,26,26,"Ec",32,1,1,1,1,1,1
"3567","1325","Ec_N",60,27,27,"Ec",32,1,1,1,1,1,1
"3568","1325","Ec_N",60,28,28,"Ec",32,1,1,1,1,1,1
"3569","1325","Ec_N",60,29,29,"Ec",32,1,1,1,1,1,1
"3570","1325","Ec_N",60,30,30,"Ec",32,1,1,1,1,1,1
"3571","1325","Ec_N",60,31,31,"Ec",32,1,1,1,1,1,1
"3572","1325","Ec_N",60,32,32,"Ec",32,1,1,1,1,1,1
"3573","1325","Ec_N",60,33,33,"Ec",32,1,1,1,1,1,1
"3574","1325","Ec_N",60,34,34,"Ec",32,1,1,1,1,1,1
"3575","1325","Ec_N",60,35,35,"Ec",32,1,1,1,1,1,1
"3576","1325","Ec_N",60,36,36,"Ec",32,1,1,1,1,1,1
"3577","1325","Ec_N",60,37,37,"Ec",32,1,1,1,1,1,1
"3578","1325","Ec_N",60,38,38,"Ec",32,1,1,1,1,1,1
"3579","1325","Ec_N",60,39,39,"Ec",32,1,1,1,1,1,1
"3580","1325","Ec_N",60,40,40,"Ec",32,1,1,1,1,1,1
"3581","1325","Ec_N",60,41,41,"Ec",32,1,1,1,1,1,1
"3582","1325","Ec_N",60,42,42,"Ec",32,1,1,1,1,1,1
"3583","1325","Ec_N",60,43,43,"Ec",32,1,1,1,1,1,1
"3584","1325","Ec_N",60,44,44,"Ec",32,1,1,1,1,1,1
"3585","1325","Ec_N",60,45,45,"Ec",32,1,1,1,1,1,1
"3586","1325","Ec_N",60,46,46,"Ec",32,1,1,1,1,1,1
"3587","1325","Ec_N",60,47,47,"Ec",32,1,1,1,1,1,1
"3588","1325","Ec_N",60,48,48,"Ec",32,1,1,1,1,1,1
"3589","1325","Ec_N",60,49,49,"Ec",32,1,1,1,1,1,1
"3590","1325","Ec_N",60,50,50,"Ec",32,1,1,1,1,1,1
"3591","1325","Ec_N",60,51,51,"Ec",32,1,1,1,1,1,1
"3592","1325","Ec_N",60,52,52,"Ec",32,1,1,1,1,1,1
"3593","1325","Ec_N",60,53,53,"Ec",32,1,1,1,1,1,1
"3594","1325","Ec_N",60,54,54,"Ec",32,1,1,1,1,1,1
"3595","1325","Ec_N",60,55,55,"Ec",32,1,1,1,1,1,1
"3596","1325","Ec_N",60,56,56,"Ec",32,1,1,1,1,1,1
"3597","1325","Ec_N",60,57,57,"Ec",32,1,1,1,1,1,1
"3598","1325","Ec_N",60,58,58,"Ec",32,1,1,1,1,1,1
"3599","1325","Ec_N",60,59,59,"Ec",32,1,1,1,1,1,1
"3600","1325","Ec_N",60,60,60,"Ec",32,1,1,1,1,1,1
"3601","1325","Ec_N",61,1,1,"Ec",1,0,0,0,0,0,0
"3602","1325","Ec_N",61,2,2,"Ec",1,0,0,0,0,0,0
"3603","1325","Ec_N",61,3,3,"Ec",1,0,0,0,0,0,0
"3604","1325","Ec_N",61,4,4,"Ec",17,0,0,0,0,1,0.0636859452353503
"3605","1325","Ec_N",61,5,5,"Ec",25,0,0,0,1,1,0.112710429195588
"3606","1325","Ec_N",61,6,6,"Ec",25,0,0,0,1,1,0.112710429195588
"3607","1325","Ec_N",61,7,7,"Ec",25,0,0,0,1,1,0.112710429195588
"3608","1325","Ec_N",61,8,8,"Ec",25,0,0,0,1,1,0.112710429195588
"3609","1325","Ec_N",61,9,9,"Ec",25,0,0,0,1,1,0.112710429195588
"3610","1325","Ec_N",61,10,10,"Ec",25,0,0,0,1,1,0.112710429195588
"3611","1325","Ec_N",61,11,11,"Ec",25,0,0,0,1,1,0.112710429195588
"3612","1325","Ec_N",61,12,12,"Ec",25,0,0,0,1,1,0.112710429195588
"3613","1325","Ec_N",61,13,13,"Ec",25,0,0,0,1,1,0.112710429195588
"3614","1325","Ec_N",61,14,14,"Ec",26,1,0,0,1,1,0.419932675299988
"3615","1325","Ec_N",61,15,15,"Ec",26,1,0,0,1,1,0.419932675299988
"3616","1325","Ec_N",61,16,16,"Ec",26,1,0,0,1,1,0.419932675299988
"3617","1325","Ec_N",61,17,17,"Ec",26,1,0,0,1,1,0.419932675299988
"3618","1325","Ec_N",61,18,18,"Ec",26,1,0,0,1,1,0.419932675299988
"3619","1325","Ec_N",61,19,19,"Ec",26,1,0,0,1,1,0.419932675299988
"3620","1325","Ec_N",61,20,20,"Ec",26,1,0,0,1,1,0.419932675299988
"3621","1325","Ec_N",61,21,21,"Ec",26,1,0,0,1,1,0.419932675299988
"3622","1325","Ec_N",61,22,22,"Ec",26,1,0,0,1,1,0.419932675299988
"3623","1325","Ec_N",61,23,23,"Ec",26,1,0,0,1,1,0.419932675299988
"3624","1325","Ec_N",61,24,24,"Ec",26,1,0,0,1,1,0.419932675299988
"3625","1325","Ec_N",61,25,25,"Ec",26,1,0,0,1,1,0.419932675299988
"3626","1325","Ec_N",61,26,26,"Ec",26,1,0,0,1,1,0.419932675299988
"3627","1325","Ec_N",61,27,27,"Ec",26,1,0,0,1,1,0.419932675299988
"3628","1325","Ec_N",61,28,28,"Ec",26,1,0,0,1,1,0.419932675299988
"3629","1325","Ec_N",61,29,29,"Ec",26,1,0,0,1,1,0.419932675299988
"3630","1325","Ec_N",61,30,30,"Ec",26,1,0,0,1,1,0.419932675299988
"3631","1325","Ec_N",61,31,31,"Ec",26,1,0,0,1,1,0.419932675299988
"3632","1325","Ec_N",61,32,32,"Ec",26,1,0,0,1,1,0.419932675299988
"3633","1325","Ec_N",61,33,33,"Ec",26,1,0,0,1,1,0.419932675299988
"3634","1325","Ec_N",61,34,34,"Ec",26,1,0,0,1,1,0.419932675299988
"3635","1325","Ec_N",61,35,35,"Ec",26,1,0,0,1,1,0.419932675299988
"3636","1325","Ec_N",61,36,36,"Ec",28,1,1,0,1,1,0.815884725734249
"3637","1325","Ec_N",61,37,37,"Ec",28,1,1,0,1,1,0.815884725734249
"3638","1325","Ec_N",61,38,38,"Ec",28,1,1,0,1,1,0.815884725734249
"3639","1325","Ec_N",61,39,39,"Ec",28,1,1,0,1,1,0.815884725734249
"3640","1325","Ec_N",61,40,40,"Ec",28,1,1,0,1,1,0.815884725734249
"3641","1325","Ec_N",61,41,41,"Ec",28,1,1,0,1,1,0.815884725734249
"3642","1325","Ec_N",61,42,42,"Ec",28,1,1,0,1,1,0.815884725734249
"3643","1325","Ec_N",61,43,43,"Ec",28,1,1,0,1,1,0.815884725734249
"3644","1325","Ec_N",61,44,44,"Ec",28,1,1,0,1,1,0.815884725734249
"3645","1325","Ec_N",61,45,45,"Ec",28,1,1,0,1,1,0.815884725734249
"3646","1325","Ec_N",61,46,46,"Ec",28,1,1,0,1,1,0.815884725734249
"3647","1325","Ec_N",61,47,47,"Ec",28,1,1,0,1,1,0.815884725734249
"3648","1325","Ec_N",61,48,48,"Ec",28,1,1,0,1,1,0.815884725734249
"3649","1325","Ec_N",61,49,49,"Ec",28,1,1,0,1,1,0.815884725734249
"3650","1325","Ec_N",61,50,50,"Ec",28,1,1,0,1,1,0.815884725734249
"3651","1325","Ec_N",61,51,51,"Ec",28,1,1,0,1,1,0.815884725734249
"3652","1325","Ec_N",61,52,52,"Ec",28,1,1,0,1,1,0.815884725734249
"3653","1325","Ec_N",61,53,53,"Ec",28,1,1,0,1,1,0.815884725734249
"3654","1325","Ec_N",61,54,54,"Ec",32,1,1,1,1,1,1
"3655","1325","Ec_N",61,55,55,"Ec",32,1,1,1,1,1,1
"3656","1325","Ec_N",61,56,56,"Ec",32,1,1,1,1,1,1
"3657","1325","Ec_N",61,57,57,"Ec",32,1,1,1,1,1,1
"3658","1325","Ec_N",61,58,58,"Ec",32,1,1,1,1,1,1
"3659","1325","Ec_N",61,59,59,"Ec",32,1,1,1,1,1,1
"3660","1325","Ec_N",61,60,60,"Ec",32,1,1,1,1,1,1
"3661","1325","Ec_N",62,1,1,"Ec",1,0,0,0,0,0,0
"3662","1325","Ec_N",62,2,2,"Ec",1,0,0,0,0,0,0
"3663","1325","Ec_N",62,3,3,"Ec",1,0,0,0,0,0,0
"3664","1325","Ec_N",62,4,4,"Ec",1,0,0,0,0,0,0
"3665","1325","Ec_N",62,5,5,"Ec",1,0,0,0,0,0,0
"3666","1325","Ec_N",62,6,6,"Ec",1,0,0,0,0,0,0
"3667","1325","Ec_N",62,7,7,"Ec",1,0,0,0,0,0,0
"3668","1325","Ec_N",62,8,8,"Ec",5,0,0,1,0,0,0.159629028452195
"3669","1325","Ec_N",62,9,9,"Ec",5,0,0,1,0,0,0.159629028452195
"3670","1325","Ec_N",62,10,10,"Ec",5,0,0,1,0,0,0.159629028452195
"3671","1325","Ec_N",62,11,11,"Ec",5,0,0,1,0,0,0.159629028452195
"3672","1325","Ec_N",62,12,12,"Ec",5,0,0,1,0,0,0.159629028452195
"3673","1325","Ec_N",62,13,13,"Ec",5,0,0,1,0,0,0.159629028452195
"3674","1325","Ec_N",62,14,14,"Ec",5,0,0,1,0,0,0.159629028452195
"3675","1325","Ec_N",62,15,15,"Ec",13,0,0,1,1,0,0.208653512412432
"3676","1325","Ec_N",62,16,16,"Ec",13,0,0,1,1,0,0.208653512412432
"3677","1325","Ec_N",62,17,17,"Ec",13,0,0,1,1,0,0.208653512412432
"3678","1325","Ec_N",62,18,18,"Ec",13,0,0,1,1,0,0.208653512412432
"3679","1325","Ec_N",62,19,19,"Ec",13,0,0,1,1,0,0.208653512412432
"3680","1325","Ec_N",62,20,20,"Ec",13,0,0,1,1,0,0.208653512412432
"3681","1325","Ec_N",62,21,21,"Ec",13,0,0,1,1,0,0.208653512412432
"3682","1325","Ec_N",62,22,22,"Ec",13,0,0,1,1,0,0.208653512412432
"3683","1325","Ec_N",62,23,23,"Ec",13,0,0,1,1,0,0.208653512412432
"3684","1325","Ec_N",62,24,24,"Ec",15,0,1,1,1,0,0.62909180866025
"3685","1325","Ec_N",62,25,25,"Ec",15,0,1,1,1,0,0.62909180866025
"3686","1325","Ec_N",62,26,26,"Ec",15,0,1,1,1,0,0.62909180866025
"3687","1325","Ec_N",62,27,27,"Ec",15,0,1,1,1,0,0.62909180866025
"3688","1325","Ec_N",62,28,28,"Ec",15,0,1,1,1,0,0.62909180866025
"3689","1325","Ec_N",62,29,29,"Ec",15,0,1,1,1,0,0.62909180866025
"3690","1325","Ec_N",62,30,30,"Ec",15,0,1,1,1,0,0.62909180866025
"3691","1325","Ec_N",62,31,31,"Ec",15,0,1,1,1,0,0.62909180866025
"3692","1325","Ec_N",62,32,32,"Ec",15,0,1,1,1,0,0.62909180866025
"3693","1325","Ec_N",62,33,33,"Ec",15,0,1,1,1,0,0.62909180866025
"3694","1325","Ec_N",62,34,34,"Ec",16,1,1,1,1,0,0.93631405476465
"3695","1325","Ec_N",62,35,35,"Ec",16,1,1,1,1,0,0.93631405476465
"3696","1325","Ec_N",62,36,36,"Ec",16,1,1,1,1,0,0.93631405476465
"3697","1325","Ec_N",62,37,37,"Ec",16,1,1,1,1,0,0.93631405476465
"3698","1325","Ec_N",62,38,38,"Ec",16,1,1,1,1,0,0.93631405476465
"3699","1325","Ec_N",62,39,39,"Ec",16,1,1,1,1,0,0.93631405476465
"3700","1325","Ec_N",62,40,40,"Ec",16,1,1,1,1,0,0.93631405476465
"3701","1325","Ec_N",62,41,41,"Ec",16,1,1,1,1,0,0.93631405476465
"3702","1325","Ec_N",62,42,42,"Ec",16,1,1,1,1,0,0.93631405476465
"3703","1325","Ec_N",62,43,43,"Ec",16,1,1,1,1,0,0.93631405476465
"3704","1325","Ec_N",62,44,44,"Ec",16,1,1,1,1,0,0.93631405476465
"3705","1325","Ec_N",62,45,45,"Ec",16,1,1,1,1,0,0.93631405476465
"3706","1325","Ec_N",62,46,46,"Ec",16,1,1,1,1,0,0.93631405476465
"3707","1325","Ec_N",62,47,47,"Ec",16,1,1,1,1,0,0.93631405476465
"3708","1325","Ec_N",62,48,48,"Ec",16,1,1,1,1,0,0.93631405476465
"3709","1325","Ec_N",62,49,49,"Ec",16,1,1,1,1,0,0.93631405476465
"3710","1325","Ec_N",62,50,50,"Ec",16,1,1,1,1,0,0.93631405476465
"3711","1325","Ec_N",62,51,51,"Ec",16,1,1,1,1,0,0.93631405476465
"3712","1325","Ec_N",62,52,52,"Ec",16,1,1,1,1,0,0.93631405476465
"3713","1325","Ec_N",62,53,53,"Ec",16,1,1,1,1,0,0.93631405476465
"3714","1325","Ec_N",62,54,54,"Ec",16,1,1,1,1,0,0.93631405476465
"3715","1325","Ec_N",62,55,55,"Ec",16,1,1,1,1,0,0.93631405476465
"3716","1325","Ec_N",62,56,56,"Ec",16,1,1,1,1,0,0.93631405476465
"3717","1325","Ec_N",62,57,57,"Ec",16,1,1,1,1,0,0.93631405476465
"3718","1325","Ec_N",62,58,58,"Ec",16,1,1,1,1,0,0.93631405476465
"3719","1325","Ec_N",62,59,59,"Ec",16,1,1,1,1,0,0.93631405476465
"3720","1325","Ec_N",62,60,60,"Ec",32,1,1,1,1,1,1
"3721","1325","Ec_N",63,1,1,"Ec",1,0,0,0,0,0,0
"3722","1325","Ec_N",63,2,2,"Ec",1,0,0,0,0,0,0
"3723","1325","Ec_N",63,3,3,"Ec",1,0,0,0,0,0,0
"3724","1325","Ec_N",63,4,4,"Ec",1,0,0,0,0,0,0
"3725","1325","Ec_N",63,5,5,"Ec",17,0,0,0,0,1,0.0636859452353503
"3726","1325","Ec_N",63,6,6,"Ec",21,0,0,1,0,1,0.223314973687545
"3727","1325","Ec_N",63,7,7,"Ec",21,0,0,1,0,1,0.223314973687545
"3728","1325","Ec_N",63,8,8,"Ec",23,0,1,1,0,1,0.57389469344254
"3729","1325","Ec_N",63,9,9,"Ec",23,0,1,1,0,1,0.57389469344254
"3730","1325","Ec_N",63,10,10,"Ec",23,0,1,1,0,1,0.57389469344254
"3731","1325","Ec_N",63,11,11,"Ec",23,0,1,1,0,1,0.57389469344254
"3732","1325","Ec_N",63,12,12,"Ec",23,0,1,1,0,1,0.57389469344254
"3733","1325","Ec_N",63,13,13,"Ec",23,0,1,1,0,1,0.57389469344254
"3734","1325","Ec_N",63,14,14,"Ec",23,0,1,1,0,1,0.57389469344254
"3735","1325","Ec_N",63,15,15,"Ec",23,0,1,1,0,1,0.57389469344254
"3736","1325","Ec_N",63,16,16,"Ec",23,0,1,1,0,1,0.57389469344254
"3737","1325","Ec_N",63,17,17,"Ec",23,0,1,1,0,1,0.57389469344254
"3738","1325","Ec_N",63,18,18,"Ec",23,0,1,1,0,1,0.57389469344254
"3739","1325","Ec_N",63,19,19,"Ec",31,0,1,1,1,1,0.6927777538956
"3740","1325","Ec_N",63,20,20,"Ec",31,0,1,1,1,1,0.6927777538956
"3741","1325","Ec_N",63,21,21,"Ec",31,0,1,1,1,1,0.6927777538956
"3742","1325","Ec_N",63,22,22,"Ec",31,0,1,1,1,1,0.6927777538956
"3743","1325","Ec_N",63,23,23,"Ec",31,0,1,1,1,1,0.6927777538956
"3744","1325","Ec_N",63,24,24,"Ec",32,1,1,1,1,1,1
"3745","1325","Ec_N",63,25,25,"Ec",32,1,1,1,1,1,1
"3746","1325","Ec_N",63,26,26,"Ec",32,1,1,1,1,1,1
"3747","1325","Ec_N",63,27,27,"Ec",32,1,1,1,1,1,1
"3748","1325","Ec_N",63,28,28,"Ec",32,1,1,1,1,1,1
"3749","1325","Ec_N",63,29,29,"Ec",32,1,1,1,1,1,1
"3750","1325","Ec_N",63,30,30,"Ec",32,1,1,1,1,1,1
"3751","1325","Ec_N",63,31,31,"Ec",32,1,1,1,1,1,1
"3752","1325","Ec_N",63,32,32,"Ec",32,1,1,1,1,1,1
"3753","1325","Ec_N",63,33,33,"Ec",32,1,1,1,1,1,1
"3754","1325","Ec_N",63,34,34,"Ec",32,1,1,1,1,1,1
"3755","1325","Ec_N",63,35,35,"Ec",32,1,1,1,1,1,1
"3756","1325","Ec_N",63,36,36,"Ec",32,1,1,1,1,1,1
"3757","1325","Ec_N",63,37,37,"Ec",32,1,1,1,1,1,1
"3758","1325","Ec_N",63,38,38,"Ec",32,1,1,1,1,1,1
"3759","1325","Ec_N",63,39,39,"Ec",32,1,1,1,1,1,1
"3760","1325","Ec_N",63,40,40,"Ec",32,1,1,1,1,1,1
"3761","1325","Ec_N",63,41,41,"Ec",32,1,1,1,1,1,1
"3762","1325","Ec_N",63,42,42,"Ec",32,1,1,1,1,1,1
"3763","1325","Ec_N",63,43,43,"Ec",32,1,1,1,1,1,1
"3764","1325","Ec_N",63,44,44,"Ec",32,1,1,1,1,1,1
"3765","1325","Ec_N",63,45,45,"Ec",32,1,1,1,1,1,1
"3766","1325","Ec_N",63,46,46,"Ec",32,1,1,1,1,1,1
"3767","1325","Ec_N",63,47,47,"Ec",32,1,1,1,1,1,1
"3768","1325","Ec_N",63,48,48,"Ec",32,1,1,1,1,1,1
"3769","1325","Ec_N",63,49,49,"Ec",32,1,1,1,1,1,1
"3770","1325","Ec_N",63,50,50,"Ec",32,1,1,1,1,1,1
"3771","1325","Ec_N",63,51,51,"Ec",32,1,1,1,1,1,1
"3772","1325","Ec_N",63,52,52,"Ec",32,1,1,1,1,1,1
"3773","1325","Ec_N",63,53,53,"Ec",32,1,1,1,1,1,1
"3774","1325","Ec_N",63,54,54,"Ec",32,1,1,1,1,1,1
"3775","1325","Ec_N",63,55,55,"Ec",32,1,1,1,1,1,1
"3776","1325","Ec_N",63,56,56,"Ec",32,1,1,1,1,1,1
"3777","1325","Ec_N",63,57,57,"Ec",32,1,1,1,1,1,1
"3778","1325","Ec_N",63,58,58,"Ec",32,1,1,1,1,1,1
"3779","1325","Ec_N",63,59,59,"Ec",32,1,1,1,1,1,1
"3780","1325","Ec_N",63,60,60,"Ec",32,1,1,1,1,1,1
"3781","1325","Ec_N",64,1,1,"Ec",1,0,0,0,0,0,0
"3782","1325","Ec_N",64,2,2,"Ec",1,0,0,0,0,0,0
"3783","1325","Ec_N",64,3,3,"Ec",1,0,0,0,0,0,0
"3784","1325","Ec_N",64,4,4,"Ec",1,0,0,0,0,0,0
"3785","1325","Ec_N",64,5,5,"Ec",1,0,0,0,0,0,0
"3786","1325","Ec_N",64,6,6,"Ec",1,0,0,0,0,0,0
"3787","1325","Ec_N",64,7,7,"Ec",1,0,0,0,0,0,0
"3788","1325","Ec_N",64,8,8,"Ec",1,0,0,0,0,0,0
"3789","1325","Ec_N",64,9,9,"Ec",1,0,0,0,0,0,0
"3790","1325","Ec_N",64,10,10,"Ec",1,0,0,0,0,0,0
"3791","1325","Ec_N",64,11,11,"Ec",5,0,0,1,0,0,0.159629028452195
"3792","1325","Ec_N",64,12,12,"Ec",5,0,0,1,0,0,0.159629028452195
"3793","1325","Ec_N",64,13,13,"Ec",5,0,0,1,0,0,0.159629028452195
"3794","1325","Ec_N",64,14,14,"Ec",5,0,0,1,0,0,0.159629028452195
"3795","1325","Ec_N",64,15,15,"Ec",21,0,0,1,0,1,0.223314973687545
"3796","1325","Ec_N",64,16,16,"Ec",21,0,0,1,0,1,0.223314973687545
"3797","1325","Ec_N",64,17,17,"Ec",29,0,0,1,1,1,0.272339457647783
"3798","1325","Ec_N",64,18,18,"Ec",29,0,0,1,1,1,0.272339457647783
"3799","1325","Ec_N",64,19,19,"Ec",29,0,0,1,1,1,0.272339457647783
"3800","1325","Ec_N",64,20,20,"Ec",29,0,0,1,1,1,0.272339457647783
"3801","1325","Ec_N",64,21,21,"Ec",29,0,0,1,1,1,0.272339457647783
"3802","1325","Ec_N",64,22,22,"Ec",29,0,0,1,1,1,0.272339457647783
"3803","1325","Ec_N",64,23,23,"Ec",29,0,0,1,1,1,0.272339457647783
"3804","1325","Ec_N",64,24,24,"Ec",29,0,0,1,1,1,0.272339457647783
"3805","1325","Ec_N",64,25,25,"Ec",29,0,0,1,1,1,0.272339457647783
"3806","1325","Ec_N",64,26,26,"Ec",29,0,0,1,1,1,0.272339457647783
"3807","1325","Ec_N",64,27,27,"Ec",29,0,0,1,1,1,0.272339457647783
"3808","1325","Ec_N",64,28,28,"Ec",29,0,0,1,1,1,0.272339457647783
"3809","1325","Ec_N",64,29,29,"Ec",29,0,0,1,1,1,0.272339457647783
"3810","1325","Ec_N",64,30,30,"Ec",29,0,0,1,1,1,0.272339457647783
"3811","1325","Ec_N",64,31,31,"Ec",29,0,0,1,1,1,0.272339457647783
"3812","1325","Ec_N",64,32,32,"Ec",29,0,0,1,1,1,0.272339457647783
"3813","1325","Ec_N",64,33,33,"Ec",29,0,0,1,1,1,0.272339457647783
"3814","1325","Ec_N",64,34,34,"Ec",29,0,0,1,1,1,0.272339457647783
"3815","1325","Ec_N",64,35,35,"Ec",29,0,0,1,1,1,0.272339457647783
"3816","1325","Ec_N",64,36,36,"Ec",29,0,0,1,1,1,0.272339457647783
"3817","1325","Ec_N",64,37,37,"Ec",30,1,0,1,1,1,0.579561703752182
"3818","1325","Ec_N",64,38,38,"Ec",30,1,0,1,1,1,0.579561703752182
"3819","1325","Ec_N",64,39,39,"Ec",30,1,0,1,1,1,0.579561703752182
"3820","1325","Ec_N",64,40,40,"Ec",30,1,0,1,1,1,0.579561703752182
"3821","1325","Ec_N",64,41,41,"Ec",30,1,0,1,1,1,0.579561703752182
"3822","1325","Ec_N",64,42,42,"Ec",32,1,1,1,1,1,1
"3823","1325","Ec_N",64,43,43,"Ec",32,1,1,1,1,1,1
"3824","1325","Ec_N",64,44,44,"Ec",32,1,1,1,1,1,1
"3825","1325","Ec_N",64,45,45,"Ec",32,1,1,1,1,1,1
"3826","1325","Ec_N",64,46,46,"Ec",32,1,1,1,1,1,1
"3827","1325","Ec_N",64,47,47,"Ec",32,1,1,1,1,1,1
"3828","1325","Ec_N",64,48,48,"Ec",32,1,1,1,1,1,1
"3829","1325","Ec_N",64,49,49,"Ec",32,1,1,1,1,1,1
"3830","1325","Ec_N",64,50,50,"Ec",32,1,1,1,1,1,1
"3831","1325","Ec_N",64,51,51,"Ec",32,1,1,1,1,1,1
"3832","1325","Ec_N",64,52,52,"Ec",32,1,1,1,1,1,1
"3833","1325","Ec_N",64,53,53,"Ec",32,1,1,1,1,1,1
"3834","1325","Ec_N",64,54,54,"Ec",32,1,1,1,1,1,1
"3835","1325","Ec_N",64,55,55,"Ec",32,1,1,1,1,1,1
"3836","1325","Ec_N",64,56,56,"Ec",32,1,1,1,1,1,1
"3837","1325","Ec_N",64,57,57,"Ec",32,1,1,1,1,1,1
"3838","1325","Ec_N",64,58,58,"Ec",32,1,1,1,1,1,1
"3839","1325","Ec_N",64,59,59,"Ec",32,1,1,1,1,1,1
"3840","1325","Ec_N",64,60,60,"Ec",32,1,1,1,1,1,1
"3841","1325","Ec_N",65,1,1,"Ec",1,0,0,0,0,0,0
"3842","1325","Ec_N",65,2,2,"Ec",1,0,0,0,0,0,0
"3843","1325","Ec_N",65,3,3,"Ec",1,0,0,0,0,0,0
"3844","1325","Ec_N",65,4,4,"Ec",1,0,0,0,0,0,0
"3845","1325","Ec_N",65,5,5,"Ec",1,0,0,0,0,0,0
"3846","1325","Ec_N",65,6,6,"Ec",1,0,0,0,0,0,0
"3847","1325","Ec_N",65,7,7,"Ec",1,0,0,0,0,0,0
"3848","1325","Ec_N",65,8,8,"Ec",1,0,0,0,0,0,0
"3849","1325","Ec_N",65,9,9,"Ec",1,0,0,0,0,0,0
"3850","1325","Ec_N",65,10,10,"Ec",1,0,0,0,0,0,0
"3851","1325","Ec_N",65,11,11,"Ec",1,0,0,0,0,0,0
"3852","1325","Ec_N",65,12,12,"Ec",1,0,0,0,0,0,0
"3853","1325","Ec_N",65,13,13,"Ec",1,0,0,0,0,0,0
"3854","1325","Ec_N",65,14,14,"Ec",1,0,0,0,0,0,0
"3855","1325","Ec_N",65,15,15,"Ec",1,0,0,0,0,0,0
"3856","1325","Ec_N",65,16,16,"Ec",5,0,0,1,0,0,0.159629028452195
"3857","1325","Ec_N",65,17,17,"Ec",5,0,0,1,0,0,0.159629028452195
"3858","1325","Ec_N",65,18,18,"Ec",5,0,0,1,0,0,0.159629028452195
"3859","1325","Ec_N",65,19,19,"Ec",5,0,0,1,0,0,0.159629028452195
"3860","1325","Ec_N",65,20,20,"Ec",5,0,0,1,0,0,0.159629028452195
"3861","1325","Ec_N",65,21,21,"Ec",5,0,0,1,0,0,0.159629028452195
"3862","1325","Ec_N",65,22,22,"Ec",5,0,0,1,0,0,0.159629028452195
"3863","1325","Ec_N",65,23,23,"Ec",5,0,0,1,0,0,0.159629028452195
"3864","1325","Ec_N",65,24,24,"Ec",5,0,0,1,0,0,0.159629028452195
"3865","1325","Ec_N",65,25,25,"Ec",5,0,0,1,0,0,0.159629028452195
"3866","1325","Ec_N",65,26,26,"Ec",5,0,0,1,0,0,0.159629028452195
"3867","1325","Ec_N",65,27,27,"Ec",5,0,0,1,0,0,0.159629028452195
"3868","1325","Ec_N",65,28,28,"Ec",5,0,0,1,0,0,0.159629028452195
"3869","1325","Ec_N",65,29,29,"Ec",6,1,0,1,0,0,0.466851274556594
"3870","1325","Ec_N",65,30,30,"Ec",6,1,0,1,0,0,0.466851274556594
"3871","1325","Ec_N",65,31,31,"Ec",6,1,0,1,0,0,0.466851274556594
"3872","1325","Ec_N",65,32,32,"Ec",6,1,0,1,0,0,0.466851274556594
"3873","1325","Ec_N",65,33,33,"Ec",6,1,0,1,0,0,0.466851274556594
"3874","1325","Ec_N",65,34,34,"Ec",14,1,0,1,1,0,0.479175264165032
"3875","1325","Ec_N",65,35,35,"Ec",14,1,0,1,1,0,0.479175264165032
"3876","1325","Ec_N",65,36,36,"Ec",14,1,0,1,1,0,0.479175264165032
"3877","1325","Ec_N",65,37,37,"Ec",14,1,0,1,1,0,0.479175264165032
"3878","1325","Ec_N",65,38,38,"Ec",14,1,0,1,1,0,0.479175264165032
"3879","1325","Ec_N",65,39,39,"Ec",14,1,0,1,1,0,0.479175264165032
"3880","1325","Ec_N",65,40,40,"Ec",30,1,0,1,1,1,0.579561703752182
"3881","1325","Ec_N",65,41,41,"Ec",30,1,0,1,1,1,0.579561703752182
"3882","1325","Ec_N",65,42,42,"Ec",30,1,0,1,1,1,0.579561703752182
"3883","1325","Ec_N",65,43,43,"Ec",30,1,0,1,1,1,0.579561703752182
"3884","1325","Ec_N",65,44,44,"Ec",30,1,0,1,1,1,0.579561703752182
"3885","1325","Ec_N",65,45,45,"Ec",30,1,0,1,1,1,0.579561703752182
"3886","1325","Ec_N",65,46,46,"Ec",30,1,0,1,1,1,0.579561703752182
"3887","1325","Ec_N",65,47,47,"Ec",30,1,0,1,1,1,0.579561703752182
"3888","1325","Ec_N",65,48,48,"Ec",32,1,1,1,1,1,1
"3889","1325","Ec_N",65,49,49,"Ec",32,1,1,1,1,1,1
"3890","1325","Ec_N",65,50,50,"Ec",32,1,1,1,1,1,1
"3891","1325","Ec_N",65,51,51,"Ec",32,1,1,1,1,1,1
"3892","1325","Ec_N",65,52,52,"Ec",32,1,1,1,1,1,1
"3893","1325","Ec_N",65,53,53,"Ec",32,1,1,1,1,1,1
"3894","1325","Ec_N",65,54,54,"Ec",32,1,1,1,1,1,1
"3895","1325","Ec_N",65,55,55,"Ec",32,1,1,1,1,1,1
"3896","1325","Ec_N",65,56,56,"Ec",32,1,1,1,1,1,1
"3897","1325","Ec_N",65,57,57,"Ec",32,1,1,1,1,1,1
"3898","1325","Ec_N",65,58,58,"Ec",32,1,1,1,1,1,1
"3899","1325","Ec_N",65,59,59,"Ec",32,1,1,1,1,1,1
"3900","1325","Ec_N",65,60,60,"Ec",32,1,1,1,1,1,1
"3901","1325","Ec_N",66,1,1,"Ec",1,0,0,0,0,0,0
"3902","1325","Ec_N",66,2,2,"Ec",1,0,0,0,0,0,0
"3903","1325","Ec_N",66,3,3,"Ec",9,0,0,0,1,0,0.0490244839602376
"3904","1325","Ec_N",66,4,4,"Ec",9,0,0,0,1,0,0.0490244839602376
"3905","1325","Ec_N",66,5,5,"Ec",9,0,0,0,1,0,0.0490244839602376
"3906","1325","Ec_N",66,6,6,"Ec",25,0,0,0,1,1,0.112710429195588
"3907","1325","Ec_N",66,7,7,"Ec",25,0,0,0,1,1,0.112710429195588
"3908","1325","Ec_N",66,8,8,"Ec",25,0,0,0,1,1,0.112710429195588
"3909","1325","Ec_N",66,9,9,"Ec",25,0,0,0,1,1,0.112710429195588
"3910","1325","Ec_N",66,10,10,"Ec",25,0,0,0,1,1,0.112710429195588
"3911","1325","Ec_N",66,11,11,"Ec",25,0,0,0,1,1,0.112710429195588
"3912","1325","Ec_N",66,12,12,"Ec",25,0,0,0,1,1,0.112710429195588
"3913","1325","Ec_N",66,13,13,"Ec",27,0,1,0,1,1,0.533148725443406
"3914","1325","Ec_N",66,14,14,"Ec",27,0,1,0,1,1,0.533148725443406
"3915","1325","Ec_N",66,15,15,"Ec",27,0,1,0,1,1,0.533148725443406
"3916","1325","Ec_N",66,16,16,"Ec",27,0,1,0,1,1,0.533148725443406
"3917","1325","Ec_N",66,17,17,"Ec",27,0,1,0,1,1,0.533148725443406
"3918","1325","Ec_N",66,18,18,"Ec",27,0,1,0,1,1,0.533148725443406
"3919","1325","Ec_N",66,19,19,"Ec",27,0,1,0,1,1,0.533148725443406
"3920","1325","Ec_N",66,20,20,"Ec",27,0,1,0,1,1,0.533148725443406
"3921","1325","Ec_N",66,21,21,"Ec",27,0,1,0,1,1,0.533148725443406
"3922","1325","Ec_N",66,22,22,"Ec",27,0,1,0,1,1,0.533148725443406
"3923","1325","Ec_N",66,23,23,"Ec",27,0,1,0,1,1,0.533148725443406
"3924","1325","Ec_N",66,24,24,"Ec",27,0,1,0,1,1,0.533148725443406
"3925","1325","Ec_N",66,25,25,"Ec",27,0,1,0,1,1,0.533148725443406
"3926","1325","Ec_N",66,26,26,"Ec",27,0,1,0,1,1,0.533148725443406
"3927","1325","Ec_N",66,27,27,"Ec",27,0,1,0,1,1,0.533148725443406
"3928","1325","Ec_N",66,28,28,"Ec",27,0,1,0,1,1,0.533148725443406
"3929","1325","Ec_N",66,29,29,"Ec",27,0,1,0,1,1,0.533148725443406
"3930","1325","Ec_N",66,30,30,"Ec",27,0,1,0,1,1,0.533148725443406
"3931","1325","Ec_N",66,31,31,"Ec",27,0,1,0,1,1,0.533148725443406
"3932","1325","Ec_N",66,32,32,"Ec",27,0,1,0,1,1,0.533148725443406
"3933","1325","Ec_N",66,33,33,"Ec",27,0,1,0,1,1,0.533148725443406
"3934","1325","Ec_N",66,34,34,"Ec",28,1,1,0,1,1,0.815884725734249
"3935","1325","Ec_N",66,35,35,"Ec",28,1,1,0,1,1,0.815884725734249
"3936","1325","Ec_N",66,36,36,"Ec",28,1,1,0,1,1,0.815884725734249
"3937","1325","Ec_N",66,37,37,"Ec",28,1,1,0,1,1,0.815884725734249
"3938","1325","Ec_N",66,38,38,"Ec",28,1,1,0,1,1,0.815884725734249
"3939","1325","Ec_N",66,39,39,"Ec",28,1,1,0,1,1,0.815884725734249
"3940","1325","Ec_N",66,40,40,"Ec",28,1,1,0,1,1,0.815884725734249
"3941","1325","Ec_N",66,41,41,"Ec",28,1,1,0,1,1,0.815884725734249
"3942","1325","Ec_N",66,42,42,"Ec",28,1,1,0,1,1,0.815884725734249
"3943","1325","Ec_N",66,43,43,"Ec",28,1,1,0,1,1,0.815884725734249
"3944","1325","Ec_N",66,44,44,"Ec",28,1,1,0,1,1,0.815884725734249
"3945","1325","Ec_N",66,45,45,"Ec",28,1,1,0,1,1,0.815884725734249
"3946","1325","Ec_N",66,46,46,"Ec",28,1,1,0,1,1,0.815884725734249
"3947","1325","Ec_N",66,47,47,"Ec",28,1,1,0,1,1,0.815884725734249
"3948","1325","Ec_N",66,48,48,"Ec",28,1,1,0,1,1,0.815884725734249
"3949","1325","Ec_N",66,49,49,"Ec",28,1,1,0,1,1,0.815884725734249
"3950","1325","Ec_N",66,50,50,"Ec",28,1,1,0,1,1,0.815884725734249
"3951","1325","Ec_N",66,51,51,"Ec",28,1,1,0,1,1,0.815884725734249
"3952","1325","Ec_N",66,52,52,"Ec",28,1,1,0,1,1,0.815884725734249
"3953","1325","Ec_N",66,53,53,"Ec",32,1,1,1,1,1,1
"3954","1325","Ec_N",66,54,54,"Ec",32,1,1,1,1,1,1
"3955","1325","Ec_N",66,55,55,"Ec",32,1,1,1,1,1,1
"3956","1325","Ec_N",66,56,56,"Ec",32,1,1,1,1,1,1
"3957","1325","Ec_N",66,57,57,"Ec",32,1,1,1,1,1,1
"3958","1325","Ec_N",66,58,58,"Ec",32,1,1,1,1,1,1
"3959","1325","Ec_N",66,59,59,"Ec",32,1,1,1,1,1,1
"3960","1325","Ec_N",66,60,60,"Ec",32,1,1,1,1,1,1
"3961","1325","Ec_N",67,1,1,"Ec",1,0,0,0,0,0,0
"3962","1325","Ec_N",67,2,2,"Ec",2,1,0,0,0,0,0.3072222461044
"3963","1325","Ec_N",67,3,3,"Ec",2,1,0,0,0,0,0.3072222461044
"3964","1325","Ec_N",67,4,4,"Ec",2,1,0,0,0,0,0.3072222461044
"3965","1325","Ec_N",67,5,5,"Ec",2,1,0,0,0,0,0.3072222461044
"3966","1325","Ec_N",67,6,6,"Ec",2,1,0,0,0,0,0.3072222461044
"3967","1325","Ec_N",67,7,7,"Ec",2,1,0,0,0,0,0.3072222461044
"3968","1325","Ec_N",67,8,8,"Ec",2,1,0,0,0,0,0.3072222461044
"3969","1325","Ec_N",67,9,9,"Ec",2,1,0,0,0,0,0.3072222461044
"3970","1325","Ec_N",67,10,10,"Ec",2,1,0,0,0,0,0.3072222461044
"3971","1325","Ec_N",67,11,11,"Ec",2,1,0,0,0,0,0.3072222461044
"3972","1325","Ec_N",67,12,12,"Ec",2,1,0,0,0,0,0.3072222461044
"3973","1325","Ec_N",67,13,13,"Ec",18,1,0,0,0,1,0.37090819133975
"3974","1325","Ec_N",67,14,14,"Ec",18,1,0,0,0,1,0.37090819133975
"3975","1325","Ec_N",67,15,15,"Ec",18,1,0,0,0,1,0.37090819133975
"3976","1325","Ec_N",67,16,16,"Ec",18,1,0,0,0,1,0.37090819133975
"3977","1325","Ec_N",67,17,17,"Ec",18,1,0,0,0,1,0.37090819133975
"3978","1325","Ec_N",67,18,18,"Ec",18,1,0,0,0,1,0.37090819133975
"3979","1325","Ec_N",67,19,19,"Ec",18,1,0,0,0,1,0.37090819133975
"3980","1325","Ec_N",67,20,20,"Ec",18,1,0,0,0,1,0.37090819133975
"3981","1325","Ec_N",67,21,21,"Ec",20,1,1,0,0,1,0.791346487587567
"3982","1325","Ec_N",67,22,22,"Ec",20,1,1,0,0,1,0.791346487587567
"3983","1325","Ec_N",67,23,23,"Ec",20,1,1,0,0,1,0.791346487587567
"3984","1325","Ec_N",67,24,24,"Ec",20,1,1,0,0,1,0.791346487587567
"3985","1325","Ec_N",67,25,25,"Ec",20,1,1,0,0,1,0.791346487587567
"3986","1325","Ec_N",67,26,26,"Ec",20,1,1,0,0,1,0.791346487587567
"3987","1325","Ec_N",67,27,27,"Ec",20,1,1,0,0,1,0.791346487587567
"3988","1325","Ec_N",67,28,28,"Ec",20,1,1,0,0,1,0.791346487587567
"3989","1325","Ec_N",67,29,29,"Ec",20,1,1,0,0,1,0.791346487587567
"3990","1325","Ec_N",67,30,30,"Ec",20,1,1,0,0,1,0.791346487587567
"3991","1325","Ec_N",67,31,31,"Ec",24,1,1,1,0,1,0.872975948786018
"3992","1325","Ec_N",67,32,32,"Ec",24,1,1,1,0,1,0.872975948786018
"3993","1325","Ec_N",67,33,33,"Ec",8,1,1,1,0,0,0.887289570804412
"3994","1325","Ec_N",67,34,34,"Ec",8,1,1,1,0,0,0.887289570804412
"3995","1325","Ec_N",67,35,35,"Ec",8,1,1,1,0,0,0.887289570804412
"3996","1325","Ec_N",67,36,36,"Ec",8,1,1,1,0,0,0.887289570804412
"3997","1325","Ec_N",67,37,37,"Ec",8,1,1,1,0,0,0.887289570804412
"3998","1325","Ec_N",67,38,38,"Ec",8,1,1,1,0,0,0.887289570804412
"3999","1325","Ec_N",67,39,39,"Ec",8,1,1,1,0,0,0.887289570804412
"4000","1325","Ec_N",67,40,40,"Ec",8,1,1,1,0,0,0.887289570804412
"4001","1325","Ec_N",67,41,41,"Ec",8,1,1,1,0,0,0.887289570804412
"4002","1325","Ec_N",67,42,42,"Ec",16,1,1,1,1,0,0.93631405476465
"4003","1325","Ec_N",67,43,43,"Ec",16,1,1,1,1,0,0.93631405476465
"4004","1325","Ec_N",67,44,44,"Ec",16,1,1,1,1,0,0.93631405476465
"4005","1325","Ec_N",67,45,45,"Ec",16,1,1,1,1,0,0.93631405476465
"4006","1325","Ec_N",67,46,46,"Ec",16,1,1,1,1,0,0.93631405476465
"4007","1325","Ec_N",67,47,47,"Ec",16,1,1,1,1,0,0.93631405476465
"4008","1325","Ec_N",67,48,48,"Ec",16,1,1,1,1,0,0.93631405476465
"4009","1325","Ec_N",67,49,49,"Ec",16,1,1,1,1,0,0.93631405476465
"4010","1325","Ec_N",67,50,50,"Ec",16,1,1,1,1,0,0.93631405476465
"4011","1325","Ec_N",67,51,51,"Ec",16,1,1,1,1,0,0.93631405476465
"4012","1325","Ec_N",67,52,52,"Ec",16,1,1,1,1,0,0.93631405476465
"4013","1325","Ec_N",67,53,53,"Ec",16,1,1,1,1,0,0.93631405476465
"4014","1325","Ec_N",67,54,54,"Ec",16,1,1,1,1,0,0.93631405476465
"4015","1325","Ec_N",67,55,55,"Ec",16,1,1,1,1,0,0.93631405476465
"4016","1325","Ec_N",67,56,56,"Ec",16,1,1,1,1,0,0.93631405476465
"4017","1325","Ec_N",67,57,57,"Ec",16,1,1,1,1,0,0.93631405476465
"4018","1325","Ec_N",67,58,58,"Ec",16,1,1,1,1,0,0.93631405476465
"4019","1325","Ec_N",67,59,59,"Ec",16,1,1,1,1,0,0.93631405476465
"4020","1325","Ec_N",67,60,60,"Ec",16,1,1,1,1,0,0.93631405476465
"4021","1325","Ec_N",68,1,1,"Ec",1,0,0,0,0,0,0
"4022","1325","Ec_N",68,2,2,"Ec",3,0,1,0,0,0,0.420438296247818
"4023","1325","Ec_N",68,3,3,"Ec",3,0,1,0,0,0,0.420438296247818
"4024","1325","Ec_N",68,4,4,"Ec",3,0,1,0,0,0,0.420438296247818
"4025","1325","Ec_N",68,5,5,"Ec",7,0,1,1,0,0,0.580067324700012
"4026","1325","Ec_N",68,6,6,"Ec",7,0,1,1,0,0,0.580067324700012
"4027","1325","Ec_N",68,7,7,"Ec",7,0,1,1,0,0,0.580067324700012
"4028","1325","Ec_N",68,8,8,"Ec",7,0,1,1,0,0,0.580067324700012
"4029","1325","Ec_N",68,9,9,"Ec",7,0,1,1,0,0,0.580067324700012
"4030","1325","Ec_N",68,10,10,"Ec",15,0,1,1,1,0,0.62909180866025
"4031","1325","Ec_N",68,11,11,"Ec",15,0,1,1,1,0,0.62909180866025
"4032","1325","Ec_N",68,12,12,"Ec",15,0,1,1,1,0,0.62909180866025
"4033","1325","Ec_N",68,13,13,"Ec",15,0,1,1,1,0,0.62909180866025
"4034","1325","Ec_N",68,14,14,"Ec",15,0,1,1,1,0,0.62909180866025
"4035","1325","Ec_N",68,15,15,"Ec",15,0,1,1,1,0,0.62909180866025
"4036","1325","Ec_N",68,16,16,"Ec",16,1,1,1,1,0,0.93631405476465
"4037","1325","Ec_N",68,17,17,"Ec",16,1,1,1,1,0,0.93631405476465
"4038","1325","Ec_N",68,18,18,"Ec",16,1,1,1,1,0,0.93631405476465
"4039","1325","Ec_N",68,19,19,"Ec",16,1,1,1,1,0,0.93631405476465
"4040","1325","Ec_N",68,20,20,"Ec",16,1,1,1,1,0,0.93631405476465
"4041","1325","Ec_N",68,21,21,"Ec",16,1,1,1,1,0,0.93631405476465
"4042","1325","Ec_N",68,22,22,"Ec",16,1,1,1,1,0,0.93631405476465
"4043","1325","Ec_N",68,23,23,"Ec",16,1,1,1,1,0,0.93631405476465
"4044","1325","Ec_N",68,24,24,"Ec",16,1,1,1,1,0,0.93631405476465
"4045","1325","Ec_N",68,25,25,"Ec",16,1,1,1,1,0,0.93631405476465
"4046","1325","Ec_N",68,26,26,"Ec",16,1,1,1,1,0,0.93631405476465
"4047","1325","Ec_N",68,27,27,"Ec",16,1,1,1,1,0,0.93631405476465
"4048","1325","Ec_N",68,28,28,"Ec",16,1,1,1,1,0,0.93631405476465
"4049","1325","Ec_N",68,29,29,"Ec",32,1,1,1,1,1,1
"4050","1325","Ec_N",68,30,30,"Ec",32,1,1,1,1,1,1
"4051","1325","Ec_N",68,31,31,"Ec",32,1,1,1,1,1,1
"4052","1325","Ec_N",68,32,32,"Ec",32,1,1,1,1,1,1
"4053","1325","Ec_N",68,33,33,"Ec",32,1,1,1,1,1,1
"4054","1325","Ec_N",68,34,34,"Ec",32,1,1,1,1,1,1
"4055","1325","Ec_N",68,35,35,"Ec",32,1,1,1,1,1,1
"4056","1325","Ec_N",68,36,36,"Ec",32,1,1,1,1,1,1
"4057","1325","Ec_N",68,37,37,"Ec",32,1,1,1,1,1,1
"4058","1325","Ec_N",68,38,38,"Ec",32,1,1,1,1,1,1
"4059","1325","Ec_N",68,39,39,"Ec",32,1,1,1,1,1,1
"4060","1325","Ec_N",68,40,40,"Ec",32,1,1,1,1,1,1
"4061","1325","Ec_N",68,41,41,"Ec",32,1,1,1,1,1,1
"4062","1325","Ec_N",68,42,42,"Ec",32,1,1,1,1,1,1
"4063","1325","Ec_N",68,43,43,"Ec",32,1,1,1,1,1,1
"4064","1325","Ec_N",68,44,44,"Ec",32,1,1,1,1,1,1
"4065","1325","Ec_N",68,45,45,"Ec",32,1,1,1,1,1,1
"4066","1325","Ec_N",68,46,46,"Ec",32,1,1,1,1,1,1
"4067","1325","Ec_N",68,47,47,"Ec",32,1,1,1,1,1,1
"4068","1325","Ec_N",68,48,48,"Ec",32,1,1,1,1,1,1
"4069","1325","Ec_N",68,49,49,"Ec",32,1,1,1,1,1,1
"4070","1325","Ec_N",68,50,50,"Ec",32,1,1,1,1,1,1
"4071","1325","Ec_N",68,51,51,"Ec",32,1,1,1,1,1,1
"4072","1325","Ec_N",68,52,52,"Ec",32,1,1,1,1,1,1
"4073","1325","Ec_N",68,53,53,"Ec",32,1,1,1,1,1,1
"4074","1325","Ec_N",68,54,54,"Ec",32,1,1,1,1,1,1
"4075","1325","Ec_N",68,55,55,"Ec",32,1,1,1,1,1,1
"4076","1325","Ec_N",68,56,56,"Ec",32,1,1,1,1,1,1
"4077","1325","Ec_N",68,57,57,"Ec",32,1,1,1,1,1,1
"4078","1325","Ec_N",68,58,58,"Ec",32,1,1,1,1,1,1
"4079","1325","Ec_N",68,59,59,"Ec",32,1,1,1,1,1,1
"4080","1325","Ec_N",68,60,60,"Ec",32,1,1,1,1,1,1
"4081","1325","Ec_N",69,1,1,"Ec",1,0,0,0,0,0,0
"4082","1325","Ec_N",69,2,2,"Ec",1,0,0,0,0,0,0
"4083","1325","Ec_N",69,3,3,"Ec",1,0,0,0,0,0,0
"4084","1325","Ec_N",69,4,4,"Ec",1,0,0,0,0,0,0
"4085","1325","Ec_N",69,5,5,"Ec",1,0,0,0,0,0,0
"4086","1325","Ec_N",69,6,6,"Ec",1,0,0,0,0,0,0
"4087","1325","Ec_N",69,7,7,"Ec",1,0,0,0,0,0,0
"4088","1325","Ec_N",69,8,8,"Ec",1,0,0,0,0,0,0
"4089","1325","Ec_N",69,9,9,"Ec",1,0,0,0,0,0,0
"4090","1325","Ec_N",69,10,10,"Ec",1,0,0,0,0,0,0
"4091","1325","Ec_N",69,11,11,"Ec",1,0,0,0,0,0,0
"4092","1325","Ec_N",69,12,12,"Ec",1,0,0,0,0,0,0
"4093","1325","Ec_N",69,13,13,"Ec",9,0,0,0,1,0,0.0490244839602376
"4094","1325","Ec_N",69,14,14,"Ec",9,0,0,0,1,0,0.0490244839602376
"4095","1325","Ec_N",69,15,15,"Ec",9,0,0,0,1,0,0.0490244839602376
"4096","1325","Ec_N",69,16,16,"Ec",9,0,0,0,1,0,0.0490244839602376
"4097","1325","Ec_N",69,17,17,"Ec",9,0,0,0,1,0,0.0490244839602376
"4098","1325","Ec_N",69,18,18,"Ec",9,0,0,0,1,0,0.0490244839602376
"4099","1325","Ec_N",69,19,19,"Ec",25,0,0,0,1,1,0.112710429195588
"4100","1325","Ec_N",69,20,20,"Ec",25,0,0,0,1,1,0.112710429195588
"4101","1325","Ec_N",69,21,21,"Ec",25,0,0,0,1,1,0.112710429195588
"4102","1325","Ec_N",69,22,22,"Ec",29,0,0,1,1,1,0.272339457647783
"4103","1325","Ec_N",69,23,23,"Ec",29,0,0,1,1,1,0.272339457647783
"4104","1325","Ec_N",69,24,24,"Ec",29,0,0,1,1,1,0.272339457647783
"4105","1325","Ec_N",69,25,25,"Ec",29,0,0,1,1,1,0.272339457647783
"4106","1325","Ec_N",69,26,26,"Ec",29,0,0,1,1,1,0.272339457647783
"4107","1325","Ec_N",69,27,27,"Ec",29,0,0,1,1,1,0.272339457647783
"4108","1325","Ec_N",69,28,28,"Ec",29,0,0,1,1,1,0.272339457647783
"4109","1325","Ec_N",69,29,29,"Ec",29,0,0,1,1,1,0.272339457647783
"4110","1325","Ec_N",69,30,30,"Ec",29,0,0,1,1,1,0.272339457647783
"4111","1325","Ec_N",69,31,31,"Ec",29,0,0,1,1,1,0.272339457647783
"4112","1325","Ec_N",69,32,32,"Ec",29,0,0,1,1,1,0.272339457647783
"4113","1325","Ec_N",69,33,33,"Ec",29,0,0,1,1,1,0.272339457647783
"4114","1325","Ec_N",69,34,34,"Ec",29,0,0,1,1,1,0.272339457647783
"4115","1325","Ec_N",69,35,35,"Ec",29,0,0,1,1,1,0.272339457647783
"4116","1325","Ec_N",69,36,36,"Ec",29,0,0,1,1,1,0.272339457647783
"4117","1325","Ec_N",69,37,37,"Ec",29,0,0,1,1,1,0.272339457647783
"4118","1325","Ec_N",69,38,38,"Ec",29,0,0,1,1,1,0.272339457647783
"4119","1325","Ec_N",69,39,39,"Ec",29,0,0,1,1,1,0.272339457647783
"4120","1325","Ec_N",69,40,40,"Ec",29,0,0,1,1,1,0.272339457647783
"4121","1325","Ec_N",69,41,41,"Ec",29,0,0,1,1,1,0.272339457647783
"4122","1325","Ec_N",69,42,42,"Ec",29,0,0,1,1,1,0.272339457647783
"4123","1325","Ec_N",69,43,43,"Ec",29,0,0,1,1,1,0.272339457647783
"4124","1325","Ec_N",69,44,44,"Ec",29,0,0,1,1,1,0.272339457647783
"4125","1325","Ec_N",69,45,45,"Ec",29,0,0,1,1,1,0.272339457647783
"4126","1325","Ec_N",69,46,46,"Ec",29,0,0,1,1,1,0.272339457647783
"4127","1325","Ec_N",69,47,47,"Ec",29,0,0,1,1,1,0.272339457647783
"4128","1325","Ec_N",69,48,48,"Ec",31,0,1,1,1,1,0.6927777538956
"4129","1325","Ec_N",69,49,49,"Ec",31,0,1,1,1,1,0.6927777538956
"4130","1325","Ec_N",69,50,50,"Ec",31,0,1,1,1,1,0.6927777538956
"4131","1325","Ec_N",69,51,51,"Ec",31,0,1,1,1,1,0.6927777538956
"4132","1325","Ec_N",69,52,52,"Ec",31,0,1,1,1,1,0.6927777538956
"4133","1325","Ec_N",69,53,53,"Ec",31,0,1,1,1,1,0.6927777538956
"4134","1325","Ec_N",69,54,54,"Ec",31,0,1,1,1,1,0.6927777538956
"4135","1325","Ec_N",69,55,55,"Ec",31,0,1,1,1,1,0.6927777538956
"4136","1325","Ec_N",69,56,56,"Ec",31,0,1,1,1,1,0.6927777538956
"4137","1325","Ec_N",69,57,57,"Ec",31,0,1,1,1,1,0.6927777538956
"4138","1325","Ec_N",69,58,58,"Ec",31,0,1,1,1,1,0.6927777538956
"4139","1325","Ec_N",69,59,59,"Ec",31,0,1,1,1,1,0.6927777538956
"4140","1325","Ec_N",69,60,60,"Ec",31,0,1,1,1,1,0.6927777538956
"4141","1325","Ec_N",70,1,1,"Ec",1,0,0,0,0,0,0
"4142","1325","Ec_N",70,2,2,"Ec",1,0,0,0,0,0,0
"4143","1325","Ec_N",70,3,3,"Ec",1,0,0,0,0,0,0
"4144","1325","Ec_N",70,4,4,"Ec",9,0,0,0,1,0,0.0490244839602376
"4145","1325","Ec_N",70,5,5,"Ec",9,0,0,0,1,0,0.0490244839602376
"4146","1325","Ec_N",70,6,6,"Ec",9,0,0,0,1,0,0.0490244839602376
"4147","1325","Ec_N",70,7,7,"Ec",9,0,0,0,1,0,0.0490244839602376
"4148","1325","Ec_N",70,8,8,"Ec",9,0,0,0,1,0,0.0490244839602376
"4149","1325","Ec_N",70,9,9,"Ec",9,0,0,0,1,0,0.0490244839602376
"4150","1325","Ec_N",70,10,10,"Ec",13,0,0,1,1,0,0.208653512412432
"4151","1325","Ec_N",70,11,11,"Ec",13,0,0,1,1,0,0.208653512412432
"4152","1325","Ec_N",70,12,12,"Ec",13,0,0,1,1,0,0.208653512412432
"4153","1325","Ec_N",70,13,13,"Ec",13,0,0,1,1,0,0.208653512412432
"4154","1325","Ec_N",70,14,14,"Ec",13,0,0,1,1,0,0.208653512412432
"4155","1325","Ec_N",70,15,15,"Ec",13,0,0,1,1,0,0.208653512412432
"4156","1325","Ec_N",70,16,16,"Ec",29,0,0,1,1,1,0.272339457647783
"4157","1325","Ec_N",70,17,17,"Ec",29,0,0,1,1,1,0.272339457647783
"4158","1325","Ec_N",70,18,18,"Ec",29,0,0,1,1,1,0.272339457647783
"4159","1325","Ec_N",70,19,19,"Ec",30,1,0,1,1,1,0.579561703752182
"4160","1325","Ec_N",70,20,20,"Ec",30,1,0,1,1,1,0.579561703752182
"4161","1325","Ec_N",70,21,21,"Ec",30,1,0,1,1,1,0.579561703752182
"4162","1325","Ec_N",70,22,22,"Ec",30,1,0,1,1,1,0.579561703752182
"4163","1325","Ec_N",70,23,23,"Ec",30,1,0,1,1,1,0.579561703752182
"4164","1325","Ec_N",70,24,24,"Ec",30,1,0,1,1,1,0.579561703752182
"4165","1325","Ec_N",70,25,25,"Ec",30,1,0,1,1,1,0.579561703752182
"4166","1325","Ec_N",70,26,26,"Ec",30,1,0,1,1,1,0.579561703752182
"4167","1325","Ec_N",70,27,27,"Ec",30,1,0,1,1,1,0.579561703752182
"4168","1325","Ec_N",70,28,28,"Ec",30,1,0,1,1,1,0.579561703752182
"4169","1325","Ec_N",70,29,29,"Ec",30,1,0,1,1,1,0.579561703752182
"4170","1325","Ec_N",70,30,30,"Ec",30,1,0,1,1,1,0.579561703752182
"4171","1325","Ec_N",70,31,31,"Ec",30,1,0,1,1,1,0.579561703752182
"4172","1325","Ec_N",70,32,32,"Ec",30,1,0,1,1,1,0.579561703752182
"4173","1325","Ec_N",70,33,33,"Ec",30,1,0,1,1,1,0.579561703752182
"4174","1325","Ec_N",70,34,34,"Ec",30,1,0,1,1,1,0.579561703752182
"4175","1325","Ec_N",70,35,35,"Ec",30,1,0,1,1,1,0.579561703752182
"4176","1325","Ec_N",70,36,36,"Ec",30,1,0,1,1,1,0.579561703752182
"4177","1325","Ec_N",70,37,37,"Ec",30,1,0,1,1,1,0.579561703752182
"4178","1325","Ec_N",70,38,38,"Ec",30,1,0,1,1,1,0.579561703752182
"4179","1325","Ec_N",70,39,39,"Ec",32,1,1,1,1,1,1
"4180","1325","Ec_N",70,40,40,"Ec",32,1,1,1,1,1,1
"4181","1325","Ec_N",70,41,41,"Ec",32,1,1,1,1,1,1
"4182","1325","Ec_N",70,42,42,"Ec",32,1,1,1,1,1,1
"4183","1325","Ec_N",70,43,43,"Ec",32,1,1,1,1,1,1
"4184","1325","Ec_N",70,44,44,"Ec",32,1,1,1,1,1,1
"4185","1325","Ec_N",70,45,45,"Ec",32,1,1,1,1,1,1
"4186","1325","Ec_N",70,46,46,"Ec",32,1,1,1,1,1,1
"4187","1325","Ec_N",70,47,47,"Ec",32,1,1,1,1,1,1
"4188","1325","Ec_N",70,48,48,"Ec",32,1,1,1,1,1,1
"4189","1325","Ec_N",70,49,49,"Ec",32,1,1,1,1,1,1
"4190","1325","Ec_N",70,50,50,"Ec",32,1,1,1,1,1,1
"4191","1325","Ec_N",70,51,51,"Ec",32,1,1,1,1,1,1
"4192","1325","Ec_N",70,52,52,"Ec",32,1,1,1,1,1,1
"4193","1325","Ec_N",70,53,53,"Ec",32,1,1,1,1,1,1
"4194","1325","Ec_N",70,54,54,"Ec",32,1,1,1,1,1,1
"4195","1325","Ec_N",70,55,55,"Ec",32,1,1,1,1,1,1
"4196","1325","Ec_N",70,56,56,"Ec",32,1,1,1,1,1,1
"4197","1325","Ec_N",70,57,57,"Ec",32,1,1,1,1,1,1
"4198","1325","Ec_N",70,58,58,"Ec",32,1,1,1,1,1,1
"4199","1325","Ec_N",70,59,59,"Ec",32,1,1,1,1,1,1
"4200","1325","Ec_N",70,60,60,"Ec",32,1,1,1,1,1,1
"4201","1325","Ec_N",71,1,1,"Ec",1,0,0,0,0,0,0
"4202","1325","Ec_N",71,2,2,"Ec",17,0,0,0,0,1,0.0636859452353503
"4203","1325","Ec_N",71,3,3,"Ec",17,0,0,0,0,1,0.0636859452353503
"4204","1325","Ec_N",71,4,4,"Ec",17,0,0,0,0,1,0.0636859452353503
"4205","1325","Ec_N",71,5,5,"Ec",17,0,0,0,0,1,0.0636859452353503
"4206","1325","Ec_N",71,6,6,"Ec",17,0,0,0,0,1,0.0636859452353503
"4207","1325","Ec_N",71,7,7,"Ec",17,0,0,0,0,1,0.0636859452353503
"4208","1325","Ec_N",71,8,8,"Ec",21,0,0,1,0,1,0.223314973687545
"4209","1325","Ec_N",71,9,9,"Ec",21,0,0,1,0,1,0.223314973687545
"4210","1325","Ec_N",71,10,10,"Ec",21,0,0,1,0,1,0.223314973687545
"4211","1325","Ec_N",71,11,11,"Ec",29,0,0,1,1,1,0.272339457647783
"4212","1325","Ec_N",71,12,12,"Ec",29,0,0,1,1,1,0.272339457647783
"4213","1325","Ec_N",71,13,13,"Ec",29,0,0,1,1,1,0.272339457647783
"4214","1325","Ec_N",71,14,14,"Ec",29,0,0,1,1,1,0.272339457647783
"4215","1325","Ec_N",71,15,15,"Ec",29,0,0,1,1,1,0.272339457647783
"4216","1325","Ec_N",71,16,16,"Ec",29,0,0,1,1,1,0.272339457647783
"4217","1325","Ec_N",71,17,17,"Ec",29,0,0,1,1,1,0.272339457647783
"4218","1325","Ec_N",71,18,18,"Ec",29,0,0,1,1,1,0.272339457647783
"4219","1325","Ec_N",71,19,19,"Ec",29,0,0,1,1,1,0.272339457647783
"4220","1325","Ec_N",71,20,20,"Ec",29,0,0,1,1,1,0.272339457647783
"4221","1325","Ec_N",71,21,21,"Ec",29,0,0,1,1,1,0.272339457647783
"4222","1325","Ec_N",71,22,22,"Ec",29,0,0,1,1,1,0.272339457647783
"4223","1325","Ec_N",71,23,23,"Ec",29,0,0,1,1,1,0.272339457647783
"4224","1325","Ec_N",71,24,24,"Ec",29,0,0,1,1,1,0.272339457647783
"4225","1325","Ec_N",71,25,25,"Ec",29,0,0,1,1,1,0.272339457647783
"4226","1325","Ec_N",71,26,26,"Ec",29,0,0,1,1,1,0.272339457647783
"4227","1325","Ec_N",71,27,27,"Ec",31,0,1,1,1,1,0.6927777538956
"4228","1325","Ec_N",71,28,28,"Ec",31,0,1,1,1,1,0.6927777538956
"4229","1325","Ec_N",71,29,29,"Ec",31,0,1,1,1,1,0.6927777538956
"4230","1325","Ec_N",71,30,30,"Ec",31,0,1,1,1,1,0.6927777538956
"4231","1325","Ec_N",71,31,31,"Ec",31,0,1,1,1,1,0.6927777538956
"4232","1325","Ec_N",71,32,32,"Ec",31,0,1,1,1,1,0.6927777538956
"4233","1325","Ec_N",71,33,33,"Ec",31,0,1,1,1,1,0.6927777538956
"4234","1325","Ec_N",71,34,34,"Ec",31,0,1,1,1,1,0.6927777538956
"4235","1325","Ec_N",71,35,35,"Ec",31,0,1,1,1,1,0.6927777538956
"4236","1325","Ec_N",71,36,36,"Ec",31,0,1,1,1,1,0.6927777538956
"4237","1325","Ec_N",71,37,37,"Ec",31,0,1,1,1,1,0.6927777538956
"4238","1325","Ec_N",71,38,38,"Ec",31,0,1,1,1,1,0.6927777538956
"4239","1325","Ec_N",71,39,39,"Ec",31,0,1,1,1,1,0.6927777538956
"4240","1325","Ec_N",71,40,40,"Ec",31,0,1,1,1,1,0.6927777538956
"4241","1325","Ec_N",71,41,41,"Ec",31,0,1,1,1,1,0.6927777538956
"4242","1325","Ec_N",71,42,42,"Ec",31,0,1,1,1,1,0.6927777538956
"4243","1325","Ec_N",71,43,43,"Ec",31,0,1,1,1,1,0.6927777538956
"4244","1325","Ec_N",71,44,44,"Ec",31,0,1,1,1,1,0.6927777538956
"4245","1325","Ec_N",71,45,45,"Ec",31,0,1,1,1,1,0.6927777538956
"4246","1325","Ec_N",71,46,46,"Ec",31,0,1,1,1,1,0.6927777538956
"4247","1325","Ec_N",71,47,47,"Ec",31,0,1,1,1,1,0.6927777538956
"4248","1325","Ec_N",71,48,48,"Ec",32,1,1,1,1,1,1
"4249","1325","Ec_N",71,49,49,"Ec",32,1,1,1,1,1,1
"4250","1325","Ec_N",71,50,50,"Ec",32,1,1,1,1,1,1
"4251","1325","Ec_N",71,51,51,"Ec",32,1,1,1,1,1,1
"4252","1325","Ec_N",71,52,52,"Ec",32,1,1,1,1,1,1
"4253","1325","Ec_N",71,53,53,"Ec",32,1,1,1,1,1,1
"4254","1325","Ec_N",71,54,54,"Ec",32,1,1,1,1,1,1
"4255","1325","Ec_N",71,55,55,"Ec",32,1,1,1,1,1,1
"4256","1325","Ec_N",71,56,56,"Ec",32,1,1,1,1,1,1
"4257","1325","Ec_N",71,57,57,"Ec",32,1,1,1,1,1,1
"4258","1325","Ec_N",71,58,58,"Ec",32,1,1,1,1,1,1
"4259","1325","Ec_N",71,59,59,"Ec",32,1,1,1,1,1,1
"4260","1325","Ec_N",71,60,60,"Ec",32,1,1,1,1,1,1
"4261","1325","Ec_N",72,1,1,"Ec",1,0,0,0,0,0,0
"4262","1325","Ec_N",72,2,2,"Ec",1,0,0,0,0,0,0
"4263","1325","Ec_N",72,3,3,"Ec",1,0,0,0,0,0,0
"4264","1325","Ec_N",72,4,4,"Ec",1,0,0,0,0,0,0
"4265","1325","Ec_N",72,5,5,"Ec",1,0,0,0,0,0,0
"4266","1325","Ec_N",72,6,6,"Ec",1,0,0,0,0,0,0
"4267","1325","Ec_N",72,7,7,"Ec",5,0,0,1,0,0,0.159629028452195
"4268","1325","Ec_N",72,8,8,"Ec",5,0,0,1,0,0,0.159629028452195
"4269","1325","Ec_N",72,9,9,"Ec",5,0,0,1,0,0,0.159629028452195
"4270","1325","Ec_N",72,10,10,"Ec",5,0,0,1,0,0,0.159629028452195
"4271","1325","Ec_N",72,11,11,"Ec",5,0,0,1,0,0,0.159629028452195
"4272","1325","Ec_N",72,12,12,"Ec",5,0,0,1,0,0,0.159629028452195
"4273","1325","Ec_N",72,13,13,"Ec",5,0,0,1,0,0,0.159629028452195
"4274","1325","Ec_N",72,14,14,"Ec",5,0,0,1,0,0,0.159629028452195
"4275","1325","Ec_N",72,15,15,"Ec",5,0,0,1,0,0,0.159629028452195
"4276","1325","Ec_N",72,16,16,"Ec",5,0,0,1,0,0,0.159629028452195
"4277","1325","Ec_N",72,17,17,"Ec",5,0,0,1,0,0,0.159629028452195
"4278","1325","Ec_N",72,18,18,"Ec",5,0,0,1,0,0,0.159629028452195
"4279","1325","Ec_N",72,19,19,"Ec",5,0,0,1,0,0,0.159629028452195
"4280","1325","Ec_N",72,20,20,"Ec",5,0,0,1,0,0,0.159629028452195
"4281","1325","Ec_N",72,21,21,"Ec",5,0,0,1,0,0,0.159629028452195
"4282","1325","Ec_N",72,22,22,"Ec",5,0,0,1,0,0,0.159629028452195
"4283","1325","Ec_N",72,23,23,"Ec",5,0,0,1,0,0,0.159629028452195
"4284","1325","Ec_N",72,24,24,"Ec",5,0,0,1,0,0,0.159629028452195
"4285","1325","Ec_N",72,25,25,"Ec",5,0,0,1,0,0,0.159629028452195
"4286","1325","Ec_N",72,26,26,"Ec",5,0,0,1,0,0,0.159629028452195
"4287","1325","Ec_N",72,27,27,"Ec",5,0,0,1,0,0,0.159629028452195
"4288","1325","Ec_N",72,28,28,"Ec",5,0,0,1,0,0,0.159629028452195
"4289","1325","Ec_N",72,29,29,"Ec",13,0,0,1,1,0,0.208653512412432
"4290","1325","Ec_N",72,30,30,"Ec",13,0,0,1,1,0,0.208653512412432
"4291","1325","Ec_N",72,31,31,"Ec",13,0,0,1,1,0,0.208653512412432
"4292","1325","Ec_N",72,32,32,"Ec",13,0,0,1,1,0,0.208653512412432
"4293","1325","Ec_N",72,33,33,"Ec",15,0,1,1,1,0,0.62909180866025
"4294","1325","Ec_N",72,34,34,"Ec",15,0,1,1,1,0,0.62909180866025
"4295","1325","Ec_N",72,35,35,"Ec",15,0,1,1,1,0,0.62909180866025
"4296","1325","Ec_N",72,36,36,"Ec",15,0,1,1,1,0,0.62909180866025
"4297","1325","Ec_N",72,37,37,"Ec",15,0,1,1,1,0,0.62909180866025
"4298","1325","Ec_N",72,38,38,"Ec",31,0,1,1,1,1,0.6927777538956
"4299","1325","Ec_N",72,39,39,"Ec",31,0,1,1,1,1,0.6927777538956
"4300","1325","Ec_N",72,40,40,"Ec",31,0,1,1,1,1,0.6927777538956
"4301","1325","Ec_N",72,41,41,"Ec",31,0,1,1,1,1,0.6927777538956
"4302","1325","Ec_N",72,42,42,"Ec",31,0,1,1,1,1,0.6927777538956
"4303","1325","Ec_N",72,43,43,"Ec",31,0,1,1,1,1,0.6927777538956
"4304","1325","Ec_N",72,44,44,"Ec",31,0,1,1,1,1,0.6927777538956
"4305","1325","Ec_N",72,45,45,"Ec",31,0,1,1,1,1,0.6927777538956
"4306","1325","Ec_N",72,46,46,"Ec",31,0,1,1,1,1,0.6927777538956
"4307","1325","Ec_N",72,47,47,"Ec",31,0,1,1,1,1,0.6927777538956
"4308","1325","Ec_N",72,48,48,"Ec",31,0,1,1,1,1,0.6927777538956
"4309","1325","Ec_N",72,49,49,"Ec",32,1,1,1,1,1,1
"4310","1325","Ec_N",72,50,50,"Ec",32,1,1,1,1,1,1
"4311","1325","Ec_N",72,51,51,"Ec",32,1,1,1,1,1,1
"4312","1325","Ec_N",72,52,52,"Ec",32,1,1,1,1,1,1
"4313","1325","Ec_N",72,53,53,"Ec",32,1,1,1,1,1,1
"4314","1325","Ec_N",72,54,54,"Ec",32,1,1,1,1,1,1
"4315","1325","Ec_N",72,55,55,"Ec",32,1,1,1,1,1,1
"4316","1325","Ec_N",72,56,56,"Ec",32,1,1,1,1,1,1
"4317","1325","Ec_N",72,57,57,"Ec",32,1,1,1,1,1,1
"4318","1325","Ec_N",72,58,58,"Ec",32,1,1,1,1,1,1
"4319","1325","Ec_N",72,59,59,"Ec",32,1,1,1,1,1,1
"4320","1325","Ec_N",72,60,60,"Ec",32,1,1,1,1,1,1
"4321","1325","Ec_N",73,1,1,"Ec",1,0,0,0,0,0,0
"4322","1325","Ec_N",73,2,2,"Ec",1,0,0,0,0,0,0
"4323","1325","Ec_N",73,3,3,"Ec",5,0,0,1,0,0,0.159629028452195
"4324","1325","Ec_N",73,4,4,"Ec",5,0,0,1,0,0,0.159629028452195
"4325","1325","Ec_N",73,5,5,"Ec",5,0,0,1,0,0,0.159629028452195
"4326","1325","Ec_N",73,6,6,"Ec",5,0,0,1,0,0,0.159629028452195
"4327","1325","Ec_N",73,7,7,"Ec",5,0,0,1,0,0,0.159629028452195
"4328","1325","Ec_N",73,8,8,"Ec",5,0,0,1,0,0,0.159629028452195
"4329","1325","Ec_N",73,9,9,"Ec",5,0,0,1,0,0,0.159629028452195
"4330","1325","Ec_N",73,10,10,"Ec",5,0,0,1,0,0,0.159629028452195
"4331","1325","Ec_N",73,11,11,"Ec",5,0,0,1,0,0,0.159629028452195
"4332","1325","Ec_N",73,12,12,"Ec",5,0,0,1,0,0,0.159629028452195
"4333","1325","Ec_N",73,13,13,"Ec",5,0,0,1,0,0,0.159629028452195
"4334","1325","Ec_N",73,14,14,"Ec",5,0,0,1,0,0,0.159629028452195
"4335","1325","Ec_N",73,15,15,"Ec",5,0,0,1,0,0,0.159629028452195
"4336","1325","Ec_N",73,16,16,"Ec",5,0,0,1,0,0,0.159629028452195
"4337","1325","Ec_N",73,17,17,"Ec",5,0,0,1,0,0,0.159629028452195
"4338","1325","Ec_N",73,18,18,"Ec",5,0,0,1,0,0,0.159629028452195
"4339","1325","Ec_N",73,19,19,"Ec",5,0,0,1,0,0,0.159629028452195
"4340","1325","Ec_N",73,20,20,"Ec",5,0,0,1,0,0,0.159629028452195
"4341","1325","Ec_N",73,21,21,"Ec",5,0,0,1,0,0,0.159629028452195
"4342","1325","Ec_N",73,22,22,"Ec",5,0,0,1,0,0,0.159629028452195
"4343","1325","Ec_N",73,23,23,"Ec",5,0,0,1,0,0,0.159629028452195
"4344","1325","Ec_N",73,24,24,"Ec",5,0,0,1,0,0,0.159629028452195
"4345","1325","Ec_N",73,25,25,"Ec",5,0,0,1,0,0,0.159629028452195
"4346","1325","Ec_N",73,26,26,"Ec",5,0,0,1,0,0,0.159629028452195
"4347","1325","Ec_N",73,27,27,"Ec",5,0,0,1,0,0,0.159629028452195
"4348","1325","Ec_N",73,28,28,"Ec",13,0,0,1,1,0,0.208653512412432
"4349","1325","Ec_N",73,29,29,"Ec",13,0,0,1,1,0,0.208653512412432
"4350","1325","Ec_N",73,30,30,"Ec",13,0,0,1,1,0,0.208653512412432
"4351","1325","Ec_N",73,31,31,"Ec",14,1,0,1,1,0,0.479175264165032
"4352","1325","Ec_N",73,32,32,"Ec",14,1,0,1,1,0,0.479175264165032
"4353","1325","Ec_N",73,33,33,"Ec",14,1,0,1,1,0,0.479175264165032
"4354","1325","Ec_N",73,34,34,"Ec",14,1,0,1,1,0,0.479175264165032
"4355","1325","Ec_N",73,35,35,"Ec",30,1,0,1,1,1,0.579561703752182
"4356","1325","Ec_N",73,36,36,"Ec",30,1,0,1,1,1,0.579561703752182
"4357","1325","Ec_N",73,37,37,"Ec",30,1,0,1,1,1,0.579561703752182
"4358","1325","Ec_N",73,38,38,"Ec",30,1,0,1,1,1,0.579561703752182
"4359","1325","Ec_N",73,39,39,"Ec",30,1,0,1,1,1,0.579561703752182
"4360","1325","Ec_N",73,40,40,"Ec",30,1,0,1,1,1,0.579561703752182
"4361","1325","Ec_N",73,41,41,"Ec",32,1,1,1,1,1,1
"4362","1325","Ec_N",73,42,42,"Ec",32,1,1,1,1,1,1
"4363","1325","Ec_N",73,43,43,"Ec",32,1,1,1,1,1,1
"4364","1325","Ec_N",73,44,44,"Ec",32,1,1,1,1,1,1
"4365","1325","Ec_N",73,45,45,"Ec",32,1,1,1,1,1,1
"4366","1325","Ec_N",73,46,46,"Ec",32,1,1,1,1,1,1
"4367","1325","Ec_N",73,47,47,"Ec",32,1,1,1,1,1,1
"4368","1325","Ec_N",73,48,48,"Ec",32,1,1,1,1,1,1
"4369","1325","Ec_N",73,49,49,"Ec",32,1,1,1,1,1,1
"4370","1325","Ec_N",73,50,50,"Ec",32,1,1,1,1,1,1
"4371","1325","Ec_N",73,51,51,"Ec",32,1,1,1,1,1,1
"4372","1325","Ec_N",73,52,52,"Ec",32,1,1,1,1,1,1
"4373","1325","Ec_N",73,53,53,"Ec",32,1,1,1,1,1,1
"4374","1325","Ec_N",73,54,54,"Ec",32,1,1,1,1,1,1
"4375","1325","Ec_N",73,55,55,"Ec",32,1,1,1,1,1,1
"4376","1325","Ec_N",73,56,56,"Ec",32,1,1,1,1,1,1
"4377","1325","Ec_N",73,57,57,"Ec",32,1,1,1,1,1,1
"4378","1325","Ec_N",73,58,58,"Ec",32,1,1,1,1,1,1
"4379","1325","Ec_N",73,59,59,"Ec",32,1,1,1,1,1,1
"4380","1325","Ec_N",73,60,60,"Ec",32,1,1,1,1,1,1
"4381","1325","Ec_N",74,1,1,"Ec",1,0,0,0,0,0,0
"4382","1325","Ec_N",74,2,2,"Ec",1,0,0,0,0,0,0
"4383","1325","Ec_N",74,3,3,"Ec",1,0,0,0,0,0,0
"4384","1325","Ec_N",74,4,4,"Ec",1,0,0,0,0,0,0
"4385","1325","Ec_N",74,5,5,"Ec",1,0,0,0,0,0,0
"4386","1325","Ec_N",74,6,6,"Ec",1,0,0,0,0,0,0
"4387","1325","Ec_N",74,7,7,"Ec",1,0,0,0,0,0,0
"4388","1325","Ec_N",74,8,8,"Ec",1,0,0,0,0,0,0
"4389","1325","Ec_N",74,9,9,"Ec",2,1,0,0,0,0,0.3072222461044
"4390","1325","Ec_N",74,10,10,"Ec",2,1,0,0,0,0,0.3072222461044
"4391","1325","Ec_N",74,11,11,"Ec",2,1,0,0,0,0,0.3072222461044
"4392","1325","Ec_N",74,12,12,"Ec",2,1,0,0,0,0,0.3072222461044
"4393","1325","Ec_N",74,13,13,"Ec",2,1,0,0,0,0,0.3072222461044
"4394","1325","Ec_N",74,14,14,"Ec",2,1,0,0,0,0,0.3072222461044
"4395","1325","Ec_N",74,15,15,"Ec",2,1,0,0,0,0,0.3072222461044
"4396","1325","Ec_N",74,16,16,"Ec",18,1,0,0,0,1,0.37090819133975
"4397","1325","Ec_N",74,17,17,"Ec",18,1,0,0,0,1,0.37090819133975
"4398","1325","Ec_N",74,18,18,"Ec",18,1,0,0,0,1,0.37090819133975
"4399","1325","Ec_N",74,19,19,"Ec",18,1,0,0,0,1,0.37090819133975
"4400","1325","Ec_N",74,20,20,"Ec",18,1,0,0,0,1,0.37090819133975
"4401","1325","Ec_N",74,21,21,"Ec",18,1,0,0,0,1,0.37090819133975
"4402","1325","Ec_N",74,22,22,"Ec",18,1,0,0,0,1,0.37090819133975
"4403","1325","Ec_N",74,23,23,"Ec",18,1,0,0,0,1,0.37090819133975
"4404","1325","Ec_N",74,24,24,"Ec",18,1,0,0,0,1,0.37090819133975
"4405","1325","Ec_N",74,25,25,"Ec",18,1,0,0,0,1,0.37090819133975
"4406","1325","Ec_N",74,26,26,"Ec",22,1,0,1,0,1,0.530537219791945
"4407","1325","Ec_N",74,27,27,"Ec",22,1,0,1,0,1,0.530537219791945
"4408","1325","Ec_N",74,28,28,"Ec",22,1,0,1,0,1,0.530537219791945
"4409","1325","Ec_N",74,29,29,"Ec",30,1,0,1,1,1,0.579561703752182
"4410","1325","Ec_N",74,30,30,"Ec",32,1,1,1,1,1,1
"4411","1325","Ec_N",74,31,31,"Ec",32,1,1,1,1,1,1
"4412","1325","Ec_N",74,32,32,"Ec",32,1,1,1,1,1,1
"4413","1325","Ec_N",74,33,33,"Ec",32,1,1,1,1,1,1
"4414","1325","Ec_N",74,34,34,"Ec",32,1,1,1,1,1,1
"4415","1325","Ec_N",74,35,35,"Ec",32,1,1,1,1,1,1
"4416","1325","Ec_N",74,36,36,"Ec",32,1,1,1,1,1,1
"4417","1325","Ec_N",74,37,37,"Ec",32,1,1,1,1,1,1
"4418","1325","Ec_N",74,38,38,"Ec",32,1,1,1,1,1,1
"4419","1325","Ec_N",74,39,39,"Ec",32,1,1,1,1,1,1
"4420","1325","Ec_N",74,40,40,"Ec",32,1,1,1,1,1,1
"4421","1325","Ec_N",74,41,41,"Ec",32,1,1,1,1,1,1
"4422","1325","Ec_N",74,42,42,"Ec",32,1,1,1,1,1,1
"4423","1325","Ec_N",74,43,43,"Ec",32,1,1,1,1,1,1
"4424","1325","Ec_N",74,44,44,"Ec",32,1,1,1,1,1,1
"4425","1325","Ec_N",74,45,45,"Ec",32,1,1,1,1,1,1
"4426","1325","Ec_N",74,46,46,"Ec",32,1,1,1,1,1,1
"4427","1325","Ec_N",74,47,47,"Ec",32,1,1,1,1,1,1
"4428","1325","Ec_N",74,48,48,"Ec",32,1,1,1,1,1,1
"4429","1325","Ec_N",74,49,49,"Ec",32,1,1,1,1,1,1
"4430","1325","Ec_N",74,50,50,"Ec",32,1,1,1,1,1,1
"4431","1325","Ec_N",74,51,51,"Ec",32,1,1,1,1,1,1
"4432","1325","Ec_N",74,52,52,"Ec",32,1,1,1,1,1,1
"4433","1325","Ec_N",74,53,53,"Ec",32,1,1,1,1,1,1
"4434","1325","Ec_N",74,54,54,"Ec",32,1,1,1,1,1,1
"4435","1325","Ec_N",74,55,55,"Ec",32,1,1,1,1,1,1
"4436","1325","Ec_N",74,56,56,"Ec",32,1,1,1,1,1,1
"4437","1325","Ec_N",74,57,57,"Ec",32,1,1,1,1,1,1
"4438","1325","Ec_N",74,58,58,"Ec",32,1,1,1,1,1,1
"4439","1325","Ec_N",74,59,59,"Ec",32,1,1,1,1,1,1
"4440","1325","Ec_N",74,60,60,"Ec",32,1,1,1,1,1,1
"4441","1325","Ec_N",75,1,1,"Ec",1,0,0,0,0,0,0
"4442","1325","Ec_N",75,2,2,"Ec",1,0,0,0,0,0,0
"4443","1325","Ec_N",75,3,3,"Ec",1,0,0,0,0,0,0
"4444","1325","Ec_N",75,4,4,"Ec",1,0,0,0,0,0,0
"4445","1325","Ec_N",75,5,5,"Ec",1,0,0,0,0,0,0
"4446","1325","Ec_N",75,6,6,"Ec",1,0,0,0,0,0,0
"4447","1325","Ec_N",75,7,7,"Ec",5,0,0,1,0,0,0.159629028452195
"4448","1325","Ec_N",75,8,8,"Ec",5,0,0,1,0,0,0.159629028452195
"4449","1325","Ec_N",75,9,9,"Ec",5,0,0,1,0,0,0.159629028452195
"4450","1325","Ec_N",75,10,10,"Ec",5,0,0,1,0,0,0.159629028452195
"4451","1325","Ec_N",75,11,11,"Ec",5,0,0,1,0,0,0.159629028452195
"4452","1325","Ec_N",75,12,12,"Ec",13,0,0,1,1,0,0.208653512412432
"4453","1325","Ec_N",75,13,13,"Ec",14,1,0,1,1,0,0.479175264165032
"4454","1325","Ec_N",75,14,14,"Ec",14,1,0,1,1,0,0.479175264165032
"4455","1325","Ec_N",75,15,15,"Ec",30,1,0,1,1,1,0.579561703752182
"4456","1325","Ec_N",75,16,16,"Ec",30,1,0,1,1,1,0.579561703752182
"4457","1325","Ec_N",75,17,17,"Ec",30,1,0,1,1,1,0.579561703752182
"4458","1325","Ec_N",75,18,18,"Ec",30,1,0,1,1,1,0.579561703752182
"4459","1325","Ec_N",75,19,19,"Ec",30,1,0,1,1,1,0.579561703752182
"4460","1325","Ec_N",75,20,20,"Ec",30,1,0,1,1,1,0.579561703752182
"4461","1325","Ec_N",75,21,21,"Ec",30,1,0,1,1,1,0.579561703752182
"4462","1325","Ec_N",75,22,22,"Ec",30,1,0,1,1,1,0.579561703752182
"4463","1325","Ec_N",75,23,23,"Ec",30,1,0,1,1,1,0.579561703752182
"4464","1325","Ec_N",75,24,24,"Ec",30,1,0,1,1,1,0.579561703752182
"4465","1325","Ec_N",75,25,25,"Ec",30,1,0,1,1,1,0.579561703752182
"4466","1325","Ec_N",75,26,26,"Ec",30,1,0,1,1,1,0.579561703752182
"4467","1325","Ec_N",75,27,27,"Ec",30,1,0,1,1,1,0.579561703752182
"4468","1325","Ec_N",75,28,28,"Ec",30,1,0,1,1,1,0.579561703752182
"4469","1325","Ec_N",75,29,29,"Ec",30,1,0,1,1,1,0.579561703752182
"4470","1325","Ec_N",75,30,30,"Ec",30,1,0,1,1,1,0.579561703752182
"4471","1325","Ec_N",75,31,31,"Ec",30,1,0,1,1,1,0.579561703752182
"4472","1325","Ec_N",75,32,32,"Ec",30,1,0,1,1,1,0.579561703752182
"4473","1325","Ec_N",75,33,33,"Ec",30,1,0,1,1,1,0.579561703752182
"4474","1325","Ec_N",75,34,34,"Ec",30,1,0,1,1,1,0.579561703752182
"4475","1325","Ec_N",75,35,35,"Ec",30,1,0,1,1,1,0.579561703752182
"4476","1325","Ec_N",75,36,36,"Ec",30,1,0,1,1,1,0.579561703752182
"4477","1325","Ec_N",75,37,37,"Ec",30,1,0,1,1,1,0.579561703752182
"4478","1325","Ec_N",75,38,38,"Ec",30,1,0,1,1,1,0.579561703752182
"4479","1325","Ec_N",75,39,39,"Ec",30,1,0,1,1,1,0.579561703752182
"4480","1325","Ec_N",75,40,40,"Ec",30,1,0,1,1,1,0.579561703752182
"4481","1325","Ec_N",75,41,41,"Ec",30,1,0,1,1,1,0.579561703752182
"4482","1325","Ec_N",75,42,42,"Ec",30,1,0,1,1,1,0.579561703752182
"4483","1325","Ec_N",75,43,43,"Ec",30,1,0,1,1,1,0.579561703752182
"4484","1325","Ec_N",75,44,44,"Ec",30,1,0,1,1,1,0.579561703752182
"4485","1325","Ec_N",75,45,45,"Ec",30,1,0,1,1,1,0.579561703752182
"4486","1325","Ec_N",75,46,46,"Ec",30,1,0,1,1,1,0.579561703752182
"4487","1325","Ec_N",75,47,47,"Ec",30,1,0,1,1,1,0.579561703752182
"4488","1325","Ec_N",75,48,48,"Ec",30,1,0,1,1,1,0.579561703752182
"4489","1325","Ec_N",75,49,49,"Ec",30,1,0,1,1,1,0.579561703752182
"4490","1325","Ec_N",75,50,50,"Ec",30,1,0,1,1,1,0.579561703752182
"4491","1325","Ec_N",75,51,51,"Ec",30,1,0,1,1,1,0.579561703752182
"4492","1325","Ec_N",75,52,52,"Ec",30,1,0,1,1,1,0.579561703752182
"4493","1325","Ec_N",75,53,53,"Ec",30,1,0,1,1,1,0.579561703752182
"4494","1325","Ec_N",75,54,54,"Ec",30,1,0,1,1,1,0.579561703752182
"4495","1325","Ec_N",75,55,55,"Ec",30,1,0,1,1,1,0.579561703752182
"4496","1325","Ec_N",75,56,56,"Ec",30,1,0,1,1,1,0.579561703752182
"4497","1325","Ec_N",75,57,57,"Ec",30,1,0,1,1,1,0.579561703752182
"4498","1325","Ec_N",75,58,58,"Ec",30,1,0,1,1,1,0.579561703752182
"4499","1325","Ec_N",75,59,59,"Ec",30,1,0,1,1,1,0.579561703752182
"4500","1325","Ec_N",75,60,60,"Ec",30,1,0,1,1,1,0.579561703752182
"4501","1325","Ec_N",76,1,1,"Ec",1,0,0,0,0,0,0
"4502","1325","Ec_N",76,2,2,"Ec",1,0,0,0,0,0,0
"4503","1325","Ec_N",76,3,3,"Ec",1,0,0,0,0,0,0
"4504","1325","Ec_N",76,4,4,"Ec",1,0,0,0,0,0,0
"4505","1325","Ec_N",76,5,5,"Ec",1,0,0,0,0,0,0
"4506","1325","Ec_N",76,6,6,"Ec",1,0,0,0,0,0,0
"4507","1325","Ec_N",76,7,7,"Ec",1,0,0,0,0,0,0
"4508","1325","Ec_N",76,8,8,"Ec",9,0,0,0,1,0,0.0490244839602376
"4509","1325","Ec_N",76,9,9,"Ec",9,0,0,0,1,0,0.0490244839602376
"4510","1325","Ec_N",76,10,10,"Ec",9,0,0,0,1,0,0.0490244839602376
"4511","1325","Ec_N",76,11,11,"Ec",9,0,0,0,1,0,0.0490244839602376
"4512","1325","Ec_N",76,12,12,"Ec",9,0,0,0,1,0,0.0490244839602376
"4513","1325","Ec_N",76,13,13,"Ec",9,0,0,0,1,0,0.0490244839602376
"4514","1325","Ec_N",76,14,14,"Ec",9,0,0,0,1,0,0.0490244839602376
"4515","1325","Ec_N",76,15,15,"Ec",9,0,0,0,1,0,0.0490244839602376
"4516","1325","Ec_N",76,16,16,"Ec",9,0,0,0,1,0,0.0490244839602376
"4517","1325","Ec_N",76,17,17,"Ec",11,0,1,0,1,0,0.503461616060769
"4518","1325","Ec_N",76,18,18,"Ec",27,0,1,0,1,1,0.533148725443406
"4519","1325","Ec_N",76,19,19,"Ec",27,0,1,0,1,1,0.533148725443406
"4520","1325","Ec_N",76,20,20,"Ec",27,0,1,0,1,1,0.533148725443406
"4521","1325","Ec_N",76,21,21,"Ec",27,0,1,0,1,1,0.533148725443406
"4522","1325","Ec_N",76,22,22,"Ec",27,0,1,0,1,1,0.533148725443406
"4523","1325","Ec_N",76,23,23,"Ec",27,0,1,0,1,1,0.533148725443406
"4524","1325","Ec_N",76,24,24,"Ec",27,0,1,0,1,1,0.533148725443406
"4525","1325","Ec_N",76,25,25,"Ec",27,0,1,0,1,1,0.533148725443406
"4526","1325","Ec_N",76,26,26,"Ec",27,0,1,0,1,1,0.533148725443406
"4527","1325","Ec_N",76,27,27,"Ec",27,0,1,0,1,1,0.533148725443406
"4528","1325","Ec_N",76,28,28,"Ec",27,0,1,0,1,1,0.533148725443406
"4529","1325","Ec_N",76,29,29,"Ec",27,0,1,0,1,1,0.533148725443406
"4530","1325","Ec_N",76,30,30,"Ec",27,0,1,0,1,1,0.533148725443406
"4531","1325","Ec_N",76,31,31,"Ec",27,0,1,0,1,1,0.533148725443406
"4532","1325","Ec_N",76,32,32,"Ec",27,0,1,0,1,1,0.533148725443406
"4533","1325","Ec_N",76,33,33,"Ec",27,0,1,0,1,1,0.533148725443406
"4534","1325","Ec_N",76,34,34,"Ec",27,0,1,0,1,1,0.533148725443406
"4535","1325","Ec_N",76,35,35,"Ec",28,1,1,0,1,1,0.815884725734249
"4536","1325","Ec_N",76,36,36,"Ec",28,1,1,0,1,1,0.815884725734249
"4537","1325","Ec_N",76,37,37,"Ec",28,1,1,0,1,1,0.815884725734249
"4538","1325","Ec_N",76,38,38,"Ec",28,1,1,0,1,1,0.815884725734249
"4539","1325","Ec_N",76,39,39,"Ec",28,1,1,0,1,1,0.815884725734249
"4540","1325","Ec_N",76,40,40,"Ec",28,1,1,0,1,1,0.815884725734249
"4541","1325","Ec_N",76,41,41,"Ec",28,1,1,0,1,1,0.815884725734249
"4542","1325","Ec_N",76,42,42,"Ec",28,1,1,0,1,1,0.815884725734249
"4543","1325","Ec_N",76,43,43,"Ec",28,1,1,0,1,1,0.815884725734249
"4544","1325","Ec_N",76,44,44,"Ec",28,1,1,0,1,1,0.815884725734249
"4545","1325","Ec_N",76,45,45,"Ec",28,1,1,0,1,1,0.815884725734249
"4546","1325","Ec_N",76,46,46,"Ec",28,1,1,0,1,1,0.815884725734249
"4547","1325","Ec_N",76,47,47,"Ec",28,1,1,0,1,1,0.815884725734249
"4548","1325","Ec_N",76,48,48,"Ec",28,1,1,0,1,1,0.815884725734249
"4549","1325","Ec_N",76,49,49,"Ec",28,1,1,0,1,1,0.815884725734249
"4550","1325","Ec_N",76,50,50,"Ec",28,1,1,0,1,1,0.815884725734249
"4551","1325","Ec_N",76,51,51,"Ec",28,1,1,0,1,1,0.815884725734249
"4552","1325","Ec_N",76,52,52,"Ec",28,1,1,0,1,1,0.815884725734249
"4553","1325","Ec_N",76,53,53,"Ec",28,1,1,0,1,1,0.815884725734249
"4554","1325","Ec_N",76,54,54,"Ec",28,1,1,0,1,1,0.815884725734249
"4555","1325","Ec_N",76,55,55,"Ec",28,1,1,0,1,1,0.815884725734249
"4556","1325","Ec_N",76,56,56,"Ec",28,1,1,0,1,1,0.815884725734249
"4557","1325","Ec_N",76,57,57,"Ec",28,1,1,0,1,1,0.815884725734249
"4558","1325","Ec_N",76,58,58,"Ec",32,1,1,1,1,1,1
"4559","1325","Ec_N",76,59,59,"Ec",32,1,1,1,1,1,1
"4560","1325","Ec_N",76,60,60,"Ec",32,1,1,1,1,1,1
"4561","1325","Ec_N",77,1,1,"Ec",1,0,0,0,0,0,0
"4562","1325","Ec_N",77,2,2,"Ec",5,0,0,1,0,0,0.159629028452195
"4563","1325","Ec_N",77,3,3,"Ec",5,0,0,1,0,0,0.159629028452195
"4564","1325","Ec_N",77,4,4,"Ec",5,0,0,1,0,0,0.159629028452195
"4565","1325","Ec_N",77,5,5,"Ec",5,0,0,1,0,0,0.159629028452195
"4566","1325","Ec_N",77,6,6,"Ec",5,0,0,1,0,0,0.159629028452195
"4567","1325","Ec_N",77,7,7,"Ec",5,0,0,1,0,0,0.159629028452195
"4568","1325","Ec_N",77,8,8,"Ec",7,0,1,1,0,0,0.580067324700012
"4569","1325","Ec_N",77,9,9,"Ec",8,1,1,1,0,0,0.887289570804412
"4570","1325","Ec_N",77,10,10,"Ec",8,1,1,1,0,0,0.887289570804412
"4571","1325","Ec_N",77,11,11,"Ec",8,1,1,1,0,0,0.887289570804412
"4572","1325","Ec_N",77,12,12,"Ec",8,1,1,1,0,0,0.887289570804412
"4573","1325","Ec_N",77,13,13,"Ec",8,1,1,1,0,0,0.887289570804412
"4574","1325","Ec_N",77,14,14,"Ec",8,1,1,1,0,0,0.887289570804412
"4575","1325","Ec_N",77,15,15,"Ec",8,1,1,1,0,0,0.887289570804412
"4576","1325","Ec_N",77,16,16,"Ec",16,1,1,1,1,0,0.93631405476465
"4577","1325","Ec_N",77,17,17,"Ec",16,1,1,1,1,0,0.93631405476465
"4578","1325","Ec_N",77,18,18,"Ec",16,1,1,1,1,0,0.93631405476465
"4579","1325","Ec_N",77,19,19,"Ec",16,1,1,1,1,0,0.93631405476465
"4580","1325","Ec_N",77,20,20,"Ec",16,1,1,1,1,0,0.93631405476465
"4581","1325","Ec_N",77,21,21,"Ec",16,1,1,1,1,0,0.93631405476465
"4582","1325","Ec_N",77,22,22,"Ec",16,1,1,1,1,0,0.93631405476465
"4583","1325","Ec_N",77,23,23,"Ec",16,1,1,1,1,0,0.93631405476465
"4584","1325","Ec_N",77,24,24,"Ec",16,1,1,1,1,0,0.93631405476465
"4585","1325","Ec_N",77,25,25,"Ec",16,1,1,1,1,0,0.93631405476465
"4586","1325","Ec_N",77,26,26,"Ec",16,1,1,1,1,0,0.93631405476465
"4587","1325","Ec_N",77,27,27,"Ec",16,1,1,1,1,0,0.93631405476465
"4588","1325","Ec_N",77,28,28,"Ec",32,1,1,1,1,1,1
"4589","1325","Ec_N",77,29,29,"Ec",32,1,1,1,1,1,1
"4590","1325","Ec_N",77,30,30,"Ec",32,1,1,1,1,1,1
"4591","1325","Ec_N",77,31,31,"Ec",32,1,1,1,1,1,1
"4592","1325","Ec_N",77,32,32,"Ec",32,1,1,1,1,1,1
"4593","1325","Ec_N",77,33,33,"Ec",32,1,1,1,1,1,1
"4594","1325","Ec_N",77,34,34,"Ec",32,1,1,1,1,1,1
"4595","1325","Ec_N",77,35,35,"Ec",32,1,1,1,1,1,1
"4596","1325","Ec_N",77,36,36,"Ec",32,1,1,1,1,1,1
"4597","1325","Ec_N",77,37,37,"Ec",32,1,1,1,1,1,1
"4598","1325","Ec_N",77,38,38,"Ec",32,1,1,1,1,1,1
"4599","1325","Ec_N",77,39,39,"Ec",32,1,1,1,1,1,1
"4600","1325","Ec_N",77,40,40,"Ec",32,1,1,1,1,1,1
"4601","1325","Ec_N",77,41,41,"Ec",32,1,1,1,1,1,1
"4602","1325","Ec_N",77,42,42,"Ec",32,1,1,1,1,1,1
"4603","1325","Ec_N",77,43,43,"Ec",32,1,1,1,1,1,1
"4604","1325","Ec_N",77,44,44,"Ec",32,1,1,1,1,1,1
"4605","1325","Ec_N",77,45,45,"Ec",32,1,1,1,1,1,1
"4606","1325","Ec_N",77,46,46,"Ec",32,1,1,1,1,1,1
"4607","1325","Ec_N",77,47,47,"Ec",32,1,1,1,1,1,1
"4608","1325","Ec_N",77,48,48,"Ec",32,1,1,1,1,1,1
"4609","1325","Ec_N",77,49,49,"Ec",32,1,1,1,1,1,1
"4610","1325","Ec_N",77,50,50,"Ec",32,1,1,1,1,1,1
"4611","1325","Ec_N",77,51,51,"Ec",32,1,1,1,1,1,1
"4612","1325","Ec_N",77,52,52,"Ec",32,1,1,1,1,1,1
"4613","1325","Ec_N",77,53,53,"Ec",32,1,1,1,1,1,1
"4614","1325","Ec_N",77,54,54,"Ec",32,1,1,1,1,1,1
"4615","1325","Ec_N",77,55,55,"Ec",32,1,1,1,1,1,1
"4616","1325","Ec_N",77,56,56,"Ec",32,1,1,1,1,1,1
"4617","1325","Ec_N",77,57,57,"Ec",32,1,1,1,1,1,1
"4618","1325","Ec_N",77,58,58,"Ec",32,1,1,1,1,1,1
"4619","1325","Ec_N",77,59,59,"Ec",32,1,1,1,1,1,1
"4620","1325","Ec_N",77,60,60,"Ec",32,1,1,1,1,1,1
"4621","1325","Ec_N",78,1,1,"Ec",1,0,0,0,0,0,0
"4622","1325","Ec_N",78,2,2,"Ec",1,0,0,0,0,0,0
"4623","1325","Ec_N",78,3,3,"Ec",1,0,0,0,0,0,0
"4624","1325","Ec_N",78,4,4,"Ec",9,0,0,0,1,0,0.0490244839602376
"4625","1325","Ec_N",78,5,5,"Ec",9,0,0,0,1,0,0.0490244839602376
"4626","1325","Ec_N",78,6,6,"Ec",25,0,0,0,1,1,0.112710429195588
"4627","1325","Ec_N",78,7,7,"Ec",25,0,0,0,1,1,0.112710429195588
"4628","1325","Ec_N",78,8,8,"Ec",25,0,0,0,1,1,0.112710429195588
"4629","1325","Ec_N",78,9,9,"Ec",25,0,0,0,1,1,0.112710429195588
"4630","1325","Ec_N",78,10,10,"Ec",25,0,0,0,1,1,0.112710429195588
"4631","1325","Ec_N",78,11,11,"Ec",25,0,0,0,1,1,0.112710429195588
"4632","1325","Ec_N",78,12,12,"Ec",25,0,0,0,1,1,0.112710429195588
"4633","1325","Ec_N",78,13,13,"Ec",25,0,0,0,1,1,0.112710429195588
"4634","1325","Ec_N",78,14,14,"Ec",25,0,0,0,1,1,0.112710429195588
"4635","1325","Ec_N",78,15,15,"Ec",26,1,0,0,1,1,0.419932675299988
"4636","1325","Ec_N",78,16,16,"Ec",26,1,0,0,1,1,0.419932675299988
"4637","1325","Ec_N",78,17,17,"Ec",26,1,0,0,1,1,0.419932675299988
"4638","1325","Ec_N",78,18,18,"Ec",26,1,0,0,1,1,0.419932675299988
"4639","1325","Ec_N",78,19,19,"Ec",26,1,0,0,1,1,0.419932675299988
"4640","1325","Ec_N",78,20,20,"Ec",26,1,0,0,1,1,0.419932675299988
"4641","1325","Ec_N",78,21,21,"Ec",26,1,0,0,1,1,0.419932675299988
"4642","1325","Ec_N",78,22,22,"Ec",26,1,0,0,1,1,0.419932675299988
"4643","1325","Ec_N",78,23,23,"Ec",26,1,0,0,1,1,0.419932675299988
"4644","1325","Ec_N",78,24,24,"Ec",26,1,0,0,1,1,0.419932675299988
"4645","1325","Ec_N",78,25,25,"Ec",26,1,0,0,1,1,0.419932675299988
"4646","1325","Ec_N",78,26,26,"Ec",26,1,0,0,1,1,0.419932675299988
"4647","1325","Ec_N",78,27,27,"Ec",26,1,0,0,1,1,0.419932675299988
"4648","1325","Ec_N",78,28,28,"Ec",26,1,0,0,1,1,0.419932675299988
"4649","1325","Ec_N",78,29,29,"Ec",26,1,0,0,1,1,0.419932675299988
"4650","1325","Ec_N",78,30,30,"Ec",28,1,1,0,1,1,0.815884725734249
"4651","1325","Ec_N",78,31,31,"Ec",28,1,1,0,1,1,0.815884725734249
"4652","1325","Ec_N",78,32,32,"Ec",28,1,1,0,1,1,0.815884725734249
"4653","1325","Ec_N",78,33,33,"Ec",28,1,1,0,1,1,0.815884725734249
"4654","1325","Ec_N",78,34,34,"Ec",28,1,1,0,1,1,0.815884725734249
"4655","1325","Ec_N",78,35,35,"Ec",28,1,1,0,1,1,0.815884725734249
"4656","1325","Ec_N",78,36,36,"Ec",28,1,1,0,1,1,0.815884725734249
"4657","1325","Ec_N",78,37,37,"Ec",28,1,1,0,1,1,0.815884725734249
"4658","1325","Ec_N",78,38,38,"Ec",32,1,1,1,1,1,1
"4659","1325","Ec_N",78,39,39,"Ec",32,1,1,1,1,1,1
"4660","1325","Ec_N",78,40,40,"Ec",32,1,1,1,1,1,1
"4661","1325","Ec_N",78,41,41,"Ec",32,1,1,1,1,1,1
"4662","1325","Ec_N",78,42,42,"Ec",32,1,1,1,1,1,1
"4663","1325","Ec_N",78,43,43,"Ec",32,1,1,1,1,1,1
"4664","1325","Ec_N",78,44,44,"Ec",32,1,1,1,1,1,1
"4665","1325","Ec_N",78,45,45,"Ec",32,1,1,1,1,1,1
"4666","1325","Ec_N",78,46,46,"Ec",32,1,1,1,1,1,1
"4667","1325","Ec_N",78,47,47,"Ec",32,1,1,1,1,1,1
"4668","1325","Ec_N",78,48,48,"Ec",32,1,1,1,1,1,1
"4669","1325","Ec_N",78,49,49,"Ec",32,1,1,1,1,1,1
"4670","1325","Ec_N",78,50,50,"Ec",32,1,1,1,1,1,1
"4671","1325","Ec_N",78,51,51,"Ec",32,1,1,1,1,1,1
"4672","1325","Ec_N",78,52,52,"Ec",32,1,1,1,1,1,1
"4673","1325","Ec_N",78,53,53,"Ec",32,1,1,1,1,1,1
"4674","1325","Ec_N",78,54,54,"Ec",32,1,1,1,1,1,1
"4675","1325","Ec_N",78,55,55,"Ec",32,1,1,1,1,1,1
"4676","1325","Ec_N",78,56,56,"Ec",32,1,1,1,1,1,1
"4677","1325","Ec_N",78,57,57,"Ec",32,1,1,1,1,1,1
"4678","1325","Ec_N",78,58,58,"Ec",32,1,1,1,1,1,1
"4679","1325","Ec_N",78,59,59,"Ec",32,1,1,1,1,1,1
"4680","1325","Ec_N",78,60,60,"Ec",32,1,1,1,1,1,1
"4681","1325","Ec_N",79,1,1,"Ec",1,0,0,0,0,0,0
"4682","1325","Ec_N",79,2,2,"Ec",1,0,0,0,0,0,0
"4683","1325","Ec_N",79,3,3,"Ec",1,0,0,0,0,0,0
"4684","1325","Ec_N",79,4,4,"Ec",1,0,0,0,0,0,0
"4685","1325","Ec_N",79,5,5,"Ec",1,0,0,0,0,0,0
"4686","1325","Ec_N",79,6,6,"Ec",1,0,0,0,0,0,0
"4687","1325","Ec_N",79,7,7,"Ec",5,0,0,1,0,0,0.159629028452195
"4688","1325","Ec_N",79,8,8,"Ec",5,0,0,1,0,0,0.159629028452195
"4689","1325","Ec_N",79,9,9,"Ec",5,0,0,1,0,0,0.159629028452195
"4690","1325","Ec_N",79,10,10,"Ec",5,0,0,1,0,0,0.159629028452195
"4691","1325","Ec_N",79,11,11,"Ec",5,0,0,1,0,0,0.159629028452195
"4692","1325","Ec_N",79,12,12,"Ec",5,0,0,1,0,0,0.159629028452195
"4693","1325","Ec_N",79,13,13,"Ec",5,0,0,1,0,0,0.159629028452195
"4694","1325","Ec_N",79,14,14,"Ec",7,0,1,1,0,0,0.580067324700012
"4695","1325","Ec_N",79,15,15,"Ec",8,1,1,1,0,0,0.887289570804412
"4696","1325","Ec_N",79,16,16,"Ec",8,1,1,1,0,0,0.887289570804412
"4697","1325","Ec_N",79,17,17,"Ec",8,1,1,1,0,0,0.887289570804412
"4698","1325","Ec_N",79,18,18,"Ec",8,1,1,1,0,0,0.887289570804412
"4699","1325","Ec_N",79,19,19,"Ec",8,1,1,1,0,0,0.887289570804412
"4700","1325","Ec_N",79,20,20,"Ec",8,1,1,1,0,0,0.887289570804412
"4701","1325","Ec_N",79,21,21,"Ec",8,1,1,1,0,0,0.887289570804412
"4702","1325","Ec_N",79,22,22,"Ec",8,1,1,1,0,0,0.887289570804412
"4703","1325","Ec_N",79,23,23,"Ec",8,1,1,1,0,0,0.887289570804412
"4704","1325","Ec_N",79,24,24,"Ec",8,1,1,1,0,0,0.887289570804412
"4705","1325","Ec_N",79,25,25,"Ec",8,1,1,1,0,0,0.887289570804412
"4706","1325","Ec_N",79,26,26,"Ec",8,1,1,1,0,0,0.887289570804412
"4707","1325","Ec_N",79,27,27,"Ec",8,1,1,1,0,0,0.887289570804412
"4708","1325","Ec_N",79,28,28,"Ec",8,1,1,1,0,0,0.887289570804412
"4709","1325","Ec_N",79,29,29,"Ec",8,1,1,1,0,0,0.887289570804412
"4710","1325","Ec_N",79,30,30,"Ec",8,1,1,1,0,0,0.887289570804412
"4711","1325","Ec_N",79,31,31,"Ec",8,1,1,1,0,0,0.887289570804412
"4712","1325","Ec_N",79,32,32,"Ec",8,1,1,1,0,0,0.887289570804412
"4713","1325","Ec_N",79,33,33,"Ec",8,1,1,1,0,0,0.887289570804412
"4714","1325","Ec_N",79,34,34,"Ec",8,1,1,1,0,0,0.887289570804412
"4715","1325","Ec_N",79,35,35,"Ec",8,1,1,1,0,0,0.887289570804412
"4716","1325","Ec_N",79,36,36,"Ec",8,1,1,1,0,0,0.887289570804412
"4717","1325","Ec_N",79,37,37,"Ec",8,1,1,1,0,0,0.887289570804412
"4718","1325","Ec_N",79,38,38,"Ec",16,1,1,1,1,0,0.93631405476465
"4719","1325","Ec_N",79,39,39,"Ec",16,1,1,1,1,0,0.93631405476465
"4720","1325","Ec_N",79,40,40,"Ec",16,1,1,1,1,0,0.93631405476465
"4721","1325","Ec_N",79,41,41,"Ec",16,1,1,1,1,0,0.93631405476465
"4722","1325","Ec_N",79,42,42,"Ec",16,1,1,1,1,0,0.93631405476465
"4723","1325","Ec_N",79,43,43,"Ec",16,1,1,1,1,0,0.93631405476465
"4724","1325","Ec_N",79,44,44,"Ec",16,1,1,1,1,0,0.93631405476465
"4725","1325","Ec_N",79,45,45,"Ec",16,1,1,1,1,0,0.93631405476465
"4726","1325","Ec_N",79,46,46,"Ec",16,1,1,1,1,0,0.93631405476465
"4727","1325","Ec_N",79,47,47,"Ec",16,1,1,1,1,0,0.93631405476465
"4728","1325","Ec_N",79,48,48,"Ec",16,1,1,1,1,0,0.93631405476465
"4729","1325","Ec_N",79,49,49,"Ec",32,1,1,1,1,1,1
"4730","1325","Ec_N",79,50,50,"Ec",32,1,1,1,1,1,1
"4731","1325","Ec_N",79,51,51,"Ec",32,1,1,1,1,1,1
"4732","1325","Ec_N",79,52,52,"Ec",32,1,1,1,1,1,1
"4733","1325","Ec_N",79,53,53,"Ec",32,1,1,1,1,1,1
"4734","1325","Ec_N",79,54,54,"Ec",32,1,1,1,1,1,1
"4735","1325","Ec_N",79,55,55,"Ec",32,1,1,1,1,1,1
"4736","1325","Ec_N",79,56,56,"Ec",32,1,1,1,1,1,1
"4737","1325","Ec_N",79,57,57,"Ec",32,1,1,1,1,1,1
"4738","1325","Ec_N",79,58,58,"Ec",32,1,1,1,1,1,1
"4739","1325","Ec_N",79,59,59,"Ec",32,1,1,1,1,1,1
"4740","1325","Ec_N",79,60,60,"Ec",32,1,1,1,1,1,1
"4741","1325","Ec_N",80,1,1,"Ec",1,0,0,0,0,0,0
"4742","1325","Ec_N",80,2,2,"Ec",1,0,0,0,0,0,0
"4743","1325","Ec_N",80,3,3,"Ec",1,0,0,0,0,0,0
"4744","1325","Ec_N",80,4,4,"Ec",3,0,1,0,0,0,0.420438296247818
"4745","1325","Ec_N",80,5,5,"Ec",3,0,1,0,0,0,0.420438296247818
"4746","1325","Ec_N",80,6,6,"Ec",3,0,1,0,0,0,0.420438296247818
"4747","1325","Ec_N",80,7,7,"Ec",3,0,1,0,0,0,0.420438296247818
"4748","1325","Ec_N",80,8,8,"Ec",4,1,1,0,0,0,0.727660542352217
"4749","1325","Ec_N",80,9,9,"Ec",4,1,1,0,0,0,0.727660542352217
"4750","1325","Ec_N",80,10,10,"Ec",4,1,1,0,0,0,0.727660542352217
"4751","1325","Ec_N",80,11,11,"Ec",4,1,1,0,0,0,0.727660542352217
"4752","1325","Ec_N",80,12,12,"Ec",4,1,1,0,0,0,0.727660542352217
"4753","1325","Ec_N",80,13,13,"Ec",4,1,1,0,0,0,0.727660542352217
"4754","1325","Ec_N",80,14,14,"Ec",4,1,1,0,0,0,0.727660542352217
"4755","1325","Ec_N",80,15,15,"Ec",4,1,1,0,0,0,0.727660542352217
"4756","1325","Ec_N",80,16,16,"Ec",4,1,1,0,0,0,0.727660542352217
"4757","1325","Ec_N",80,17,17,"Ec",12,1,1,0,1,0,0.776685026312455
"4758","1325","Ec_N",80,18,18,"Ec",12,1,1,0,1,0,0.776685026312455
"4759","1325","Ec_N",80,19,19,"Ec",12,1,1,0,1,0,0.776685026312455
"4760","1325","Ec_N",80,20,20,"Ec",12,1,1,0,1,0,0.776685026312455
"4761","1325","Ec_N",80,21,21,"Ec",12,1,1,0,1,0,0.776685026312455
"4762","1325","Ec_N",80,22,22,"Ec",12,1,1,0,1,0,0.776685026312455
"4763","1325","Ec_N",80,23,23,"Ec",12,1,1,0,1,0,0.776685026312455
"4764","1325","Ec_N",80,24,24,"Ec",12,1,1,0,1,0,0.776685026312455
"4765","1325","Ec_N",80,25,25,"Ec",12,1,1,0,1,0,0.776685026312455
"4766","1325","Ec_N",80,26,26,"Ec",12,1,1,0,1,0,0.776685026312455
"4767","1325","Ec_N",80,27,27,"Ec",12,1,1,0,1,0,0.776685026312455
"4768","1325","Ec_N",80,28,28,"Ec",12,1,1,0,1,0,0.776685026312455
"4769","1325","Ec_N",80,29,29,"Ec",12,1,1,0,1,0,0.776685026312455
"4770","1325","Ec_N",80,30,30,"Ec",12,1,1,0,1,0,0.776685026312455
"4771","1325","Ec_N",80,31,31,"Ec",12,1,1,0,1,0,0.776685026312455
"4772","1325","Ec_N",80,32,32,"Ec",12,1,1,0,1,0,0.776685026312455
"4773","1325","Ec_N",80,33,33,"Ec",12,1,1,0,1,0,0.776685026312455
"4774","1325","Ec_N",80,34,34,"Ec",12,1,1,0,1,0,0.776685026312455
"4775","1325","Ec_N",80,35,35,"Ec",12,1,1,0,1,0,0.776685026312455
"4776","1325","Ec_N",80,36,36,"Ec",12,1,1,0,1,0,0.776685026312455
"4777","1325","Ec_N",80,37,37,"Ec",12,1,1,0,1,0,0.776685026312455
"4778","1325","Ec_N",80,38,38,"Ec",12,1,1,0,1,0,0.776685026312455
"4779","1325","Ec_N",80,39,39,"Ec",12,1,1,0,1,0,0.776685026312455
"4780","1325","Ec_N",80,40,40,"Ec",12,1,1,0,1,0,0.776685026312455
"4781","1325","Ec_N",80,41,41,"Ec",12,1,1,0,1,0,0.776685026312455
"4782","1325","Ec_N",80,42,42,"Ec",12,1,1,0,1,0,0.776685026312455
"4783","1325","Ec_N",80,43,43,"Ec",12,1,1,0,1,0,0.776685026312455
"4784","1325","Ec_N",80,44,44,"Ec",28,1,1,0,1,1,0.815884725734249
"4785","1325","Ec_N",80,45,45,"Ec",32,1,1,1,1,1,1
"4786","1325","Ec_N",80,46,46,"Ec",32,1,1,1,1,1,1
"4787","1325","Ec_N",80,47,47,"Ec",32,1,1,1,1,1,1
"4788","1325","Ec_N",80,48,48,"Ec",32,1,1,1,1,1,1
"4789","1325","Ec_N",80,49,49,"Ec",32,1,1,1,1,1,1
"4790","1325","Ec_N",80,50,50,"Ec",32,1,1,1,1,1,1
"4791","1325","Ec_N",80,51,51,"Ec",32,1,1,1,1,1,1
"4792","1325","Ec_N",80,52,52,"Ec",32,1,1,1,1,1,1
"4793","1325","Ec_N",80,53,53,"Ec",32,1,1,1,1,1,1
"4794","1325","Ec_N",80,54,54,"Ec",32,1,1,1,1,1,1
"4795","1325","Ec_N",80,55,55,"Ec",32,1,1,1,1,1,1
"4796","1325","Ec_N",80,56,56,"Ec",32,1,1,1,1,1,1
"4797","1325","Ec_N",80,57,57,"Ec",32,1,1,1,1,1,1
"4798","1325","Ec_N",80,58,58,"Ec",32,1,1,1,1,1,1
"4799","1325","Ec_N",80,59,59,"Ec",32,1,1,1,1,1,1
"4800","1325","Ec_N",80,60,60,"Ec",32,1,1,1,1,1,1
"4801","1325","Ec_N",81,1,1,"Ec",1,0,0,0,0,0,0
"4802","1325","Ec_N",81,2,2,"Ec",1,0,0,0,0,0,0
"4803","1325","Ec_N",81,3,3,"Ec",1,0,0,0,0,0,0
"4804","1325","Ec_N",81,4,4,"Ec",1,0,0,0,0,0,0
"4805","1325","Ec_N",81,5,5,"Ec",5,0,0,1,0,0,0.159629028452195
"4806","1325","Ec_N",81,6,6,"Ec",5,0,0,1,0,0,0.159629028452195
"4807","1325","Ec_N",81,7,7,"Ec",5,0,0,1,0,0,0.159629028452195
"4808","1325","Ec_N",81,8,8,"Ec",5,0,0,1,0,0,0.159629028452195
"4809","1325","Ec_N",81,9,9,"Ec",5,0,0,1,0,0,0.159629028452195
"4810","1325","Ec_N",81,10,10,"Ec",5,0,0,1,0,0,0.159629028452195
"4811","1325","Ec_N",81,11,11,"Ec",5,0,0,1,0,0,0.159629028452195
"4812","1325","Ec_N",81,12,12,"Ec",5,0,0,1,0,0,0.159629028452195
"4813","1325","Ec_N",81,13,13,"Ec",5,0,0,1,0,0,0.159629028452195
"4814","1325","Ec_N",81,14,14,"Ec",5,0,0,1,0,0,0.159629028452195
"4815","1325","Ec_N",81,15,15,"Ec",5,0,0,1,0,0,0.159629028452195
"4816","1325","Ec_N",81,16,16,"Ec",5,0,0,1,0,0,0.159629028452195
"4817","1325","Ec_N",81,17,17,"Ec",6,1,0,1,0,0,0.466851274556594
"4818","1325","Ec_N",81,18,18,"Ec",6,1,0,1,0,0,0.466851274556594
"4819","1325","Ec_N",81,19,19,"Ec",6,1,0,1,0,0,0.466851274556594
"4820","1325","Ec_N",81,20,20,"Ec",6,1,0,1,0,0,0.466851274556594
"4821","1325","Ec_N",81,21,21,"Ec",6,1,0,1,0,0,0.466851274556594
"4822","1325","Ec_N",81,22,22,"Ec",6,1,0,1,0,0,0.466851274556594
"4823","1325","Ec_N",81,23,23,"Ec",14,1,0,1,1,0,0.479175264165032
"4824","1325","Ec_N",81,24,24,"Ec",14,1,0,1,1,0,0.479175264165032
"4825","1325","Ec_N",81,25,25,"Ec",14,1,0,1,1,0,0.479175264165032
"4826","1325","Ec_N",81,26,26,"Ec",14,1,0,1,1,0,0.479175264165032
"4827","1325","Ec_N",81,27,27,"Ec",14,1,0,1,1,0,0.479175264165032
"4828","1325","Ec_N",81,28,28,"Ec",14,1,0,1,1,0,0.479175264165032
"4829","1325","Ec_N",81,29,29,"Ec",14,1,0,1,1,0,0.479175264165032
"4830","1325","Ec_N",81,30,30,"Ec",14,1,0,1,1,0,0.479175264165032
"4831","1325","Ec_N",81,31,31,"Ec",30,1,0,1,1,1,0.579561703752182
"4832","1325","Ec_N",81,32,32,"Ec",30,1,0,1,1,1,0.579561703752182
"4833","1325","Ec_N",81,33,33,"Ec",30,1,0,1,1,1,0.579561703752182
"4834","1325","Ec_N",81,34,34,"Ec",30,1,0,1,1,1,0.579561703752182
"4835","1325","Ec_N",81,35,35,"Ec",30,1,0,1,1,1,0.579561703752182
"4836","1325","Ec_N",81,36,36,"Ec",30,1,0,1,1,1,0.579561703752182
"4837","1325","Ec_N",81,37,37,"Ec",30,1,0,1,1,1,0.579561703752182
"4838","1325","Ec_N",81,38,38,"Ec",32,1,1,1,1,1,1
"4839","1325","Ec_N",81,39,39,"Ec",32,1,1,1,1,1,1
"4840","1325","Ec_N",81,40,40,"Ec",32,1,1,1,1,1,1
"4841","1325","Ec_N",81,41,41,"Ec",32,1,1,1,1,1,1
"4842","1325","Ec_N",81,42,42,"Ec",32,1,1,1,1,1,1
"4843","1325","Ec_N",81,43,43,"Ec",32,1,1,1,1,1,1
"4844","1325","Ec_N",81,44,44,"Ec",32,1,1,1,1,1,1
"4845","1325","Ec_N",81,45,45,"Ec",32,1,1,1,1,1,1
"4846","1325","Ec_N",81,46,46,"Ec",32,1,1,1,1,1,1
"4847","1325","Ec_N",81,47,47,"Ec",32,1,1,1,1,1,1
"4848","1325","Ec_N",81,48,48,"Ec",32,1,1,1,1,1,1
"4849","1325","Ec_N",81,49,49,"Ec",32,1,1,1,1,1,1
"4850","1325","Ec_N",81,50,50,"Ec",32,1,1,1,1,1,1
"4851","1325","Ec_N",81,51,51,"Ec",32,1,1,1,1,1,1
"4852","1325","Ec_N",81,52,52,"Ec",32,1,1,1,1,1,1
"4853","1325","Ec_N",81,53,53,"Ec",32,1,1,1,1,1,1
"4854","1325","Ec_N",81,54,54,"Ec",32,1,1,1,1,1,1
"4855","1325","Ec_N",81,55,55,"Ec",32,1,1,1,1,1,1
"4856","1325","Ec_N",81,56,56,"Ec",32,1,1,1,1,1,1
"4857","1325","Ec_N",81,57,57,"Ec",32,1,1,1,1,1,1
"4858","1325","Ec_N",81,58,58,"Ec",32,1,1,1,1,1,1
"4859","1325","Ec_N",81,59,59,"Ec",32,1,1,1,1,1,1
"4860","1325","Ec_N",81,60,60,"Ec",32,1,1,1,1,1,1
"4861","1325","Ec_N",82,1,1,"Ec",1,0,0,0,0,0,0
"4862","1325","Ec_N",82,2,2,"Ec",1,0,0,0,0,0,0
"4863","1325","Ec_N",82,3,3,"Ec",1,0,0,0,0,0,0
"4864","1325","Ec_N",82,4,4,"Ec",5,0,0,1,0,0,0.159629028452195
"4865","1325","Ec_N",82,5,5,"Ec",5,0,0,1,0,0,0.159629028452195
"4866","1325","Ec_N",82,6,6,"Ec",5,0,0,1,0,0,0.159629028452195
"4867","1325","Ec_N",82,7,7,"Ec",6,1,0,1,0,0,0.466851274556594
"4868","1325","Ec_N",82,8,8,"Ec",6,1,0,1,0,0,0.466851274556594
"4869","1325","Ec_N",82,9,9,"Ec",6,1,0,1,0,0,0.466851274556594
"4870","1325","Ec_N",82,10,10,"Ec",6,1,0,1,0,0,0.466851274556594
"4871","1325","Ec_N",82,11,11,"Ec",6,1,0,1,0,0,0.466851274556594
"4872","1325","Ec_N",82,12,12,"Ec",6,1,0,1,0,0,0.466851274556594
"4873","1325","Ec_N",82,13,13,"Ec",6,1,0,1,0,0,0.466851274556594
"4874","1325","Ec_N",82,14,14,"Ec",8,1,1,1,0,0,0.887289570804412
"4875","1325","Ec_N",82,15,15,"Ec",8,1,1,1,0,0,0.887289570804412
"4876","1325","Ec_N",82,16,16,"Ec",8,1,1,1,0,0,0.887289570804412
"4877","1325","Ec_N",82,17,17,"Ec",8,1,1,1,0,0,0.887289570804412
"4878","1325","Ec_N",82,18,18,"Ec",8,1,1,1,0,0,0.887289570804412
"4879","1325","Ec_N",82,19,19,"Ec",8,1,1,1,0,0,0.887289570804412
"4880","1325","Ec_N",82,20,20,"Ec",8,1,1,1,0,0,0.887289570804412
"4881","1325","Ec_N",82,21,21,"Ec",8,1,1,1,0,0,0.887289570804412
"4882","1325","Ec_N",82,22,22,"Ec",8,1,1,1,0,0,0.887289570804412
"4883","1325","Ec_N",82,23,23,"Ec",8,1,1,1,0,0,0.887289570804412
"4884","1325","Ec_N",82,24,24,"Ec",8,1,1,1,0,0,0.887289570804412
"4885","1325","Ec_N",82,25,25,"Ec",8,1,1,1,0,0,0.887289570804412
"4886","1325","Ec_N",82,26,26,"Ec",8,1,1,1,0,0,0.887289570804412
"4887","1325","Ec_N",82,27,27,"Ec",8,1,1,1,0,0,0.887289570804412
"4888","1325","Ec_N",82,28,28,"Ec",8,1,1,1,0,0,0.887289570804412
"4889","1325","Ec_N",82,29,29,"Ec",8,1,1,1,0,0,0.887289570804412
"4890","1325","Ec_N",82,30,30,"Ec",8,1,1,1,0,0,0.887289570804412
"4891","1325","Ec_N",82,31,31,"Ec",8,1,1,1,0,0,0.887289570804412
"4892","1325","Ec_N",82,32,32,"Ec",8,1,1,1,0,0,0.887289570804412
"4893","1325","Ec_N",82,33,33,"Ec",8,1,1,1,0,0,0.887289570804412
"4894","1325","Ec_N",82,34,34,"Ec",8,1,1,1,0,0,0.887289570804412
"4895","1325","Ec_N",82,35,35,"Ec",8,1,1,1,0,0,0.887289570804412
"4896","1325","Ec_N",82,36,36,"Ec",8,1,1,1,0,0,0.887289570804412
"4897","1325","Ec_N",82,37,37,"Ec",8,1,1,1,0,0,0.887289570804412
"4898","1325","Ec_N",82,38,38,"Ec",8,1,1,1,0,0,0.887289570804412
"4899","1325","Ec_N",82,39,39,"Ec",8,1,1,1,0,0,0.887289570804412
"4900","1325","Ec_N",82,40,40,"Ec",8,1,1,1,0,0,0.887289570804412
"4901","1325","Ec_N",82,41,41,"Ec",8,1,1,1,0,0,0.887289570804412
"4902","1325","Ec_N",82,42,42,"Ec",8,1,1,1,0,0,0.887289570804412
"4903","1325","Ec_N",82,43,43,"Ec",8,1,1,1,0,0,0.887289570804412
"4904","1325","Ec_N",82,44,44,"Ec",8,1,1,1,0,0,0.887289570804412
"4905","1325","Ec_N",82,45,45,"Ec",8,1,1,1,0,0,0.887289570804412
"4906","1325","Ec_N",82,46,46,"Ec",8,1,1,1,0,0,0.887289570804412
"4907","1325","Ec_N",82,47,47,"Ec",8,1,1,1,0,0,0.887289570804412
"4908","1325","Ec_N",82,48,48,"Ec",8,1,1,1,0,0,0.887289570804412
"4909","1325","Ec_N",82,49,49,"Ec",8,1,1,1,0,0,0.887289570804412
"4910","1325","Ec_N",82,50,50,"Ec",8,1,1,1,0,0,0.887289570804412
"4911","1325","Ec_N",82,51,51,"Ec",8,1,1,1,0,0,0.887289570804412
"4912","1325","Ec_N",82,52,52,"Ec",8,1,1,1,0,0,0.887289570804412
"4913","1325","Ec_N",82,53,53,"Ec",8,1,1,1,0,0,0.887289570804412
"4914","1325","Ec_N",82,54,54,"Ec",8,1,1,1,0,0,0.887289570804412
"4915","1325","Ec_N",82,55,55,"Ec",16,1,1,1,1,0,0.93631405476465
"4916","1325","Ec_N",82,56,56,"Ec",16,1,1,1,1,0,0.93631405476465
"4917","1325","Ec_N",82,57,57,"Ec",16,1,1,1,1,0,0.93631405476465
"4918","1325","Ec_N",82,58,58,"Ec",32,1,1,1,1,1,1
"4919","1325","Ec_N",82,59,59,"Ec",32,1,1,1,1,1,1
"4920","1325","Ec_N",82,60,60,"Ec",32,1,1,1,1,1,1
"4921","1325","Ec_N",83,1,1,"Ec",1,0,0,0,0,0,0
"4922","1325","Ec_N",83,2,2,"Ec",1,0,0,0,0,0,0
"4923","1325","Ec_N",83,3,3,"Ec",1,0,0,0,0,0,0
"4924","1325","Ec_N",83,4,4,"Ec",1,0,0,0,0,0,0
"4925","1325","Ec_N",83,5,5,"Ec",1,0,0,0,0,0,0
"4926","1325","Ec_N",83,6,6,"Ec",1,0,0,0,0,0,0
"4927","1325","Ec_N",83,7,7,"Ec",9,0,0,0,1,0,0.0490244839602376
"4928","1325","Ec_N",83,8,8,"Ec",9,0,0,0,1,0,0.0490244839602376
"4929","1325","Ec_N",83,9,9,"Ec",9,0,0,0,1,0,0.0490244839602376
"4930","1325","Ec_N",83,10,10,"Ec",9,0,0,0,1,0,0.0490244839602376
"4931","1325","Ec_N",83,11,11,"Ec",9,0,0,0,1,0,0.0490244839602376
"4932","1325","Ec_N",83,12,12,"Ec",9,0,0,0,1,0,0.0490244839602376
"4933","1325","Ec_N",83,13,13,"Ec",13,0,0,1,1,0,0.208653512412432
"4934","1325","Ec_N",83,14,14,"Ec",13,0,0,1,1,0,0.208653512412432
"4935","1325","Ec_N",83,15,15,"Ec",13,0,0,1,1,0,0.208653512412432
"4936","1325","Ec_N",83,16,16,"Ec",13,0,0,1,1,0,0.208653512412432
"4937","1325","Ec_N",83,17,17,"Ec",13,0,0,1,1,0,0.208653512412432
"4938","1325","Ec_N",83,18,18,"Ec",13,0,0,1,1,0,0.208653512412432
"4939","1325","Ec_N",83,19,19,"Ec",13,0,0,1,1,0,0.208653512412432
"4940","1325","Ec_N",83,20,20,"Ec",13,0,0,1,1,0,0.208653512412432
"4941","1325","Ec_N",83,21,21,"Ec",13,0,0,1,1,0,0.208653512412432
"4942","1325","Ec_N",83,22,22,"Ec",13,0,0,1,1,0,0.208653512412432
"4943","1325","Ec_N",83,23,23,"Ec",13,0,0,1,1,0,0.208653512412432
"4944","1325","Ec_N",83,24,24,"Ec",13,0,0,1,1,0,0.208653512412432
"4945","1325","Ec_N",83,25,25,"Ec",13,0,0,1,1,0,0.208653512412432
"4946","1325","Ec_N",83,26,26,"Ec",13,0,0,1,1,0,0.208653512412432
"4947","1325","Ec_N",83,27,27,"Ec",13,0,0,1,1,0,0.208653512412432
"4948","1325","Ec_N",83,28,28,"Ec",29,0,0,1,1,1,0.272339457647783
"4949","1325","Ec_N",83,29,29,"Ec",29,0,0,1,1,1,0.272339457647783
"4950","1325","Ec_N",83,30,30,"Ec",29,0,0,1,1,1,0.272339457647783
"4951","1325","Ec_N",83,31,31,"Ec",29,0,0,1,1,1,0.272339457647783
"4952","1325","Ec_N",83,32,32,"Ec",29,0,0,1,1,1,0.272339457647783
"4953","1325","Ec_N",83,33,33,"Ec",29,0,0,1,1,1,0.272339457647783
"4954","1325","Ec_N",83,34,34,"Ec",29,0,0,1,1,1,0.272339457647783
"4955","1325","Ec_N",83,35,35,"Ec",29,0,0,1,1,1,0.272339457647783
"4956","1325","Ec_N",83,36,36,"Ec",29,0,0,1,1,1,0.272339457647783
"4957","1325","Ec_N",83,37,37,"Ec",29,0,0,1,1,1,0.272339457647783
"4958","1325","Ec_N",83,38,38,"Ec",29,0,0,1,1,1,0.272339457647783
"4959","1325","Ec_N",83,39,39,"Ec",29,0,0,1,1,1,0.272339457647783
"4960","1325","Ec_N",83,40,40,"Ec",29,0,0,1,1,1,0.272339457647783
"4961","1325","Ec_N",83,41,41,"Ec",30,1,0,1,1,1,0.579561703752182
"4962","1325","Ec_N",83,42,42,"Ec",30,1,0,1,1,1,0.579561703752182
"4963","1325","Ec_N",83,43,43,"Ec",30,1,0,1,1,1,0.579561703752182
"4964","1325","Ec_N",83,44,44,"Ec",30,1,0,1,1,1,0.579561703752182
"4965","1325","Ec_N",83,45,45,"Ec",30,1,0,1,1,1,0.579561703752182
"4966","1325","Ec_N",83,46,46,"Ec",30,1,0,1,1,1,0.579561703752182
"4967","1325","Ec_N",83,47,47,"Ec",30,1,0,1,1,1,0.579561703752182
"4968","1325","Ec_N",83,48,48,"Ec",30,1,0,1,1,1,0.579561703752182
"4969","1325","Ec_N",83,49,49,"Ec",30,1,0,1,1,1,0.579561703752182
"4970","1325","Ec_N",83,50,50,"Ec",30,1,0,1,1,1,0.579561703752182
"4971","1325","Ec_N",83,51,51,"Ec",32,1,1,1,1,1,1
"4972","1325","Ec_N",83,52,52,"Ec",32,1,1,1,1,1,1
"4973","1325","Ec_N",83,53,53,"Ec",32,1,1,1,1,1,1
"4974","1325","Ec_N",83,54,54,"Ec",32,1,1,1,1,1,1
"4975","1325","Ec_N",83,55,55,"Ec",32,1,1,1,1,1,1
"4976","1325","Ec_N",83,56,56,"Ec",32,1,1,1,1,1,1
"4977","1325","Ec_N",83,57,57,"Ec",32,1,1,1,1,1,1
"4978","1325","Ec_N",83,58,58,"Ec",32,1,1,1,1,1,1
"4979","1325","Ec_N",83,59,59,"Ec",32,1,1,1,1,1,1
"4980","1325","Ec_N",83,60,60,"Ec",32,1,1,1,1,1,1
"4981","1325","Ec_N",84,1,1,"Ec",1,0,0,0,0,0,0
"4982","1325","Ec_N",84,2,2,"Ec",1,0,0,0,0,0,0
"4983","1325","Ec_N",84,3,3,"Ec",1,0,0,0,0,0,0
"4984","1325","Ec_N",84,4,4,"Ec",1,0,0,0,0,0,0
"4985","1325","Ec_N",84,5,5,"Ec",1,0,0,0,0,0,0
"4986","1325","Ec_N",84,6,6,"Ec",1,0,0,0,0,0,0
"4987","1325","Ec_N",84,7,7,"Ec",1,0,0,0,0,0,0
"4988","1325","Ec_N",84,8,8,"Ec",17,0,0,0,0,1,0.0636859452353503
"4989","1325","Ec_N",84,9,9,"Ec",17,0,0,0,0,1,0.0636859452353503
"4990","1325","Ec_N",84,10,10,"Ec",17,0,0,0,0,1,0.0636859452353503
"4991","1325","Ec_N",84,11,11,"Ec",17,0,0,0,0,1,0.0636859452353503
"4992","1325","Ec_N",84,12,12,"Ec",17,0,0,0,0,1,0.0636859452353503
"4993","1325","Ec_N",84,13,13,"Ec",21,0,0,1,0,1,0.223314973687545
"4994","1325","Ec_N",84,14,14,"Ec",21,0,0,1,0,1,0.223314973687545
"4995","1325","Ec_N",84,15,15,"Ec",21,0,0,1,0,1,0.223314973687545
"4996","1325","Ec_N",84,16,16,"Ec",21,0,0,1,0,1,0.223314973687545
"4997","1325","Ec_N",84,17,17,"Ec",21,0,0,1,0,1,0.223314973687545
"4998","1325","Ec_N",84,18,18,"Ec",21,0,0,1,0,1,0.223314973687545
"4999","1325","Ec_N",84,19,19,"Ec",22,1,0,1,0,1,0.530537219791945
"5000","1325","Ec_N",84,20,20,"Ec",22,1,0,1,0,1,0.530537219791945
"5001","1325","Ec_N",84,21,21,"Ec",24,1,1,1,0,1,0.872975948786018
"5002","1325","Ec_N",84,22,22,"Ec",24,1,1,1,0,1,0.872975948786018
"5003","1325","Ec_N",84,23,23,"Ec",24,1,1,1,0,1,0.872975948786018
"5004","1325","Ec_N",84,24,24,"Ec",24,1,1,1,0,1,0.872975948786018
"5005","1325","Ec_N",84,25,25,"Ec",24,1,1,1,0,1,0.872975948786018
"5006","1325","Ec_N",84,26,26,"Ec",24,1,1,1,0,1,0.872975948786018
"5007","1325","Ec_N",84,27,27,"Ec",24,1,1,1,0,1,0.872975948786018
"5008","1325","Ec_N",84,28,28,"Ec",24,1,1,1,0,1,0.872975948786018
"5009","1325","Ec_N",84,29,29,"Ec",24,1,1,1,0,1,0.872975948786018
"5010","1325","Ec_N",84,30,30,"Ec",24,1,1,1,0,1,0.872975948786018
"5011","1325","Ec_N",84,31,31,"Ec",24,1,1,1,0,1,0.872975948786018
"5012","1325","Ec_N",84,32,32,"Ec",24,1,1,1,0,1,0.872975948786018
"5013","1325","Ec_N",84,33,33,"Ec",24,1,1,1,0,1,0.872975948786018
"5014","1325","Ec_N",84,34,34,"Ec",8,1,1,1,0,0,0.887289570804412
"5015","1325","Ec_N",84,35,35,"Ec",8,1,1,1,0,0,0.887289570804412
"5016","1325","Ec_N",84,36,36,"Ec",8,1,1,1,0,0,0.887289570804412
"5017","1325","Ec_N",84,37,37,"Ec",8,1,1,1,0,0,0.887289570804412
"5018","1325","Ec_N",84,38,38,"Ec",8,1,1,1,0,0,0.887289570804412
"5019","1325","Ec_N",84,39,39,"Ec",8,1,1,1,0,0,0.887289570804412
"5020","1325","Ec_N",84,40,40,"Ec",8,1,1,1,0,0,0.887289570804412
"5021","1325","Ec_N",84,41,41,"Ec",8,1,1,1,0,0,0.887289570804412
"5022","1325","Ec_N",84,42,42,"Ec",8,1,1,1,0,0,0.887289570804412
"5023","1325","Ec_N",84,43,43,"Ec",8,1,1,1,0,0,0.887289570804412
"5024","1325","Ec_N",84,44,44,"Ec",8,1,1,1,0,0,0.887289570804412
"5025","1325","Ec_N",84,45,45,"Ec",8,1,1,1,0,0,0.887289570804412
"5026","1325","Ec_N",84,46,46,"Ec",8,1,1,1,0,0,0.887289570804412
"5027","1325","Ec_N",84,47,47,"Ec",8,1,1,1,0,0,0.887289570804412
"5028","1325","Ec_N",84,48,48,"Ec",8,1,1,1,0,0,0.887289570804412
"5029","1325","Ec_N",84,49,49,"Ec",8,1,1,1,0,0,0.887289570804412
"5030","1325","Ec_N",84,50,50,"Ec",8,1,1,1,0,0,0.887289570804412
"5031","1325","Ec_N",84,51,51,"Ec",8,1,1,1,0,0,0.887289570804412
"5032","1325","Ec_N",84,52,52,"Ec",8,1,1,1,0,0,0.887289570804412
"5033","1325","Ec_N",84,53,53,"Ec",8,1,1,1,0,0,0.887289570804412
"5034","1325","Ec_N",84,54,54,"Ec",8,1,1,1,0,0,0.887289570804412
"5035","1325","Ec_N",84,55,55,"Ec",8,1,1,1,0,0,0.887289570804412
"5036","1325","Ec_N",84,56,56,"Ec",8,1,1,1,0,0,0.887289570804412
"5037","1325","Ec_N",84,57,57,"Ec",8,1,1,1,0,0,0.887289570804412
"5038","1325","Ec_N",84,58,58,"Ec",8,1,1,1,0,0,0.887289570804412
"5039","1325","Ec_N",84,59,59,"Ec",8,1,1,1,0,0,0.887289570804412
"5040","1325","Ec_N",84,60,60,"Ec",8,1,1,1,0,0,0.887289570804412
"5041","1325","Ec_N",85,1,1,"Ec",1,0,0,0,0,0,0
"5042","1325","Ec_N",85,2,2,"Ec",1,0,0,0,0,0,0
"5043","1325","Ec_N",85,3,3,"Ec",1,0,0,0,0,0,0
"5044","1325","Ec_N",85,4,4,"Ec",1,0,0,0,0,0,0
"5045","1325","Ec_N",85,5,5,"Ec",1,0,0,0,0,0,0
"5046","1325","Ec_N",85,6,6,"Ec",1,0,0,0,0,0,0
"5047","1325","Ec_N",85,7,7,"Ec",1,0,0,0,0,0,0
"5048","1325","Ec_N",85,8,8,"Ec",1,0,0,0,0,0,0
"5049","1325","Ec_N",85,9,9,"Ec",1,0,0,0,0,0,0
"5050","1325","Ec_N",85,10,10,"Ec",1,0,0,0,0,0,0
"5051","1325","Ec_N",85,11,11,"Ec",1,0,0,0,0,0,0
"5052","1325","Ec_N",85,12,12,"Ec",1,0,0,0,0,0,0
"5053","1325","Ec_N",85,13,13,"Ec",1,0,0,0,0,0,0
"5054","1325","Ec_N",85,14,14,"Ec",1,0,0,0,0,0,0
"5055","1325","Ec_N",85,15,15,"Ec",1,0,0,0,0,0,0
"5056","1325","Ec_N",85,16,16,"Ec",1,0,0,0,0,0,0
"5057","1325","Ec_N",85,17,17,"Ec",1,0,0,0,0,0,0
"5058","1325","Ec_N",85,18,18,"Ec",1,0,0,0,0,0,0
"5059","1325","Ec_N",85,19,19,"Ec",1,0,0,0,0,0,0
"5060","1325","Ec_N",85,20,20,"Ec",2,1,0,0,0,0,0.3072222461044
"5061","1325","Ec_N",85,21,21,"Ec",2,1,0,0,0,0,0.3072222461044
"5062","1325","Ec_N",85,22,22,"Ec",2,1,0,0,0,0,0.3072222461044
"5063","1325","Ec_N",85,23,23,"Ec",2,1,0,0,0,0,0.3072222461044
"5064","1325","Ec_N",85,24,24,"Ec",2,1,0,0,0,0,0.3072222461044
"5065","1325","Ec_N",85,25,25,"Ec",2,1,0,0,0,0,0.3072222461044
"5066","1325","Ec_N",85,26,26,"Ec",2,1,0,0,0,0,0.3072222461044
"5067","1325","Ec_N",85,27,27,"Ec",2,1,0,0,0,0,0.3072222461044
"5068","1325","Ec_N",85,28,28,"Ec",2,1,0,0,0,0,0.3072222461044
"5069","1325","Ec_N",85,29,29,"Ec",2,1,0,0,0,0,0.3072222461044
"5070","1325","Ec_N",85,30,30,"Ec",2,1,0,0,0,0,0.3072222461044
"5071","1325","Ec_N",85,31,31,"Ec",2,1,0,0,0,0,0.3072222461044
"5072","1325","Ec_N",85,32,32,"Ec",2,1,0,0,0,0,0.3072222461044
"5073","1325","Ec_N",85,33,33,"Ec",2,1,0,0,0,0,0.3072222461044
"5074","1325","Ec_N",85,34,34,"Ec",2,1,0,0,0,0,0.3072222461044
"5075","1325","Ec_N",85,35,35,"Ec",2,1,0,0,0,0,0.3072222461044
"5076","1325","Ec_N",85,36,36,"Ec",2,1,0,0,0,0,0.3072222461044
"5077","1325","Ec_N",85,37,37,"Ec",2,1,0,0,0,0,0.3072222461044
"5078","1325","Ec_N",85,38,38,"Ec",2,1,0,0,0,0,0.3072222461044
"5079","1325","Ec_N",85,39,39,"Ec",2,1,0,0,0,0,0.3072222461044
"5080","1325","Ec_N",85,40,40,"Ec",2,1,0,0,0,0,0.3072222461044
"5081","1325","Ec_N",85,41,41,"Ec",2,1,0,0,0,0,0.3072222461044
"5082","1325","Ec_N",85,42,42,"Ec",2,1,0,0,0,0,0.3072222461044
"5083","1325","Ec_N",85,43,43,"Ec",18,1,0,0,0,1,0.37090819133975
"5084","1325","Ec_N",85,44,44,"Ec",18,1,0,0,0,1,0.37090819133975
"5085","1325","Ec_N",85,45,45,"Ec",18,1,0,0,0,1,0.37090819133975
"5086","1325","Ec_N",85,46,46,"Ec",18,1,0,0,0,1,0.37090819133975
"5087","1325","Ec_N",85,47,47,"Ec",18,1,0,0,0,1,0.37090819133975
"5088","1325","Ec_N",85,48,48,"Ec",18,1,0,0,0,1,0.37090819133975
"5089","1325","Ec_N",85,49,49,"Ec",18,1,0,0,0,1,0.37090819133975
"5090","1325","Ec_N",85,50,50,"Ec",18,1,0,0,0,1,0.37090819133975
"5091","1325","Ec_N",85,51,51,"Ec",18,1,0,0,0,1,0.37090819133975
"5092","1325","Ec_N",85,52,52,"Ec",18,1,0,0,0,1,0.37090819133975
"5093","1325","Ec_N",85,53,53,"Ec",18,1,0,0,0,1,0.37090819133975
"5094","1325","Ec_N",85,54,54,"Ec",18,1,0,0,0,1,0.37090819133975
"5095","1325","Ec_N",85,55,55,"Ec",18,1,0,0,0,1,0.37090819133975
"5096","1325","Ec_N",85,56,56,"Ec",18,1,0,0,0,1,0.37090819133975
"5097","1325","Ec_N",85,57,57,"Ec",20,1,1,0,0,1,0.791346487587567
"5098","1325","Ec_N",85,58,58,"Ec",20,1,1,0,0,1,0.791346487587567
"5099","1325","Ec_N",85,59,59,"Ec",28,1,1,0,1,1,0.815884725734249
"5100","1325","Ec_N",85,60,60,"Ec",28,1,1,0,1,1,0.815884725734249
"5101","1325","Ec_N",86,1,1,"Ec",1,0,0,0,0,0,0
"5102","1325","Ec_N",86,2,2,"Ec",1,0,0,0,0,0,0
"5103","1325","Ec_N",86,3,3,"Ec",5,0,0,1,0,0,0.159629028452195
"5104","1325","Ec_N",86,4,4,"Ec",5,0,0,1,0,0,0.159629028452195
"5105","1325","Ec_N",86,5,5,"Ec",5,0,0,1,0,0,0.159629028452195
"5106","1325","Ec_N",86,6,6,"Ec",5,0,0,1,0,0,0.159629028452195
"5107","1325","Ec_N",86,7,7,"Ec",5,0,0,1,0,0,0.159629028452195
"5108","1325","Ec_N",86,8,8,"Ec",5,0,0,1,0,0,0.159629028452195
"5109","1325","Ec_N",86,9,9,"Ec",5,0,0,1,0,0,0.159629028452195
"5110","1325","Ec_N",86,10,10,"Ec",5,0,0,1,0,0,0.159629028452195
"5111","1325","Ec_N",86,11,11,"Ec",5,0,0,1,0,0,0.159629028452195
"5112","1325","Ec_N",86,12,12,"Ec",5,0,0,1,0,0,0.159629028452195
"5113","1325","Ec_N",86,13,13,"Ec",5,0,0,1,0,0,0.159629028452195
"5114","1325","Ec_N",86,14,14,"Ec",5,0,0,1,0,0,0.159629028452195
"5115","1325","Ec_N",86,15,15,"Ec",13,0,0,1,1,0,0.208653512412432
"5116","1325","Ec_N",86,16,16,"Ec",13,0,0,1,1,0,0.208653512412432
"5117","1325","Ec_N",86,17,17,"Ec",13,0,0,1,1,0,0.208653512412432
"5118","1325","Ec_N",86,18,18,"Ec",13,0,0,1,1,0,0.208653512412432
"5119","1325","Ec_N",86,19,19,"Ec",13,0,0,1,1,0,0.208653512412432
"5120","1325","Ec_N",86,20,20,"Ec",13,0,0,1,1,0,0.208653512412432
"5121","1325","Ec_N",86,21,21,"Ec",13,0,0,1,1,0,0.208653512412432
"5122","1325","Ec_N",86,22,22,"Ec",13,0,0,1,1,0,0.208653512412432
"5123","1325","Ec_N",86,23,23,"Ec",13,0,0,1,1,0,0.208653512412432
"5124","1325","Ec_N",86,24,24,"Ec",13,0,0,1,1,0,0.208653512412432
"5125","1325","Ec_N",86,25,25,"Ec",13,0,0,1,1,0,0.208653512412432
"5126","1325","Ec_N",86,26,26,"Ec",13,0,0,1,1,0,0.208653512412432
"5127","1325","Ec_N",86,27,27,"Ec",13,0,0,1,1,0,0.208653512412432
"5128","1325","Ec_N",86,28,28,"Ec",13,0,0,1,1,0,0.208653512412432
"5129","1325","Ec_N",86,29,29,"Ec",14,1,0,1,1,0,0.479175264165032
"5130","1325","Ec_N",86,30,30,"Ec",14,1,0,1,1,0,0.479175264165032
"5131","1325","Ec_N",86,31,31,"Ec",14,1,0,1,1,0,0.479175264165032
"5132","1325","Ec_N",86,32,32,"Ec",30,1,0,1,1,1,0.579561703752182
"5133","1325","Ec_N",86,33,33,"Ec",30,1,0,1,1,1,0.579561703752182
"5134","1325","Ec_N",86,34,34,"Ec",30,1,0,1,1,1,0.579561703752182
"5135","1325","Ec_N",86,35,35,"Ec",30,1,0,1,1,1,0.579561703752182
"5136","1325","Ec_N",86,36,36,"Ec",30,1,0,1,1,1,0.579561703752182
"5137","1325","Ec_N",86,37,37,"Ec",30,1,0,1,1,1,0.579561703752182
"5138","1325","Ec_N",86,38,38,"Ec",30,1,0,1,1,1,0.579561703752182
"5139","1325","Ec_N",86,39,39,"Ec",30,1,0,1,1,1,0.579561703752182
"5140","1325","Ec_N",86,40,40,"Ec",30,1,0,1,1,1,0.579561703752182
"5141","1325","Ec_N",86,41,41,"Ec",30,1,0,1,1,1,0.579561703752182
"5142","1325","Ec_N",86,42,42,"Ec",30,1,0,1,1,1,0.579561703752182
"5143","1325","Ec_N",86,43,43,"Ec",30,1,0,1,1,1,0.579561703752182
"5144","1325","Ec_N",86,44,44,"Ec",30,1,0,1,1,1,0.579561703752182
"5145","1325","Ec_N",86,45,45,"Ec",30,1,0,1,1,1,0.579561703752182
"5146","1325","Ec_N",86,46,46,"Ec",30,1,0,1,1,1,0.579561703752182
"5147","1325","Ec_N",86,47,47,"Ec",30,1,0,1,1,1,0.579561703752182
"5148","1325","Ec_N",86,48,48,"Ec",30,1,0,1,1,1,0.579561703752182
"5149","1325","Ec_N",86,49,49,"Ec",30,1,0,1,1,1,0.579561703752182
"5150","1325","Ec_N",86,50,50,"Ec",30,1,0,1,1,1,0.579561703752182
"5151","1325","Ec_N",86,51,51,"Ec",30,1,0,1,1,1,0.579561703752182
"5152","1325","Ec_N",86,52,52,"Ec",30,1,0,1,1,1,0.579561703752182
"5153","1325","Ec_N",86,53,53,"Ec",30,1,0,1,1,1,0.579561703752182
"5154","1325","Ec_N",86,54,54,"Ec",30,1,0,1,1,1,0.579561703752182
"5155","1325","Ec_N",86,55,55,"Ec",30,1,0,1,1,1,0.579561703752182
"5156","1325","Ec_N",86,56,56,"Ec",30,1,0,1,1,1,0.579561703752182
"5157","1325","Ec_N",86,57,57,"Ec",30,1,0,1,1,1,0.579561703752182
"5158","1325","Ec_N",86,58,58,"Ec",30,1,0,1,1,1,0.579561703752182
"5159","1325","Ec_N",86,59,59,"Ec",30,1,0,1,1,1,0.579561703752182
"5160","1325","Ec_N",86,60,60,"Ec",30,1,0,1,1,1,0.579561703752182
"5161","1325","Ec_N",87,1,1,"Ec",1,0,0,0,0,0,0
"5162","1325","Ec_N",87,2,2,"Ec",3,0,1,0,0,0,0.420438296247818
"5163","1325","Ec_N",87,3,3,"Ec",3,0,1,0,0,0,0.420438296247818
"5164","1325","Ec_N",87,4,4,"Ec",3,0,1,0,0,0,0.420438296247818
"5165","1325","Ec_N",87,5,5,"Ec",19,0,1,0,0,1,0.484124241483168
"5166","1325","Ec_N",87,6,6,"Ec",20,1,1,0,0,1,0.791346487587567
"5167","1325","Ec_N",87,7,7,"Ec",20,1,1,0,0,1,0.791346487587567
"5168","1325","Ec_N",87,8,8,"Ec",20,1,1,0,0,1,0.791346487587567
"5169","1325","Ec_N",87,9,9,"Ec",20,1,1,0,0,1,0.791346487587567
"5170","1325","Ec_N",87,10,10,"Ec",20,1,1,0,0,1,0.791346487587567
"5171","1325","Ec_N",87,11,11,"Ec",20,1,1,0,0,1,0.791346487587567
"5172","1325","Ec_N",87,12,12,"Ec",20,1,1,0,0,1,0.791346487587567
"5173","1325","Ec_N",87,13,13,"Ec",20,1,1,0,0,1,0.791346487587567
"5174","1325","Ec_N",87,14,14,"Ec",20,1,1,0,0,1,0.791346487587567
"5175","1325","Ec_N",87,15,15,"Ec",20,1,1,0,0,1,0.791346487587567
"5176","1325","Ec_N",87,16,16,"Ec",20,1,1,0,0,1,0.791346487587567
"5177","1325","Ec_N",87,17,17,"Ec",20,1,1,0,0,1,0.791346487587567
"5178","1325","Ec_N",87,18,18,"Ec",20,1,1,0,0,1,0.791346487587567
"5179","1325","Ec_N",87,19,19,"Ec",28,1,1,0,1,1,0.815884725734249
"5180","1325","Ec_N",87,20,20,"Ec",28,1,1,0,1,1,0.815884725734249
"5181","1325","Ec_N",87,21,21,"Ec",28,1,1,0,1,1,0.815884725734249
"5182","1325","Ec_N",87,22,22,"Ec",28,1,1,0,1,1,0.815884725734249
"5183","1325","Ec_N",87,23,23,"Ec",28,1,1,0,1,1,0.815884725734249
"5184","1325","Ec_N",87,24,24,"Ec",28,1,1,0,1,1,0.815884725734249
"5185","1325","Ec_N",87,25,25,"Ec",28,1,1,0,1,1,0.815884725734249
"5186","1325","Ec_N",87,26,26,"Ec",28,1,1,0,1,1,0.815884725734249
"5187","1325","Ec_N",87,27,27,"Ec",28,1,1,0,1,1,0.815884725734249
"5188","1325","Ec_N",87,28,28,"Ec",28,1,1,0,1,1,0.815884725734249
"5189","1325","Ec_N",87,29,29,"Ec",28,1,1,0,1,1,0.815884725734249
"5190","1325","Ec_N",87,30,30,"Ec",28,1,1,0,1,1,0.815884725734249
"5191","1325","Ec_N",87,31,31,"Ec",28,1,1,0,1,1,0.815884725734249
"5192","1325","Ec_N",87,32,32,"Ec",28,1,1,0,1,1,0.815884725734249
"5193","1325","Ec_N",87,33,33,"Ec",28,1,1,0,1,1,0.815884725734249
"5194","1325","Ec_N",87,34,34,"Ec",28,1,1,0,1,1,0.815884725734249
"5195","1325","Ec_N",87,35,35,"Ec",28,1,1,0,1,1,0.815884725734249
"5196","1325","Ec_N",87,36,36,"Ec",28,1,1,0,1,1,0.815884725734249
"5197","1325","Ec_N",87,37,37,"Ec",28,1,1,0,1,1,0.815884725734249
"5198","1325","Ec_N",87,38,38,"Ec",28,1,1,0,1,1,0.815884725734249
"5199","1325","Ec_N",87,39,39,"Ec",28,1,1,0,1,1,0.815884725734249
"5200","1325","Ec_N",87,40,40,"Ec",28,1,1,0,1,1,0.815884725734249
"5201","1325","Ec_N",87,41,41,"Ec",28,1,1,0,1,1,0.815884725734249
"5202","1325","Ec_N",87,42,42,"Ec",28,1,1,0,1,1,0.815884725734249
"5203","1325","Ec_N",87,43,43,"Ec",28,1,1,0,1,1,0.815884725734249
"5204","1325","Ec_N",87,44,44,"Ec",28,1,1,0,1,1,0.815884725734249
"5205","1325","Ec_N",87,45,45,"Ec",28,1,1,0,1,1,0.815884725734249
"5206","1325","Ec_N",87,46,46,"Ec",28,1,1,0,1,1,0.815884725734249
"5207","1325","Ec_N",87,47,47,"Ec",28,1,1,0,1,1,0.815884725734249
"5208","1325","Ec_N",87,48,48,"Ec",28,1,1,0,1,1,0.815884725734249
"5209","1325","Ec_N",87,49,49,"Ec",28,1,1,0,1,1,0.815884725734249
"5210","1325","Ec_N",87,50,50,"Ec",28,1,1,0,1,1,0.815884725734249
"5211","1325","Ec_N",87,51,51,"Ec",28,1,1,0,1,1,0.815884725734249
"5212","1325","Ec_N",87,52,52,"Ec",32,1,1,1,1,1,1
"5213","1325","Ec_N",87,53,53,"Ec",32,1,1,1,1,1,1
"5214","1325","Ec_N",87,54,54,"Ec",32,1,1,1,1,1,1
"5215","1325","Ec_N",87,55,55,"Ec",32,1,1,1,1,1,1
"5216","1325","Ec_N",87,56,56,"Ec",32,1,1,1,1,1,1
"5217","1325","Ec_N",87,57,57,"Ec",32,1,1,1,1,1,1
"5218","1325","Ec_N",87,58,58,"Ec",32,1,1,1,1,1,1
"5219","1325","Ec_N",87,59,59,"Ec",32,1,1,1,1,1,1
"5220","1325","Ec_N",87,60,60,"Ec",32,1,1,1,1,1,1
"5221","1325","Ec_N",88,1,1,"Ec",1,0,0,0,0,0,0
"5222","1325","Ec_N",88,2,2,"Ec",1,0,0,0,0,0,0
"5223","1325","Ec_N",88,3,3,"Ec",9,0,0,0,1,0,0.0490244839602376
"5224","1325","Ec_N",88,4,4,"Ec",9,0,0,0,1,0,0.0490244839602376
"5225","1325","Ec_N",88,5,5,"Ec",10,1,0,0,1,0,0.356246730064637
"5226","1325","Ec_N",88,6,6,"Ec",10,1,0,0,1,0,0.356246730064637
"5227","1325","Ec_N",88,7,7,"Ec",10,1,0,0,1,0,0.356246730064637
"5228","1325","Ec_N",88,8,8,"Ec",10,1,0,0,1,0,0.356246730064637
"5229","1325","Ec_N",88,9,9,"Ec",10,1,0,0,1,0,0.356246730064637
"5230","1325","Ec_N",88,10,10,"Ec",10,1,0,0,1,0,0.356246730064637
"5231","1325","Ec_N",88,11,11,"Ec",10,1,0,0,1,0,0.356246730064637
"5232","1325","Ec_N",88,12,12,"Ec",12,1,1,0,1,0,0.776685026312455
"5233","1325","Ec_N",88,13,13,"Ec",12,1,1,0,1,0,0.776685026312455
"5234","1325","Ec_N",88,14,14,"Ec",12,1,1,0,1,0,0.776685026312455
"5235","1325","Ec_N",88,15,15,"Ec",12,1,1,0,1,0,0.776685026312455
"5236","1325","Ec_N",88,16,16,"Ec",12,1,1,0,1,0,0.776685026312455
"5237","1325","Ec_N",88,17,17,"Ec",12,1,1,0,1,0,0.776685026312455
"5238","1325","Ec_N",88,18,18,"Ec",12,1,1,0,1,0,0.776685026312455
"5239","1325","Ec_N",88,19,19,"Ec",12,1,1,0,1,0,0.776685026312455
"5240","1325","Ec_N",88,20,20,"Ec",12,1,1,0,1,0,0.776685026312455
"5241","1325","Ec_N",88,21,21,"Ec",12,1,1,0,1,0,0.776685026312455
"5242","1325","Ec_N",88,22,22,"Ec",12,1,1,0,1,0,0.776685026312455
"5243","1325","Ec_N",88,23,23,"Ec",12,1,1,0,1,0,0.776685026312455
"5244","1325","Ec_N",88,24,24,"Ec",12,1,1,0,1,0,0.776685026312455
"5245","1325","Ec_N",88,25,25,"Ec",16,1,1,1,1,0,0.93631405476465
"5246","1325","Ec_N",88,26,26,"Ec",16,1,1,1,1,0,0.93631405476465
"5247","1325","Ec_N",88,27,27,"Ec",32,1,1,1,1,1,1
"5248","1325","Ec_N",88,28,28,"Ec",32,1,1,1,1,1,1
"5249","1325","Ec_N",88,29,29,"Ec",32,1,1,1,1,1,1
"5250","1325","Ec_N",88,30,30,"Ec",32,1,1,1,1,1,1
"5251","1325","Ec_N",88,31,31,"Ec",32,1,1,1,1,1,1
"5252","1325","Ec_N",88,32,32,"Ec",32,1,1,1,1,1,1
"5253","1325","Ec_N",88,33,33,"Ec",32,1,1,1,1,1,1
"5254","1325","Ec_N",88,34,34,"Ec",32,1,1,1,1,1,1
"5255","1325","Ec_N",88,35,35,"Ec",32,1,1,1,1,1,1
"5256","1325","Ec_N",88,36,36,"Ec",32,1,1,1,1,1,1
"5257","1325","Ec_N",88,37,37,"Ec",32,1,1,1,1,1,1
"5258","1325","Ec_N",88,38,38,"Ec",32,1,1,1,1,1,1
"5259","1325","Ec_N",88,39,39,"Ec",32,1,1,1,1,1,1
"5260","1325","Ec_N",88,40,40,"Ec",32,1,1,1,1,1,1
"5261","1325","Ec_N",88,41,41,"Ec",32,1,1,1,1,1,1
"5262","1325","Ec_N",88,42,42,"Ec",32,1,1,1,1,1,1
"5263","1325","Ec_N",88,43,43,"Ec",32,1,1,1,1,1,1
"5264","1325","Ec_N",88,44,44,"Ec",32,1,1,1,1,1,1
"5265","1325","Ec_N",88,45,45,"Ec",32,1,1,1,1,1,1
"5266","1325","Ec_N",88,46,46,"Ec",32,1,1,1,1,1,1
"5267","1325","Ec_N",88,47,47,"Ec",32,1,1,1,1,1,1
"5268","1325","Ec_N",88,48,48,"Ec",32,1,1,1,1,1,1
"5269","1325","Ec_N",88,49,49,"Ec",32,1,1,1,1,1,1
"5270","1325","Ec_N",88,50,50,"Ec",32,1,1,1,1,1,1
"5271","1325","Ec_N",88,51,51,"Ec",32,1,1,1,1,1,1
"5272","1325","Ec_N",88,52,52,"Ec",32,1,1,1,1,1,1
"5273","1325","Ec_N",88,53,53,"Ec",32,1,1,1,1,1,1
"5274","1325","Ec_N",88,54,54,"Ec",32,1,1,1,1,1,1
"5275","1325","Ec_N",88,55,55,"Ec",32,1,1,1,1,1,1
"5276","1325","Ec_N",88,56,56,"Ec",32,1,1,1,1,1,1
"5277","1325","Ec_N",88,57,57,"Ec",32,1,1,1,1,1,1
"5278","1325","Ec_N",88,58,58,"Ec",32,1,1,1,1,1,1
"5279","1325","Ec_N",88,59,59,"Ec",32,1,1,1,1,1,1
"5280","1325","Ec_N",88,60,60,"Ec",32,1,1,1,1,1,1
"5281","1325","Ec_N",89,1,1,"Ec",1,0,0,0,0,0,0
"5282","1325","Ec_N",89,2,2,"Ec",1,0,0,0,0,0,0
"5283","1325","Ec_N",89,3,3,"Ec",1,0,0,0,0,0,0
"5284","1325","Ec_N",89,4,4,"Ec",1,0,0,0,0,0,0
"5285","1325","Ec_N",89,5,5,"Ec",1,0,0,0,0,0,0
"5286","1325","Ec_N",89,6,6,"Ec",1,0,0,0,0,0,0
"5287","1325","Ec_N",89,7,7,"Ec",1,0,0,0,0,0,0
"5288","1325","Ec_N",89,8,8,"Ec",1,0,0,0,0,0,0
"5289","1325","Ec_N",89,9,9,"Ec",3,0,1,0,0,0,0.420438296247818
"5290","1325","Ec_N",89,10,10,"Ec",3,0,1,0,0,0,0.420438296247818
"5291","1325","Ec_N",89,11,11,"Ec",3,0,1,0,0,0,0.420438296247818
"5292","1325","Ec_N",89,12,12,"Ec",11,0,1,0,1,0,0.503461616060769
"5293","1325","Ec_N",89,13,13,"Ec",11,0,1,0,1,0,0.503461616060769
"5294","1325","Ec_N",89,14,14,"Ec",27,0,1,0,1,1,0.533148725443406
"5295","1325","Ec_N",89,15,15,"Ec",27,0,1,0,1,1,0.533148725443406
"5296","1325","Ec_N",89,16,16,"Ec",27,0,1,0,1,1,0.533148725443406
"5297","1325","Ec_N",89,17,17,"Ec",28,1,1,0,1,1,0.815884725734249
"5298","1325","Ec_N",89,18,18,"Ec",28,1,1,0,1,1,0.815884725734249
"5299","1325","Ec_N",89,19,19,"Ec",28,1,1,0,1,1,0.815884725734249
"5300","1325","Ec_N",89,20,20,"Ec",28,1,1,0,1,1,0.815884725734249
"5301","1325","Ec_N",89,21,21,"Ec",28,1,1,0,1,1,0.815884725734249
"5302","1325","Ec_N",89,22,22,"Ec",28,1,1,0,1,1,0.815884725734249
"5303","1325","Ec_N",89,23,23,"Ec",28,1,1,0,1,1,0.815884725734249
"5304","1325","Ec_N",89,24,24,"Ec",28,1,1,0,1,1,0.815884725734249
"5305","1325","Ec_N",89,25,25,"Ec",28,1,1,0,1,1,0.815884725734249
"5306","1325","Ec_N",89,26,26,"Ec",28,1,1,0,1,1,0.815884725734249
"5307","1325","Ec_N",89,27,27,"Ec",28,1,1,0,1,1,0.815884725734249
"5308","1325","Ec_N",89,28,28,"Ec",28,1,1,0,1,1,0.815884725734249
"5309","1325","Ec_N",89,29,29,"Ec",28,1,1,0,1,1,0.815884725734249
"5310","1325","Ec_N",89,30,30,"Ec",32,1,1,1,1,1,1
"5311","1325","Ec_N",89,31,31,"Ec",32,1,1,1,1,1,1
"5312","1325","Ec_N",89,32,32,"Ec",32,1,1,1,1,1,1
"5313","1325","Ec_N",89,33,33,"Ec",32,1,1,1,1,1,1
"5314","1325","Ec_N",89,34,34,"Ec",32,1,1,1,1,1,1
"5315","1325","Ec_N",89,35,35,"Ec",32,1,1,1,1,1,1
"5316","1325","Ec_N",89,36,36,"Ec",32,1,1,1,1,1,1
"5317","1325","Ec_N",89,37,37,"Ec",32,1,1,1,1,1,1
"5318","1325","Ec_N",89,38,38,"Ec",32,1,1,1,1,1,1
"5319","1325","Ec_N",89,39,39,"Ec",32,1,1,1,1,1,1
"5320","1325","Ec_N",89,40,40,"Ec",32,1,1,1,1,1,1
"5321","1325","Ec_N",89,41,41,"Ec",32,1,1,1,1,1,1
"5322","1325","Ec_N",89,42,42,"Ec",32,1,1,1,1,1,1
"5323","1325","Ec_N",89,43,43,"Ec",32,1,1,1,1,1,1
"5324","1325","Ec_N",89,44,44,"Ec",32,1,1,1,1,1,1
"5325","1325","Ec_N",89,45,45,"Ec",32,1,1,1,1,1,1
"5326","1325","Ec_N",89,46,46,"Ec",32,1,1,1,1,1,1
"5327","1325","Ec_N",89,47,47,"Ec",32,1,1,1,1,1,1
"5328","1325","Ec_N",89,48,48,"Ec",32,1,1,1,1,1,1
"5329","1325","Ec_N",89,49,49,"Ec",32,1,1,1,1,1,1
"5330","1325","Ec_N",89,50,50,"Ec",32,1,1,1,1,1,1
"5331","1325","Ec_N",89,51,51,"Ec",32,1,1,1,1,1,1
"5332","1325","Ec_N",89,52,52,"Ec",32,1,1,1,1,1,1
"5333","1325","Ec_N",89,53,53,"Ec",32,1,1,1,1,1,1
"5334","1325","Ec_N",89,54,54,"Ec",32,1,1,1,1,1,1
"5335","1325","Ec_N",89,55,55,"Ec",32,1,1,1,1,1,1
"5336","1325","Ec_N",89,56,56,"Ec",32,1,1,1,1,1,1
"5337","1325","Ec_N",89,57,57,"Ec",32,1,1,1,1,1,1
"5338","1325","Ec_N",89,58,58,"Ec",32,1,1,1,1,1,1
"5339","1325","Ec_N",89,59,59,"Ec",32,1,1,1,1,1,1
"5340","1325","Ec_N",89,60,60,"Ec",32,1,1,1,1,1,1
"5341","1325","Ec_N",90,1,1,"Ec",1,0,0,0,0,0,0
"5342","1325","Ec_N",90,2,2,"Ec",1,0,0,0,0,0,0
"5343","1325","Ec_N",90,3,3,"Ec",1,0,0,0,0,0,0
"5344","1325","Ec_N",90,4,4,"Ec",1,0,0,0,0,0,0
"5345","1325","Ec_N",90,5,5,"Ec",1,0,0,0,0,0,0
"5346","1325","Ec_N",90,6,6,"Ec",17,0,0,0,0,1,0.0636859452353503
"5347","1325","Ec_N",90,7,7,"Ec",17,0,0,0,0,1,0.0636859452353503
"5348","1325","Ec_N",90,8,8,"Ec",17,0,0,0,0,1,0.0636859452353503
"5349","1325","Ec_N",90,9,9,"Ec",17,0,0,0,0,1,0.0636859452353503
"5350","1325","Ec_N",90,10,10,"Ec",17,0,0,0,0,1,0.0636859452353503
"5351","1325","Ec_N",90,11,11,"Ec",17,0,0,0,0,1,0.0636859452353503
"5352","1325","Ec_N",90,12,12,"Ec",17,0,0,0,0,1,0.0636859452353503
"5353","1325","Ec_N",90,13,13,"Ec",17,0,0,0,0,1,0.0636859452353503
"5354","1325","Ec_N",90,14,14,"Ec",17,0,0,0,0,1,0.0636859452353503
"5355","1325","Ec_N",90,15,15,"Ec",17,0,0,0,0,1,0.0636859452353503
"5356","1325","Ec_N",90,16,16,"Ec",17,0,0,0,0,1,0.0636859452353503
"5357","1325","Ec_N",90,17,17,"Ec",17,0,0,0,0,1,0.0636859452353503
"5358","1325","Ec_N",90,18,18,"Ec",17,0,0,0,0,1,0.0636859452353503
"5359","1325","Ec_N",90,19,19,"Ec",17,0,0,0,0,1,0.0636859452353503
"5360","1325","Ec_N",90,20,20,"Ec",17,0,0,0,0,1,0.0636859452353503
"5361","1325","Ec_N",90,21,21,"Ec",17,0,0,0,0,1,0.0636859452353503
"5362","1325","Ec_N",90,22,22,"Ec",17,0,0,0,0,1,0.0636859452353503
"5363","1325","Ec_N",90,23,23,"Ec",17,0,0,0,0,1,0.0636859452353503
"5364","1325","Ec_N",90,24,24,"Ec",17,0,0,0,0,1,0.0636859452353503
"5365","1325","Ec_N",90,25,25,"Ec",17,0,0,0,0,1,0.0636859452353503
"5366","1325","Ec_N",90,26,26,"Ec",17,0,0,0,0,1,0.0636859452353503
"5367","1325","Ec_N",90,27,27,"Ec",17,0,0,0,0,1,0.0636859452353503
"5368","1325","Ec_N",90,28,28,"Ec",17,0,0,0,0,1,0.0636859452353503
"5369","1325","Ec_N",90,29,29,"Ec",17,0,0,0,0,1,0.0636859452353503
"5370","1325","Ec_N",90,30,30,"Ec",17,0,0,0,0,1,0.0636859452353503
"5371","1325","Ec_N",90,31,31,"Ec",17,0,0,0,0,1,0.0636859452353503
"5372","1325","Ec_N",90,32,32,"Ec",17,0,0,0,0,1,0.0636859452353503
"5373","1325","Ec_N",90,33,33,"Ec",17,0,0,0,0,1,0.0636859452353503
"5374","1325","Ec_N",90,34,34,"Ec",17,0,0,0,0,1,0.0636859452353503
"5375","1325","Ec_N",90,35,35,"Ec",17,0,0,0,0,1,0.0636859452353503
"5376","1325","Ec_N",90,36,36,"Ec",17,0,0,0,0,1,0.0636859452353503
"5377","1325","Ec_N",90,37,37,"Ec",17,0,0,0,0,1,0.0636859452353503
"5378","1325","Ec_N",90,38,38,"Ec",17,0,0,0,0,1,0.0636859452353503
"5379","1325","Ec_N",90,39,39,"Ec",17,0,0,0,0,1,0.0636859452353503
"5380","1325","Ec_N",90,40,40,"Ec",17,0,0,0,0,1,0.0636859452353503
"5381","1325","Ec_N",90,41,41,"Ec",17,0,0,0,0,1,0.0636859452353503
"5382","1325","Ec_N",90,42,42,"Ec",18,1,0,0,0,1,0.37090819133975
"5383","1325","Ec_N",90,43,43,"Ec",18,1,0,0,0,1,0.37090819133975
"5384","1325","Ec_N",90,44,44,"Ec",26,1,0,0,1,1,0.419932675299988
"5385","1325","Ec_N",90,45,45,"Ec",28,1,1,0,1,1,0.815884725734249
"5386","1325","Ec_N",90,46,46,"Ec",28,1,1,0,1,1,0.815884725734249
"5387","1325","Ec_N",90,47,47,"Ec",28,1,1,0,1,1,0.815884725734249
"5388","1325","Ec_N",90,48,48,"Ec",28,1,1,0,1,1,0.815884725734249
"5389","1325","Ec_N",90,49,49,"Ec",28,1,1,0,1,1,0.815884725734249
"5390","1325","Ec_N",90,50,50,"Ec",28,1,1,0,1,1,0.815884725734249
"5391","1325","Ec_N",90,51,51,"Ec",28,1,1,0,1,1,0.815884725734249
"5392","1325","Ec_N",90,52,52,"Ec",28,1,1,0,1,1,0.815884725734249
"5393","1325","Ec_N",90,53,53,"Ec",28,1,1,0,1,1,0.815884725734249
"5394","1325","Ec_N",90,54,54,"Ec",28,1,1,0,1,1,0.815884725734249
"5395","1325","Ec_N",90,55,55,"Ec",28,1,1,0,1,1,0.815884725734249
"5396","1325","Ec_N",90,56,56,"Ec",28,1,1,0,1,1,0.815884725734249
"5397","1325","Ec_N",90,57,57,"Ec",28,1,1,0,1,1,0.815884725734249
"5398","1325","Ec_N",90,58,58,"Ec",28,1,1,0,1,1,0.815884725734249
"5399","1325","Ec_N",90,59,59,"Ec",28,1,1,0,1,1,0.815884725734249
"5400","1325","Ec_N",90,60,60,"Ec",28,1,1,0,1,1,0.815884725734249
"5401","1325","Ec_N",91,1,1,"Ec",1,0,0,0,0,0,0
"5402","1325","Ec_N",91,2,2,"Ec",1,0,0,0,0,0,0
"5403","1325","Ec_N",91,3,3,"Ec",1,0,0,0,0,0,0
"5404","1325","Ec_N",91,4,4,"Ec",1,0,0,0,0,0,0
"5405","1325","Ec_N",91,5,5,"Ec",1,0,0,0,0,0,0
"5406","1325","Ec_N",91,6,6,"Ec",1,0,0,0,0,0,0
"5407","1325","Ec_N",91,7,7,"Ec",1,0,0,0,0,0,0
"5408","1325","Ec_N",91,8,8,"Ec",1,0,0,0,0,0,0
"5409","1325","Ec_N",91,9,9,"Ec",1,0,0,0,0,0,0
"5410","1325","Ec_N",91,10,10,"Ec",1,0,0,0,0,0,0
"5411","1325","Ec_N",91,11,11,"Ec",1,0,0,0,0,0,0
"5412","1325","Ec_N",91,12,12,"Ec",1,0,0,0,0,0,0
"5413","1325","Ec_N",91,13,13,"Ec",1,0,0,0,0,0,0
"5414","1325","Ec_N",91,14,14,"Ec",1,0,0,0,0,0,0
"5415","1325","Ec_N",91,15,15,"Ec",5,0,0,1,0,0,0.159629028452195
"5416","1325","Ec_N",91,16,16,"Ec",5,0,0,1,0,0,0.159629028452195
"5417","1325","Ec_N",91,17,17,"Ec",5,0,0,1,0,0,0.159629028452195
"5418","1325","Ec_N",91,18,18,"Ec",21,0,0,1,0,1,0.223314973687545
"5419","1325","Ec_N",91,19,19,"Ec",21,0,0,1,0,1,0.223314973687545
"5420","1325","Ec_N",91,20,20,"Ec",21,0,0,1,0,1,0.223314973687545
"5421","1325","Ec_N",91,21,21,"Ec",21,0,0,1,0,1,0.223314973687545
"5422","1325","Ec_N",91,22,22,"Ec",22,1,0,1,0,1,0.530537219791945
"5423","1325","Ec_N",91,23,23,"Ec",22,1,0,1,0,1,0.530537219791945
"5424","1325","Ec_N",91,24,24,"Ec",22,1,0,1,0,1,0.530537219791945
"5425","1325","Ec_N",91,25,25,"Ec",22,1,0,1,0,1,0.530537219791945
"5426","1325","Ec_N",91,26,26,"Ec",22,1,0,1,0,1,0.530537219791945
"5427","1325","Ec_N",91,27,27,"Ec",30,1,0,1,1,1,0.579561703752182
"5428","1325","Ec_N",91,28,28,"Ec",30,1,0,1,1,1,0.579561703752182
"5429","1325","Ec_N",91,29,29,"Ec",30,1,0,1,1,1,0.579561703752182
"5430","1325","Ec_N",91,30,30,"Ec",32,1,1,1,1,1,1
"5431","1325","Ec_N",91,31,31,"Ec",32,1,1,1,1,1,1
"5432","1325","Ec_N",91,32,32,"Ec",32,1,1,1,1,1,1
"5433","1325","Ec_N",91,33,33,"Ec",32,1,1,1,1,1,1
"5434","1325","Ec_N",91,34,34,"Ec",32,1,1,1,1,1,1
"5435","1325","Ec_N",91,35,35,"Ec",32,1,1,1,1,1,1
"5436","1325","Ec_N",91,36,36,"Ec",32,1,1,1,1,1,1
"5437","1325","Ec_N",91,37,37,"Ec",32,1,1,1,1,1,1
"5438","1325","Ec_N",91,38,38,"Ec",32,1,1,1,1,1,1
"5439","1325","Ec_N",91,39,39,"Ec",32,1,1,1,1,1,1
"5440","1325","Ec_N",91,40,40,"Ec",32,1,1,1,1,1,1
"5441","1325","Ec_N",91,41,41,"Ec",32,1,1,1,1,1,1
"5442","1325","Ec_N",91,42,42,"Ec",32,1,1,1,1,1,1
"5443","1325","Ec_N",91,43,43,"Ec",32,1,1,1,1,1,1
"5444","1325","Ec_N",91,44,44,"Ec",32,1,1,1,1,1,1
"5445","1325","Ec_N",91,45,45,"Ec",32,1,1,1,1,1,1
"5446","1325","Ec_N",91,46,46,"Ec",32,1,1,1,1,1,1
"5447","1325","Ec_N",91,47,47,"Ec",32,1,1,1,1,1,1
"5448","1325","Ec_N",91,48,48,"Ec",32,1,1,1,1,1,1
"5449","1325","Ec_N",91,49,49,"Ec",32,1,1,1,1,1,1
"5450","1325","Ec_N",91,50,50,"Ec",32,1,1,1,1,1,1
"5451","1325","Ec_N",91,51,51,"Ec",32,1,1,1,1,1,1
"5452","1325","Ec_N",91,52,52,"Ec",32,1,1,1,1,1,1
"5453","1325","Ec_N",91,53,53,"Ec",32,1,1,1,1,1,1
"5454","1325","Ec_N",91,54,54,"Ec",32,1,1,1,1,1,1
"5455","1325","Ec_N",91,55,55,"Ec",32,1,1,1,1,1,1
"5456","1325","Ec_N",91,56,56,"Ec",32,1,1,1,1,1,1
"5457","1325","Ec_N",91,57,57,"Ec",32,1,1,1,1,1,1
"5458","1325","Ec_N",91,58,58,"Ec",32,1,1,1,1,1,1
"5459","1325","Ec_N",91,59,59,"Ec",32,1,1,1,1,1,1
"5460","1325","Ec_N",91,60,60,"Ec",32,1,1,1,1,1,1
"5461","1325","Ec_N",92,1,1,"Ec",1,0,0,0,0,0,0
"5462","1325","Ec_N",92,2,2,"Ec",1,0,0,0,0,0,0
"5463","1325","Ec_N",92,3,3,"Ec",1,0,0,0,0,0,0
"5464","1325","Ec_N",92,4,4,"Ec",1,0,0,0,0,0,0
"5465","1325","Ec_N",92,5,5,"Ec",1,0,0,0,0,0,0
"5466","1325","Ec_N",92,6,6,"Ec",1,0,0,0,0,0,0
"5467","1325","Ec_N",92,7,7,"Ec",1,0,0,0,0,0,0
"5468","1325","Ec_N",92,8,8,"Ec",5,0,0,1,0,0,0.159629028452195
"5469","1325","Ec_N",92,9,9,"Ec",5,0,0,1,0,0,0.159629028452195
"5470","1325","Ec_N",92,10,10,"Ec",5,0,0,1,0,0,0.159629028452195
"5471","1325","Ec_N",92,11,11,"Ec",5,0,0,1,0,0,0.159629028452195
"5472","1325","Ec_N",92,12,12,"Ec",5,0,0,1,0,0,0.159629028452195
"5473","1325","Ec_N",92,13,13,"Ec",6,1,0,1,0,0,0.466851274556594
"5474","1325","Ec_N",92,14,14,"Ec",6,1,0,1,0,0,0.466851274556594
"5475","1325","Ec_N",92,15,15,"Ec",6,1,0,1,0,0,0.466851274556594
"5476","1325","Ec_N",92,16,16,"Ec",6,1,0,1,0,0,0.466851274556594
"5477","1325","Ec_N",92,17,17,"Ec",6,1,0,1,0,0,0.466851274556594
"5478","1325","Ec_N",92,18,18,"Ec",6,1,0,1,0,0,0.466851274556594
"5479","1325","Ec_N",92,19,19,"Ec",6,1,0,1,0,0,0.466851274556594
"5480","1325","Ec_N",92,20,20,"Ec",6,1,0,1,0,0,0.466851274556594
"5481","1325","Ec_N",92,21,21,"Ec",6,1,0,1,0,0,0.466851274556594
"5482","1325","Ec_N",92,22,22,"Ec",6,1,0,1,0,0,0.466851274556594
"5483","1325","Ec_N",92,23,23,"Ec",6,1,0,1,0,0,0.466851274556594
"5484","1325","Ec_N",92,24,24,"Ec",6,1,0,1,0,0,0.466851274556594
"5485","1325","Ec_N",92,25,25,"Ec",6,1,0,1,0,0,0.466851274556594
"5486","1325","Ec_N",92,26,26,"Ec",6,1,0,1,0,0,0.466851274556594
"5487","1325","Ec_N",92,27,27,"Ec",6,1,0,1,0,0,0.466851274556594
"5488","1325","Ec_N",92,28,28,"Ec",6,1,0,1,0,0,0.466851274556594
"5489","1325","Ec_N",92,29,29,"Ec",6,1,0,1,0,0,0.466851274556594
"5490","1325","Ec_N",92,30,30,"Ec",6,1,0,1,0,0,0.466851274556594
"5491","1325","Ec_N",92,31,31,"Ec",6,1,0,1,0,0,0.466851274556594
"5492","1325","Ec_N",92,32,32,"Ec",6,1,0,1,0,0,0.466851274556594
"5493","1325","Ec_N",92,33,33,"Ec",6,1,0,1,0,0,0.466851274556594
"5494","1325","Ec_N",92,34,34,"Ec",6,1,0,1,0,0,0.466851274556594
"5495","1325","Ec_N",92,35,35,"Ec",6,1,0,1,0,0,0.466851274556594
"5496","1325","Ec_N",92,36,36,"Ec",6,1,0,1,0,0,0.466851274556594
"5497","1325","Ec_N",92,37,37,"Ec",8,1,1,1,0,0,0.887289570804412
"5498","1325","Ec_N",92,38,38,"Ec",8,1,1,1,0,0,0.887289570804412
"5499","1325","Ec_N",92,39,39,"Ec",8,1,1,1,0,0,0.887289570804412
"5500","1325","Ec_N",92,40,40,"Ec",8,1,1,1,0,0,0.887289570804412
"5501","1325","Ec_N",92,41,41,"Ec",8,1,1,1,0,0,0.887289570804412
"5502","1325","Ec_N",92,42,42,"Ec",8,1,1,1,0,0,0.887289570804412
"5503","1325","Ec_N",92,43,43,"Ec",8,1,1,1,0,0,0.887289570804412
"5504","1325","Ec_N",92,44,44,"Ec",8,1,1,1,0,0,0.887289570804412
"5505","1325","Ec_N",92,45,45,"Ec",8,1,1,1,0,0,0.887289570804412
"5506","1325","Ec_N",92,46,46,"Ec",8,1,1,1,0,0,0.887289570804412
"5507","1325","Ec_N",92,47,47,"Ec",8,1,1,1,0,0,0.887289570804412
"5508","1325","Ec_N",92,48,48,"Ec",8,1,1,1,0,0,0.887289570804412
"5509","1325","Ec_N",92,49,49,"Ec",8,1,1,1,0,0,0.887289570804412
"5510","1325","Ec_N",92,50,50,"Ec",8,1,1,1,0,0,0.887289570804412
"5511","1325","Ec_N",92,51,51,"Ec",8,1,1,1,0,0,0.887289570804412
"5512","1325","Ec_N",92,52,52,"Ec",8,1,1,1,0,0,0.887289570804412
"5513","1325","Ec_N",92,53,53,"Ec",8,1,1,1,0,0,0.887289570804412
"5514","1325","Ec_N",92,54,54,"Ec",8,1,1,1,0,0,0.887289570804412
"5515","1325","Ec_N",92,55,55,"Ec",8,1,1,1,0,0,0.887289570804412
"5516","1325","Ec_N",92,56,56,"Ec",8,1,1,1,0,0,0.887289570804412
"5517","1325","Ec_N",92,57,57,"Ec",8,1,1,1,0,0,0.887289570804412
"5518","1325","Ec_N",92,58,58,"Ec",8,1,1,1,0,0,0.887289570804412
"5519","1325","Ec_N",92,59,59,"Ec",8,1,1,1,0,0,0.887289570804412
"5520","1325","Ec_N",92,60,60,"Ec",16,1,1,1,1,0,0.93631405476465
"5521","1325","Ec_N",93,1,1,"Ec",1,0,0,0,0,0,0
"5522","1325","Ec_N",93,2,2,"Ec",1,0,0,0,0,0,0
"5523","1325","Ec_N",93,3,3,"Ec",1,0,0,0,0,0,0
"5524","1325","Ec_N",93,4,4,"Ec",1,0,0,0,0,0,0
"5525","1325","Ec_N",93,5,5,"Ec",1,0,0,0,0,0,0
"5526","1325","Ec_N",93,6,6,"Ec",1,0,0,0,0,0,0
"5527","1325","Ec_N",93,7,7,"Ec",5,0,0,1,0,0,0.159629028452195
"5528","1325","Ec_N",93,8,8,"Ec",5,0,0,1,0,0,0.159629028452195
"5529","1325","Ec_N",93,9,9,"Ec",5,0,0,1,0,0,0.159629028452195
"5530","1325","Ec_N",93,10,10,"Ec",5,0,0,1,0,0,0.159629028452195
"5531","1325","Ec_N",93,11,11,"Ec",5,0,0,1,0,0,0.159629028452195
"5532","1325","Ec_N",93,12,12,"Ec",21,0,0,1,0,1,0.223314973687545
"5533","1325","Ec_N",93,13,13,"Ec",21,0,0,1,0,1,0.223314973687545
"5534","1325","Ec_N",93,14,14,"Ec",21,0,0,1,0,1,0.223314973687545
"5535","1325","Ec_N",93,15,15,"Ec",21,0,0,1,0,1,0.223314973687545
"5536","1325","Ec_N",93,16,16,"Ec",23,0,1,1,0,1,0.57389469344254
"5537","1325","Ec_N",93,17,17,"Ec",23,0,1,1,0,1,0.57389469344254
"5538","1325","Ec_N",93,18,18,"Ec",23,0,1,1,0,1,0.57389469344254
"5539","1325","Ec_N",93,19,19,"Ec",23,0,1,1,0,1,0.57389469344254
"5540","1325","Ec_N",93,20,20,"Ec",23,0,1,1,0,1,0.57389469344254
"5541","1325","Ec_N",93,21,21,"Ec",23,0,1,1,0,1,0.57389469344254
"5542","1325","Ec_N",93,22,22,"Ec",23,0,1,1,0,1,0.57389469344254
"5543","1325","Ec_N",93,23,23,"Ec",23,0,1,1,0,1,0.57389469344254
"5544","1325","Ec_N",93,24,24,"Ec",23,0,1,1,0,1,0.57389469344254
"5545","1325","Ec_N",93,25,25,"Ec",24,1,1,1,0,1,0.872975948786018
"5546","1325","Ec_N",93,26,26,"Ec",24,1,1,1,0,1,0.872975948786018
"5547","1325","Ec_N",93,27,27,"Ec",24,1,1,1,0,1,0.872975948786018
"5548","1325","Ec_N",93,28,28,"Ec",24,1,1,1,0,1,0.872975948786018
"5549","1325","Ec_N",93,29,29,"Ec",24,1,1,1,0,1,0.872975948786018
"5550","1325","Ec_N",93,30,30,"Ec",24,1,1,1,0,1,0.872975948786018
"5551","1325","Ec_N",93,31,31,"Ec",8,1,1,1,0,0,0.887289570804412
"5552","1325","Ec_N",93,32,32,"Ec",16,1,1,1,1,0,0.93631405476465
"5553","1325","Ec_N",93,33,33,"Ec",16,1,1,1,1,0,0.93631405476465
"5554","1325","Ec_N",93,34,34,"Ec",16,1,1,1,1,0,0.93631405476465
"5555","1325","Ec_N",93,35,35,"Ec",16,1,1,1,1,0,0.93631405476465
"5556","1325","Ec_N",93,36,36,"Ec",16,1,1,1,1,0,0.93631405476465
"5557","1325","Ec_N",93,37,37,"Ec",32,1,1,1,1,1,1
"5558","1325","Ec_N",93,38,38,"Ec",32,1,1,1,1,1,1
"5559","1325","Ec_N",93,39,39,"Ec",32,1,1,1,1,1,1
"5560","1325","Ec_N",93,40,40,"Ec",32,1,1,1,1,1,1
"5561","1325","Ec_N",93,41,41,"Ec",32,1,1,1,1,1,1
"5562","1325","Ec_N",93,42,42,"Ec",32,1,1,1,1,1,1
"5563","1325","Ec_N",93,43,43,"Ec",32,1,1,1,1,1,1
"5564","1325","Ec_N",93,44,44,"Ec",32,1,1,1,1,1,1
"5565","1325","Ec_N",93,45,45,"Ec",32,1,1,1,1,1,1
"5566","1325","Ec_N",93,46,46,"Ec",32,1,1,1,1,1,1
"5567","1325","Ec_N",93,47,47,"Ec",32,1,1,1,1,1,1
"5568","1325","Ec_N",93,48,48,"Ec",32,1,1,1,1,1,1
"5569","1325","Ec_N",93,49,49,"Ec",32,1,1,1,1,1,1
"5570","1325","Ec_N",93,50,50,"Ec",32,1,1,1,1,1,1
"5571","1325","Ec_N",93,51,51,"Ec",32,1,1,1,1,1,1
"5572","1325","Ec_N",93,52,52,"Ec",32,1,1,1,1,1,1
"5573","1325","Ec_N",93,53,53,"Ec",32,1,1,1,1,1,1
"5574","1325","Ec_N",93,54,54,"Ec",32,1,1,1,1,1,1
"5575","1325","Ec_N",93,55,55,"Ec",32,1,1,1,1,1,1
"5576","1325","Ec_N",93,56,56,"Ec",32,1,1,1,1,1,1
"5577","1325","Ec_N",93,57,57,"Ec",32,1,1,1,1,1,1
"5578","1325","Ec_N",93,58,58,"Ec",32,1,1,1,1,1,1
"5579","1325","Ec_N",93,59,59,"Ec",32,1,1,1,1,1,1
"5580","1325","Ec_N",93,60,60,"Ec",32,1,1,1,1,1,1
"5581","1325","Ec_N",94,1,1,"Ec",1,0,0,0,0,0,0
"5582","1325","Ec_N",94,2,2,"Ec",1,0,0,0,0,0,0
"5583","1325","Ec_N",94,3,3,"Ec",9,0,0,0,1,0,0.0490244839602376
"5584","1325","Ec_N",94,4,4,"Ec",9,0,0,0,1,0,0.0490244839602376
"5585","1325","Ec_N",94,5,5,"Ec",11,0,1,0,1,0,0.503461616060769
"5586","1325","Ec_N",94,6,6,"Ec",11,0,1,0,1,0,0.503461616060769
"5587","1325","Ec_N",94,7,7,"Ec",11,0,1,0,1,0,0.503461616060769
"5588","1325","Ec_N",94,8,8,"Ec",11,0,1,0,1,0,0.503461616060769
"5589","1325","Ec_N",94,9,9,"Ec",11,0,1,0,1,0,0.503461616060769
"5590","1325","Ec_N",94,10,10,"Ec",11,0,1,0,1,0,0.503461616060769
"5591","1325","Ec_N",94,11,11,"Ec",11,0,1,0,1,0,0.503461616060769
"5592","1325","Ec_N",94,12,12,"Ec",11,0,1,0,1,0,0.503461616060769
"5593","1325","Ec_N",94,13,13,"Ec",11,0,1,0,1,0,0.503461616060769
"5594","1325","Ec_N",94,14,14,"Ec",11,0,1,0,1,0,0.503461616060769
"5595","1325","Ec_N",94,15,15,"Ec",15,0,1,1,1,0,0.62909180866025
"5596","1325","Ec_N",94,16,16,"Ec",15,0,1,1,1,0,0.62909180866025
"5597","1325","Ec_N",94,17,17,"Ec",15,0,1,1,1,0,0.62909180866025
"5598","1325","Ec_N",94,18,18,"Ec",15,0,1,1,1,0,0.62909180866025
"5599","1325","Ec_N",94,19,19,"Ec",15,0,1,1,1,0,0.62909180866025
"5600","1325","Ec_N",94,20,20,"Ec",15,0,1,1,1,0,0.62909180866025
"5601","1325","Ec_N",94,21,21,"Ec",15,0,1,1,1,0,0.62909180866025
"5602","1325","Ec_N",94,22,22,"Ec",15,0,1,1,1,0,0.62909180866025
"5603","1325","Ec_N",94,23,23,"Ec",15,0,1,1,1,0,0.62909180866025
"5604","1325","Ec_N",94,24,24,"Ec",15,0,1,1,1,0,0.62909180866025
"5605","1325","Ec_N",94,25,25,"Ec",15,0,1,1,1,0,0.62909180866025
"5606","1325","Ec_N",94,26,26,"Ec",15,0,1,1,1,0,0.62909180866025
"5607","1325","Ec_N",94,27,27,"Ec",15,0,1,1,1,0,0.62909180866025
"5608","1325","Ec_N",94,28,28,"Ec",31,0,1,1,1,1,0.6927777538956
"5609","1325","Ec_N",94,29,29,"Ec",32,1,1,1,1,1,1
"5610","1325","Ec_N",94,30,30,"Ec",32,1,1,1,1,1,1
"5611","1325","Ec_N",94,31,31,"Ec",32,1,1,1,1,1,1
"5612","1325","Ec_N",94,32,32,"Ec",32,1,1,1,1,1,1
"5613","1325","Ec_N",94,33,33,"Ec",32,1,1,1,1,1,1
"5614","1325","Ec_N",94,34,34,"Ec",32,1,1,1,1,1,1
"5615","1325","Ec_N",94,35,35,"Ec",32,1,1,1,1,1,1
"5616","1325","Ec_N",94,36,36,"Ec",32,1,1,1,1,1,1
"5617","1325","Ec_N",94,37,37,"Ec",32,1,1,1,1,1,1
"5618","1325","Ec_N",94,38,38,"Ec",32,1,1,1,1,1,1
"5619","1325","Ec_N",94,39,39,"Ec",32,1,1,1,1,1,1
"5620","1325","Ec_N",94,40,40,"Ec",32,1,1,1,1,1,1
"5621","1325","Ec_N",94,41,41,"Ec",32,1,1,1,1,1,1
"5622","1325","Ec_N",94,42,42,"Ec",32,1,1,1,1,1,1
"5623","1325","Ec_N",94,43,43,"Ec",32,1,1,1,1,1,1
"5624","1325","Ec_N",94,44,44,"Ec",32,1,1,1,1,1,1
"5625","1325","Ec_N",94,45,45,"Ec",32,1,1,1,1,1,1
"5626","1325","Ec_N",94,46,46,"Ec",32,1,1,1,1,1,1
"5627","1325","Ec_N",94,47,47,"Ec",32,1,1,1,1,1,1
"5628","1325","Ec_N",94,48,48,"Ec",32,1,1,1,1,1,1
"5629","1325","Ec_N",94,49,49,"Ec",32,1,1,1,1,1,1
"5630","1325","Ec_N",94,50,50,"Ec",32,1,1,1,1,1,1
"5631","1325","Ec_N",94,51,51,"Ec",32,1,1,1,1,1,1
"5632","1325","Ec_N",94,52,52,"Ec",32,1,1,1,1,1,1
"5633","1325","Ec_N",94,53,53,"Ec",32,1,1,1,1,1,1
"5634","1325","Ec_N",94,54,54,"Ec",32,1,1,1,1,1,1
"5635","1325","Ec_N",94,55,55,"Ec",32,1,1,1,1,1,1
"5636","1325","Ec_N",94,56,56,"Ec",32,1,1,1,1,1,1
"5637","1325","Ec_N",94,57,57,"Ec",32,1,1,1,1,1,1
"5638","1325","Ec_N",94,58,58,"Ec",32,1,1,1,1,1,1
"5639","1325","Ec_N",94,59,59,"Ec",32,1,1,1,1,1,1
"5640","1325","Ec_N",94,60,60,"Ec",32,1,1,1,1,1,1
"5641","1325","Ec_N",95,1,1,"Ec",1,0,0,0,0,0,0
"5642","1325","Ec_N",95,2,2,"Ec",1,0,0,0,0,0,0
"5643","1325","Ec_N",95,3,3,"Ec",1,0,0,0,0,0,0
"5644","1325","Ec_N",95,4,4,"Ec",1,0,0,0,0,0,0
"5645","1325","Ec_N",95,5,5,"Ec",1,0,0,0,0,0,0
"5646","1325","Ec_N",95,6,6,"Ec",1,0,0,0,0,0,0
"5647","1325","Ec_N",95,7,7,"Ec",1,0,0,0,0,0,0
"5648","1325","Ec_N",95,8,8,"Ec",3,0,1,0,0,0,0.420438296247818
"5649","1325","Ec_N",95,9,9,"Ec",3,0,1,0,0,0,0.420438296247818
"5650","1325","Ec_N",95,10,10,"Ec",3,0,1,0,0,0,0.420438296247818
"5651","1325","Ec_N",95,11,11,"Ec",3,0,1,0,0,0,0.420438296247818
"5652","1325","Ec_N",95,12,12,"Ec",11,0,1,0,1,0,0.503461616060769
"5653","1325","Ec_N",95,13,13,"Ec",11,0,1,0,1,0,0.503461616060769
"5654","1325","Ec_N",95,14,14,"Ec",11,0,1,0,1,0,0.503461616060769
"5655","1325","Ec_N",95,15,15,"Ec",11,0,1,0,1,0,0.503461616060769
"5656","1325","Ec_N",95,16,16,"Ec",11,0,1,0,1,0,0.503461616060769
"5657","1325","Ec_N",95,17,17,"Ec",12,1,1,0,1,0,0.776685026312455
"5658","1325","Ec_N",95,18,18,"Ec",12,1,1,0,1,0,0.776685026312455
"5659","1325","Ec_N",95,19,19,"Ec",12,1,1,0,1,0,0.776685026312455
"5660","1325","Ec_N",95,20,20,"Ec",12,1,1,0,1,0,0.776685026312455
"5661","1325","Ec_N",95,21,21,"Ec",12,1,1,0,1,0,0.776685026312455
"5662","1325","Ec_N",95,22,22,"Ec",12,1,1,0,1,0,0.776685026312455
"5663","1325","Ec_N",95,23,23,"Ec",12,1,1,0,1,0,0.776685026312455
"5664","1325","Ec_N",95,24,24,"Ec",12,1,1,0,1,0,0.776685026312455
"5665","1325","Ec_N",95,25,25,"Ec",12,1,1,0,1,0,0.776685026312455
"5666","1325","Ec_N",95,26,26,"Ec",12,1,1,0,1,0,0.776685026312455
"5667","1325","Ec_N",95,27,27,"Ec",12,1,1,0,1,0,0.776685026312455
"5668","1325","Ec_N",95,28,28,"Ec",12,1,1,0,1,0,0.776685026312455
"5669","1325","Ec_N",95,29,29,"Ec",12,1,1,0,1,0,0.776685026312455
"5670","1325","Ec_N",95,30,30,"Ec",16,1,1,1,1,0,0.93631405476465
"5671","1325","Ec_N",95,31,31,"Ec",16,1,1,1,1,0,0.93631405476465
"5672","1325","Ec_N",95,32,32,"Ec",16,1,1,1,1,0,0.93631405476465
"5673","1325","Ec_N",95,33,33,"Ec",16,1,1,1,1,0,0.93631405476465
"5674","1325","Ec_N",95,34,34,"Ec",16,1,1,1,1,0,0.93631405476465
"5675","1325","Ec_N",95,35,35,"Ec",16,1,1,1,1,0,0.93631405476465
"5676","1325","Ec_N",95,36,36,"Ec",16,1,1,1,1,0,0.93631405476465
"5677","1325","Ec_N",95,37,37,"Ec",16,1,1,1,1,0,0.93631405476465
"5678","1325","Ec_N",95,38,38,"Ec",16,1,1,1,1,0,0.93631405476465
"5679","1325","Ec_N",95,39,39,"Ec",16,1,1,1,1,0,0.93631405476465
"5680","1325","Ec_N",95,40,40,"Ec",16,1,1,1,1,0,0.93631405476465
"5681","1325","Ec_N",95,41,41,"Ec",16,1,1,1,1,0,0.93631405476465
"5682","1325","Ec_N",95,42,42,"Ec",32,1,1,1,1,1,1
"5683","1325","Ec_N",95,43,43,"Ec",32,1,1,1,1,1,1
"5684","1325","Ec_N",95,44,44,"Ec",32,1,1,1,1,1,1
"5685","1325","Ec_N",95,45,45,"Ec",32,1,1,1,1,1,1
"5686","1325","Ec_N",95,46,46,"Ec",32,1,1,1,1,1,1
"5687","1325","Ec_N",95,47,47,"Ec",32,1,1,1,1,1,1
"5688","1325","Ec_N",95,48,48,"Ec",32,1,1,1,1,1,1
"5689","1325","Ec_N",95,49,49,"Ec",32,1,1,1,1,1,1
"5690","1325","Ec_N",95,50,50,"Ec",32,1,1,1,1,1,1
"5691","1325","Ec_N",95,51,51,"Ec",32,1,1,1,1,1,1
"5692","1325","Ec_N",95,52,52,"Ec",32,1,1,1,1,1,1
"5693","1325","Ec_N",95,53,53,"Ec",32,1,1,1,1,1,1
"5694","1325","Ec_N",95,54,54,"Ec",32,1,1,1,1,1,1
"5695","1325","Ec_N",95,55,55,"Ec",32,1,1,1,1,1,1
"5696","1325","Ec_N",95,56,56,"Ec",32,1,1,1,1,1,1
"5697","1325","Ec_N",95,57,57,"Ec",32,1,1,1,1,1,1
"5698","1325","Ec_N",95,58,58,"Ec",32,1,1,1,1,1,1
"5699","1325","Ec_N",95,59,59,"Ec",32,1,1,1,1,1,1
"5700","1325","Ec_N",95,60,60,"Ec",32,1,1,1,1,1,1
"5701","1325","Ec_N",96,1,1,"Ec",1,0,0,0,0,0,0
"5702","1325","Ec_N",96,2,2,"Ec",1,0,0,0,0,0,0
"5703","1325","Ec_N",96,3,3,"Ec",1,0,0,0,0,0,0
"5704","1325","Ec_N",96,4,4,"Ec",1,0,0,0,0,0,0
"5705","1325","Ec_N",96,5,5,"Ec",1,0,0,0,0,0,0
"5706","1325","Ec_N",96,6,6,"Ec",1,0,0,0,0,0,0
"5707","1325","Ec_N",96,7,7,"Ec",5,0,0,1,0,0,0.159629028452195
"5708","1325","Ec_N",96,8,8,"Ec",5,0,0,1,0,0,0.159629028452195
"5709","1325","Ec_N",96,9,9,"Ec",5,0,0,1,0,0,0.159629028452195
"5710","1325","Ec_N",96,10,10,"Ec",5,0,0,1,0,0,0.159629028452195
"5711","1325","Ec_N",96,11,11,"Ec",5,0,0,1,0,0,0.159629028452195
"5712","1325","Ec_N",96,12,12,"Ec",5,0,0,1,0,0,0.159629028452195
"5713","1325","Ec_N",96,13,13,"Ec",5,0,0,1,0,0,0.159629028452195
"5714","1325","Ec_N",96,14,14,"Ec",5,0,0,1,0,0,0.159629028452195
"5715","1325","Ec_N",96,15,15,"Ec",5,0,0,1,0,0,0.159629028452195
"5716","1325","Ec_N",96,16,16,"Ec",5,0,0,1,0,0,0.159629028452195
"5717","1325","Ec_N",96,17,17,"Ec",6,1,0,1,0,0,0.466851274556594
"5718","1325","Ec_N",96,18,18,"Ec",6,1,0,1,0,0,0.466851274556594
"5719","1325","Ec_N",96,19,19,"Ec",6,1,0,1,0,0,0.466851274556594
"5720","1325","Ec_N",96,20,20,"Ec",6,1,0,1,0,0,0.466851274556594
"5721","1325","Ec_N",96,21,21,"Ec",6,1,0,1,0,0,0.466851274556594
"5722","1325","Ec_N",96,22,22,"Ec",6,1,0,1,0,0,0.466851274556594
"5723","1325","Ec_N",96,23,23,"Ec",6,1,0,1,0,0,0.466851274556594
"5724","1325","Ec_N",96,24,24,"Ec",6,1,0,1,0,0,0.466851274556594
"5725","1325","Ec_N",96,25,25,"Ec",6,1,0,1,0,0,0.466851274556594
"5726","1325","Ec_N",96,26,26,"Ec",6,1,0,1,0,0,0.466851274556594
"5727","1325","Ec_N",96,27,27,"Ec",6,1,0,1,0,0,0.466851274556594
"5728","1325","Ec_N",96,28,28,"Ec",6,1,0,1,0,0,0.466851274556594
"5729","1325","Ec_N",96,29,29,"Ec",6,1,0,1,0,0,0.466851274556594
"5730","1325","Ec_N",96,30,30,"Ec",6,1,0,1,0,0,0.466851274556594
"5731","1325","Ec_N",96,31,31,"Ec",6,1,0,1,0,0,0.466851274556594
"5732","1325","Ec_N",96,32,32,"Ec",6,1,0,1,0,0,0.466851274556594
"5733","1325","Ec_N",96,33,33,"Ec",14,1,0,1,1,0,0.479175264165032
"5734","1325","Ec_N",96,34,34,"Ec",14,1,0,1,1,0,0.479175264165032
"5735","1325","Ec_N",96,35,35,"Ec",14,1,0,1,1,0,0.479175264165032
"5736","1325","Ec_N",96,36,36,"Ec",14,1,0,1,1,0,0.479175264165032
"5737","1325","Ec_N",96,37,37,"Ec",14,1,0,1,1,0,0.479175264165032
"5738","1325","Ec_N",96,38,38,"Ec",30,1,0,1,1,1,0.579561703752182
"5739","1325","Ec_N",96,39,39,"Ec",30,1,0,1,1,1,0.579561703752182
"5740","1325","Ec_N",96,40,40,"Ec",30,1,0,1,1,1,0.579561703752182
"5741","1325","Ec_N",96,41,41,"Ec",30,1,0,1,1,1,0.579561703752182
"5742","1325","Ec_N",96,42,42,"Ec",30,1,0,1,1,1,0.579561703752182
"5743","1325","Ec_N",96,43,43,"Ec",30,1,0,1,1,1,0.579561703752182
"5744","1325","Ec_N",96,44,44,"Ec",30,1,0,1,1,1,0.579561703752182
"5745","1325","Ec_N",96,45,45,"Ec",30,1,0,1,1,1,0.579561703752182
"5746","1325","Ec_N",96,46,46,"Ec",30,1,0,1,1,1,0.579561703752182
"5747","1325","Ec_N",96,47,47,"Ec",30,1,0,1,1,1,0.579561703752182
"5748","1325","Ec_N",96,48,48,"Ec",32,1,1,1,1,1,1
"5749","1325","Ec_N",96,49,49,"Ec",32,1,1,1,1,1,1
"5750","1325","Ec_N",96,50,50,"Ec",32,1,1,1,1,1,1
"5751","1325","Ec_N",96,51,51,"Ec",32,1,1,1,1,1,1
"5752","1325","Ec_N",96,52,52,"Ec",32,1,1,1,1,1,1
"5753","1325","Ec_N",96,53,53,"Ec",32,1,1,1,1,1,1
"5754","1325","Ec_N",96,54,54,"Ec",32,1,1,1,1,1,1
"5755","1325","Ec_N",96,55,55,"Ec",32,1,1,1,1,1,1
"5756","1325","Ec_N",96,56,56,"Ec",32,1,1,1,1,1,1
"5757","1325","Ec_N",96,57,57,"Ec",32,1,1,1,1,1,1
"5758","1325","Ec_N",96,58,58,"Ec",32,1,1,1,1,1,1
"5759","1325","Ec_N",96,59,59,"Ec",32,1,1,1,1,1,1
"5760","1325","Ec_N",96,60,60,"Ec",32,1,1,1,1,1,1
"5761","1325","Ec_N",97,1,1,"Ec",1,0,0,0,0,0,0
"5762","1325","Ec_N",97,2,2,"Ec",1,0,0,0,0,0,0
"5763","1325","Ec_N",97,3,3,"Ec",1,0,0,0,0,0,0
"5764","1325","Ec_N",97,4,4,"Ec",9,0,0,0,1,0,0.0490244839602376
"5765","1325","Ec_N",97,5,5,"Ec",9,0,0,0,1,0,0.0490244839602376
"5766","1325","Ec_N",97,6,6,"Ec",9,0,0,0,1,0,0.0490244839602376
"5767","1325","Ec_N",97,7,7,"Ec",9,0,0,0,1,0,0.0490244839602376
"5768","1325","Ec_N",97,8,8,"Ec",9,0,0,0,1,0,0.0490244839602376
"5769","1325","Ec_N",97,9,9,"Ec",9,0,0,0,1,0,0.0490244839602376
"5770","1325","Ec_N",97,10,10,"Ec",9,0,0,0,1,0,0.0490244839602376
"5771","1325","Ec_N",97,11,11,"Ec",11,0,1,0,1,0,0.503461616060769
"5772","1325","Ec_N",97,12,12,"Ec",11,0,1,0,1,0,0.503461616060769
"5773","1325","Ec_N",97,13,13,"Ec",11,0,1,0,1,0,0.503461616060769
"5774","1325","Ec_N",97,14,14,"Ec",11,0,1,0,1,0,0.503461616060769
"5775","1325","Ec_N",97,15,15,"Ec",11,0,1,0,1,0,0.503461616060769
"5776","1325","Ec_N",97,16,16,"Ec",11,0,1,0,1,0,0.503461616060769
"5777","1325","Ec_N",97,17,17,"Ec",11,0,1,0,1,0,0.503461616060769
"5778","1325","Ec_N",97,18,18,"Ec",11,0,1,0,1,0,0.503461616060769
"5779","1325","Ec_N",97,19,19,"Ec",11,0,1,0,1,0,0.503461616060769
"5780","1325","Ec_N",97,20,20,"Ec",11,0,1,0,1,0,0.503461616060769
"5781","1325","Ec_N",97,21,21,"Ec",11,0,1,0,1,0,0.503461616060769
"5782","1325","Ec_N",97,22,22,"Ec",11,0,1,0,1,0,0.503461616060769
"5783","1325","Ec_N",97,23,23,"Ec",11,0,1,0,1,0,0.503461616060769
"5784","1325","Ec_N",97,24,24,"Ec",15,0,1,1,1,0,0.62909180866025
"5785","1325","Ec_N",97,25,25,"Ec",15,0,1,1,1,0,0.62909180866025
"5786","1325","Ec_N",97,26,26,"Ec",15,0,1,1,1,0,0.62909180866025
"5787","1325","Ec_N",97,27,27,"Ec",31,0,1,1,1,1,0.6927777538956
"5788","1325","Ec_N",97,28,28,"Ec",31,0,1,1,1,1,0.6927777538956
"5789","1325","Ec_N",97,29,29,"Ec",31,0,1,1,1,1,0.6927777538956
"5790","1325","Ec_N",97,30,30,"Ec",31,0,1,1,1,1,0.6927777538956
"5791","1325","Ec_N",97,31,31,"Ec",31,0,1,1,1,1,0.6927777538956
"5792","1325","Ec_N",97,32,32,"Ec",31,0,1,1,1,1,0.6927777538956
"5793","1325","Ec_N",97,33,33,"Ec",31,0,1,1,1,1,0.6927777538956
"5794","1325","Ec_N",97,34,34,"Ec",31,0,1,1,1,1,0.6927777538956
"5795","1325","Ec_N",97,35,35,"Ec",31,0,1,1,1,1,0.6927777538956
"5796","1325","Ec_N",97,36,36,"Ec",31,0,1,1,1,1,0.6927777538956
"5797","1325","Ec_N",97,37,37,"Ec",31,0,1,1,1,1,0.6927777538956
"5798","1325","Ec_N",97,38,38,"Ec",31,0,1,1,1,1,0.6927777538956
"5799","1325","Ec_N",97,39,39,"Ec",31,0,1,1,1,1,0.6927777538956
"5800","1325","Ec_N",97,40,40,"Ec",31,0,1,1,1,1,0.6927777538956
"5801","1325","Ec_N",97,41,41,"Ec",31,0,1,1,1,1,0.6927777538956
"5802","1325","Ec_N",97,42,42,"Ec",31,0,1,1,1,1,0.6927777538956
"5803","1325","Ec_N",97,43,43,"Ec",31,0,1,1,1,1,0.6927777538956
"5804","1325","Ec_N",97,44,44,"Ec",31,0,1,1,1,1,0.6927777538956
"5805","1325","Ec_N",97,45,45,"Ec",32,1,1,1,1,1,1
"5806","1325","Ec_N",97,46,46,"Ec",32,1,1,1,1,1,1
"5807","1325","Ec_N",97,47,47,"Ec",32,1,1,1,1,1,1
"5808","1325","Ec_N",97,48,48,"Ec",32,1,1,1,1,1,1
"5809","1325","Ec_N",97,49,49,"Ec",32,1,1,1,1,1,1
"5810","1325","Ec_N",97,50,50,"Ec",32,1,1,1,1,1,1
"5811","1325","Ec_N",97,51,51,"Ec",32,1,1,1,1,1,1
"5812","1325","Ec_N",97,52,52,"Ec",32,1,1,1,1,1,1
"5813","1325","Ec_N",97,53,53,"Ec",32,1,1,1,1,1,1
"5814","1325","Ec_N",97,54,54,"Ec",32,1,1,1,1,1,1
"5815","1325","Ec_N",97,55,55,"Ec",32,1,1,1,1,1,1
"5816","1325","Ec_N",97,56,56,"Ec",32,1,1,1,1,1,1
"5817","1325","Ec_N",97,57,57,"Ec",32,1,1,1,1,1,1
"5818","1325","Ec_N",97,58,58,"Ec",32,1,1,1,1,1,1
"5819","1325","Ec_N",97,59,59,"Ec",32,1,1,1,1,1,1
"5820","1325","Ec_N",97,60,60,"Ec",32,1,1,1,1,1,1
"5821","1325","Ec_N",98,1,1,"Ec",1,0,0,0,0,0,0
"5822","1325","Ec_N",98,2,2,"Ec",1,0,0,0,0,0,0
"5823","1325","Ec_N",98,3,3,"Ec",1,0,0,0,0,0,0
"5824","1325","Ec_N",98,4,4,"Ec",9,0,0,0,1,0,0.0490244839602376
"5825","1325","Ec_N",98,5,5,"Ec",9,0,0,0,1,0,0.0490244839602376
"5826","1325","Ec_N",98,6,6,"Ec",9,0,0,0,1,0,0.0490244839602376
"5827","1325","Ec_N",98,7,7,"Ec",9,0,0,0,1,0,0.0490244839602376
"5828","1325","Ec_N",98,8,8,"Ec",9,0,0,0,1,0,0.0490244839602376
"5829","1325","Ec_N",98,9,9,"Ec",9,0,0,0,1,0,0.0490244839602376
"5830","1325","Ec_N",98,10,10,"Ec",9,0,0,0,1,0,0.0490244839602376
"5831","1325","Ec_N",98,11,11,"Ec",9,0,0,0,1,0,0.0490244839602376
"5832","1325","Ec_N",98,12,12,"Ec",9,0,0,0,1,0,0.0490244839602376
"5833","1325","Ec_N",98,13,13,"Ec",9,0,0,0,1,0,0.0490244839602376
"5834","1325","Ec_N",98,14,14,"Ec",9,0,0,0,1,0,0.0490244839602376
"5835","1325","Ec_N",98,15,15,"Ec",9,0,0,0,1,0,0.0490244839602376
"5836","1325","Ec_N",98,16,16,"Ec",9,0,0,0,1,0,0.0490244839602376
"5837","1325","Ec_N",98,17,17,"Ec",9,0,0,0,1,0,0.0490244839602376
"5838","1325","Ec_N",98,18,18,"Ec",9,0,0,0,1,0,0.0490244839602376
"5839","1325","Ec_N",98,19,19,"Ec",9,0,0,0,1,0,0.0490244839602376
"5840","1325","Ec_N",98,20,20,"Ec",9,0,0,0,1,0,0.0490244839602376
"5841","1325","Ec_N",98,21,21,"Ec",9,0,0,0,1,0,0.0490244839602376
"5842","1325","Ec_N",98,22,22,"Ec",9,0,0,0,1,0,0.0490244839602376
"5843","1325","Ec_N",98,23,23,"Ec",9,0,0,0,1,0,0.0490244839602376
"5844","1325","Ec_N",98,24,24,"Ec",9,0,0,0,1,0,0.0490244839602376
"5845","1325","Ec_N",98,25,25,"Ec",9,0,0,0,1,0,0.0490244839602376
"5846","1325","Ec_N",98,26,26,"Ec",9,0,0,0,1,0,0.0490244839602376
"5847","1325","Ec_N",98,27,27,"Ec",9,0,0,0,1,0,0.0490244839602376
"5848","1325","Ec_N",98,28,28,"Ec",9,0,0,0,1,0,0.0490244839602376
"5849","1325","Ec_N",98,29,29,"Ec",9,0,0,0,1,0,0.0490244839602376
"5850","1325","Ec_N",98,30,30,"Ec",9,0,0,0,1,0,0.0490244839602376
"5851","1325","Ec_N",98,31,31,"Ec",9,0,0,0,1,0,0.0490244839602376
"5852","1325","Ec_N",98,32,32,"Ec",9,0,0,0,1,0,0.0490244839602376
"5853","1325","Ec_N",98,33,33,"Ec",9,0,0,0,1,0,0.0490244839602376
"5854","1325","Ec_N",98,34,34,"Ec",9,0,0,0,1,0,0.0490244839602376
"5855","1325","Ec_N",98,35,35,"Ec",13,0,0,1,1,0,0.208653512412432
"5856","1325","Ec_N",98,36,36,"Ec",13,0,0,1,1,0,0.208653512412432
"5857","1325","Ec_N",98,37,37,"Ec",13,0,0,1,1,0,0.208653512412432
"5858","1325","Ec_N",98,38,38,"Ec",13,0,0,1,1,0,0.208653512412432
"5859","1325","Ec_N",98,39,39,"Ec",13,0,0,1,1,0,0.208653512412432
"5860","1325","Ec_N",98,40,40,"Ec",13,0,0,1,1,0,0.208653512412432
"5861","1325","Ec_N",98,41,41,"Ec",13,0,0,1,1,0,0.208653512412432
"5862","1325","Ec_N",98,42,42,"Ec",13,0,0,1,1,0,0.208653512412432
"5863","1325","Ec_N",98,43,43,"Ec",13,0,0,1,1,0,0.208653512412432
"5864","1325","Ec_N",98,44,44,"Ec",13,0,0,1,1,0,0.208653512412432
"5865","1325","Ec_N",98,45,45,"Ec",14,1,0,1,1,0,0.479175264165032
"5866","1325","Ec_N",98,46,46,"Ec",14,1,0,1,1,0,0.479175264165032
"5867","1325","Ec_N",98,47,47,"Ec",30,1,0,1,1,1,0.579561703752182
"5868","1325","Ec_N",98,48,48,"Ec",30,1,0,1,1,1,0.579561703752182
"5869","1325","Ec_N",98,49,49,"Ec",30,1,0,1,1,1,0.579561703752182
"5870","1325","Ec_N",98,50,50,"Ec",30,1,0,1,1,1,0.579561703752182
"5871","1325","Ec_N",98,51,51,"Ec",30,1,0,1,1,1,0.579561703752182
"5872","1325","Ec_N",98,52,52,"Ec",30,1,0,1,1,1,0.579561703752182
"5873","1325","Ec_N",98,53,53,"Ec",32,1,1,1,1,1,1
"5874","1325","Ec_N",98,54,54,"Ec",32,1,1,1,1,1,1
"5875","1325","Ec_N",98,55,55,"Ec",32,1,1,1,1,1,1
"5876","1325","Ec_N",98,56,56,"Ec",32,1,1,1,1,1,1
"5877","1325","Ec_N",98,57,57,"Ec",32,1,1,1,1,1,1
"5878","1325","Ec_N",98,58,58,"Ec",32,1,1,1,1,1,1
"5879","1325","Ec_N",98,59,59,"Ec",32,1,1,1,1,1,1
"5880","1325","Ec_N",98,60,60,"Ec",32,1,1,1,1,1,1
"5881","1325","Ec_N",99,1,1,"Ec",1,0,0,0,0,0,0
"5882","1325","Ec_N",99,2,2,"Ec",9,0,0,0,1,0,0.0490244839602376
"5883","1325","Ec_N",99,3,3,"Ec",9,0,0,0,1,0,0.0490244839602376
"5884","1325","Ec_N",99,4,4,"Ec",9,0,0,0,1,0,0.0490244839602376
"5885","1325","Ec_N",99,5,5,"Ec",9,0,0,0,1,0,0.0490244839602376
"5886","1325","Ec_N",99,6,6,"Ec",9,0,0,0,1,0,0.0490244839602376
"5887","1325","Ec_N",99,7,7,"Ec",9,0,0,0,1,0,0.0490244839602376
"5888","1325","Ec_N",99,8,8,"Ec",9,0,0,0,1,0,0.0490244839602376
"5889","1325","Ec_N",99,9,9,"Ec",13,0,0,1,1,0,0.208653512412432
"5890","1325","Ec_N",99,10,10,"Ec",13,0,0,1,1,0,0.208653512412432
"5891","1325","Ec_N",99,11,11,"Ec",13,0,0,1,1,0,0.208653512412432
"5892","1325","Ec_N",99,12,12,"Ec",13,0,0,1,1,0,0.208653512412432
"5893","1325","Ec_N",99,13,13,"Ec",14,1,0,1,1,0,0.479175264165032
"5894","1325","Ec_N",99,14,14,"Ec",14,1,0,1,1,0,0.479175264165032
"5895","1325","Ec_N",99,15,15,"Ec",14,1,0,1,1,0,0.479175264165032
"5896","1325","Ec_N",99,16,16,"Ec",14,1,0,1,1,0,0.479175264165032
"5897","1325","Ec_N",99,17,17,"Ec",14,1,0,1,1,0,0.479175264165032
"5898","1325","Ec_N",99,18,18,"Ec",14,1,0,1,1,0,0.479175264165032
"5899","1325","Ec_N",99,19,19,"Ec",14,1,0,1,1,0,0.479175264165032
"5900","1325","Ec_N",99,20,20,"Ec",14,1,0,1,1,0,0.479175264165032
"5901","1325","Ec_N",99,21,21,"Ec",14,1,0,1,1,0,0.479175264165032
"5902","1325","Ec_N",99,22,22,"Ec",14,1,0,1,1,0,0.479175264165032
"5903","1325","Ec_N",99,23,23,"Ec",16,1,1,1,1,0,0.93631405476465
"5904","1325","Ec_N",99,24,24,"Ec",16,1,1,1,1,0,0.93631405476465
"5905","1325","Ec_N",99,25,25,"Ec",16,1,1,1,1,0,0.93631405476465
"5906","1325","Ec_N",99,26,26,"Ec",16,1,1,1,1,0,0.93631405476465
"5907","1325","Ec_N",99,27,27,"Ec",16,1,1,1,1,0,0.93631405476465
"5908","1325","Ec_N",99,28,28,"Ec",16,1,1,1,1,0,0.93631405476465
"5909","1325","Ec_N",99,29,29,"Ec",16,1,1,1,1,0,0.93631405476465
"5910","1325","Ec_N",99,30,30,"Ec",16,1,1,1,1,0,0.93631405476465
"5911","1325","Ec_N",99,31,31,"Ec",16,1,1,1,1,0,0.93631405476465
"5912","1325","Ec_N",99,32,32,"Ec",16,1,1,1,1,0,0.93631405476465
"5913","1325","Ec_N",99,33,33,"Ec",16,1,1,1,1,0,0.93631405476465
"5914","1325","Ec_N",99,34,34,"Ec",16,1,1,1,1,0,0.93631405476465
"5915","1325","Ec_N",99,35,35,"Ec",16,1,1,1,1,0,0.93631405476465
"5916","1325","Ec_N",99,36,36,"Ec",16,1,1,1,1,0,0.93631405476465
"5917","1325","Ec_N",99,37,37,"Ec",16,1,1,1,1,0,0.93631405476465
"5918","1325","Ec_N",99,38,38,"Ec",16,1,1,1,1,0,0.93631405476465
"5919","1325","Ec_N",99,39,39,"Ec",16,1,1,1,1,0,0.93631405476465
"5920","1325","Ec_N",99,40,40,"Ec",16,1,1,1,1,0,0.93631405476465
"5921","1325","Ec_N",99,41,41,"Ec",16,1,1,1,1,0,0.93631405476465
"5922","1325","Ec_N",99,42,42,"Ec",16,1,1,1,1,0,0.93631405476465
"5923","1325","Ec_N",99,43,43,"Ec",16,1,1,1,1,0,0.93631405476465
"5924","1325","Ec_N",99,44,44,"Ec",16,1,1,1,1,0,0.93631405476465
"5925","1325","Ec_N",99,45,45,"Ec",16,1,1,1,1,0,0.93631405476465
"5926","1325","Ec_N",99,46,46,"Ec",16,1,1,1,1,0,0.93631405476465
"5927","1325","Ec_N",99,47,47,"Ec",16,1,1,1,1,0,0.93631405476465
"5928","1325","Ec_N",99,48,48,"Ec",16,1,1,1,1,0,0.93631405476465
"5929","1325","Ec_N",99,49,49,"Ec",16,1,1,1,1,0,0.93631405476465
"5930","1325","Ec_N",99,50,50,"Ec",16,1,1,1,1,0,0.93631405476465
"5931","1325","Ec_N",99,51,51,"Ec",16,1,1,1,1,0,0.93631405476465
"5932","1325","Ec_N",99,52,52,"Ec",16,1,1,1,1,0,0.93631405476465
"5933","1325","Ec_N",99,53,53,"Ec",16,1,1,1,1,0,0.93631405476465
"5934","1325","Ec_N",99,54,54,"Ec",16,1,1,1,1,0,0.93631405476465
"5935","1325","Ec_N",99,55,55,"Ec",16,1,1,1,1,0,0.93631405476465
"5936","1325","Ec_N",99,56,56,"Ec",16,1,1,1,1,0,0.93631405476465
"5937","1325","Ec_N",99,57,57,"Ec",16,1,1,1,1,0,0.93631405476465
"5938","1325","Ec_N",99,58,58,"Ec",16,1,1,1,1,0,0.93631405476465
"5939","1325","Ec_N",99,59,59,"Ec",16,1,1,1,1,0,0.93631405476465
"5940","1325","Ec_N",99,60,60,"Ec",16,1,1,1,1,0,0.93631405476465
"5941","1325","Ec_N",100,1,1,"Ec",1,0,0,0,0,0,0
"5942","1325","Ec_N",100,2,2,"Ec",1,0,0,0,0,0,0
"5943","1325","Ec_N",100,3,3,"Ec",1,0,0,0,0,0,0
"5944","1325","Ec_N",100,4,4,"Ec",1,0,0,0,0,0,0
"5945","1325","Ec_N",100,5,5,"Ec",1,0,0,0,0,0,0
"5946","1325","Ec_N",100,6,6,"Ec",1,0,0,0,0,0,0
"5947","1325","Ec_N",100,7,7,"Ec",1,0,0,0,0,0,0
"5948","1325","Ec_N",100,8,8,"Ec",1,0,0,0,0,0,0
"5949","1325","Ec_N",100,9,9,"Ec",1,0,0,0,0,0,0
"5950","1325","Ec_N",100,10,10,"Ec",1,0,0,0,0,0,0
"5951","1325","Ec_N",100,11,11,"Ec",1,0,0,0,0,0,0
"5952","1325","Ec_N",100,12,12,"Ec",1,0,0,0,0,0,0
"5953","1325","Ec_N",100,13,13,"Ec",1,0,0,0,0,0,0
"5954","1325","Ec_N",100,14,14,"Ec",1,0,0,0,0,0,0
"5955","1325","Ec_N",100,15,15,"Ec",9,0,0,0,1,0,0.0490244839602376
"5956","1325","Ec_N",100,16,16,"Ec",9,0,0,0,1,0,0.0490244839602376
"5957","1325","Ec_N",100,17,17,"Ec",9,0,0,0,1,0,0.0490244839602376
"5958","1325","Ec_N",100,18,18,"Ec",9,0,0,0,1,0,0.0490244839602376
"5959","1325","Ec_N",100,19,19,"Ec",9,0,0,0,1,0,0.0490244839602376
"5960","1325","Ec_N",100,20,20,"Ec",9,0,0,0,1,0,0.0490244839602376
"5961","1325","Ec_N",100,21,21,"Ec",25,0,0,0,1,1,0.112710429195588
"5962","1325","Ec_N",100,22,22,"Ec",25,0,0,0,1,1,0.112710429195588
"5963","1325","Ec_N",100,23,23,"Ec",25,0,0,0,1,1,0.112710429195588
"5964","1325","Ec_N",100,24,24,"Ec",25,0,0,0,1,1,0.112710429195588
"5965","1325","Ec_N",100,25,25,"Ec",25,0,0,0,1,1,0.112710429195588
"5966","1325","Ec_N",100,26,26,"Ec",25,0,0,0,1,1,0.112710429195588
"5967","1325","Ec_N",100,27,27,"Ec",25,0,0,0,1,1,0.112710429195588
"5968","1325","Ec_N",100,28,28,"Ec",25,0,0,0,1,1,0.112710429195588
"5969","1325","Ec_N",100,29,29,"Ec",25,0,0,0,1,1,0.112710429195588
"5970","1325","Ec_N",100,30,30,"Ec",25,0,0,0,1,1,0.112710429195588
"5971","1325","Ec_N",100,31,31,"Ec",25,0,0,0,1,1,0.112710429195588
"5972","1325","Ec_N",100,32,32,"Ec",25,0,0,0,1,1,0.112710429195588
"5973","1325","Ec_N",100,33,33,"Ec",25,0,0,0,1,1,0.112710429195588
"5974","1325","Ec_N",100,34,34,"Ec",25,0,0,0,1,1,0.112710429195588
"5975","1325","Ec_N",100,35,35,"Ec",25,0,0,0,1,1,0.112710429195588
"5976","1325","Ec_N",100,36,36,"Ec",25,0,0,0,1,1,0.112710429195588
"5977","1325","Ec_N",100,37,37,"Ec",25,0,0,0,1,1,0.112710429195588
"5978","1325","Ec_N",100,38,38,"Ec",25,0,0,0,1,1,0.112710429195588
"5979","1325","Ec_N",100,39,39,"Ec",25,0,0,0,1,1,0.112710429195588
"5980","1325","Ec_N",100,40,40,"Ec",25,0,0,0,1,1,0.112710429195588
"5981","1325","Ec_N",100,41,41,"Ec",25,0,0,0,1,1,0.112710429195588
"5982","1325","Ec_N",100,42,42,"Ec",25,0,0,0,1,1,0.112710429195588
"5983","1325","Ec_N",100,43,43,"Ec",25,0,0,0,1,1,0.112710429195588
"5984","1325","Ec_N",100,44,44,"Ec",25,0,0,0,1,1,0.112710429195588
"5985","1325","Ec_N",100,45,45,"Ec",25,0,0,0,1,1,0.112710429195588
"5986","1325","Ec_N",100,46,46,"Ec",25,0,0,0,1,1,0.112710429195588
"5987","1325","Ec_N",100,47,47,"Ec",25,0,0,0,1,1,0.112710429195588
"5988","1325","Ec_N",100,48,48,"Ec",27,0,1,0,1,1,0.533148725443406
"5989","1325","Ec_N",100,49,49,"Ec",27,0,1,0,1,1,0.533148725443406
"5990","1325","Ec_N",100,50,50,"Ec",31,0,1,1,1,1,0.6927777538956
"5991","1325","Ec_N",100,51,51,"Ec",31,0,1,1,1,1,0.6927777538956
"5992","1325","Ec_N",100,52,52,"Ec",31,0,1,1,1,1,0.6927777538956
"5993","1325","Ec_N",100,53,53,"Ec",31,0,1,1,1,1,0.6927777538956
"5994","1325","Ec_N",100,54,54,"Ec",31,0,1,1,1,1,0.6927777538956
"5995","1325","Ec_N",100,55,55,"Ec",31,0,1,1,1,1,0.6927777538956
"5996","1325","Ec_N",100,56,56,"Ec",31,0,1,1,1,1,0.6927777538956
"5997","1325","Ec_N",100,57,57,"Ec",31,0,1,1,1,1,0.6927777538956
"5998","1325","Ec_N",100,58,58,"Ec",31,0,1,1,1,1,0.6927777538956
"5999","1325","Ec_N",100,59,59,"Ec",31,0,1,1,1,1,0.6927777538956
"6000","1325","Ec_N",100,60,60,"Ec",32,1,1,1,1,1,1
"6001","1325","Ec_N",101,1,1,"Ec",1,0,0,0,0,0,0
"6002","1325","Ec_N",101,2,2,"Ec",2,1,0,0,0,0,0.3072222461044
"6003","1325","Ec_N",101,3,3,"Ec",2,1,0,0,0,0,0.3072222461044
"6004","1325","Ec_N",101,4,4,"Ec",2,1,0,0,0,0,0.3072222461044
"6005","1325","Ec_N",101,5,5,"Ec",2,1,0,0,0,0,0.3072222461044
"6006","1325","Ec_N",101,6,6,"Ec",2,1,0,0,0,0,0.3072222461044
"6007","1325","Ec_N",101,7,7,"Ec",2,1,0,0,0,0,0.3072222461044
"6008","1325","Ec_N",101,8,8,"Ec",2,1,0,0,0,0,0.3072222461044
"6009","1325","Ec_N",101,9,9,"Ec",2,1,0,0,0,0,0.3072222461044
"6010","1325","Ec_N",101,10,10,"Ec",2,1,0,0,0,0,0.3072222461044
"6011","1325","Ec_N",101,11,11,"Ec",6,1,0,1,0,0,0.466851274556594
"6012","1325","Ec_N",101,12,12,"Ec",6,1,0,1,0,0,0.466851274556594
"6013","1325","Ec_N",101,13,13,"Ec",6,1,0,1,0,0,0.466851274556594
"6014","1325","Ec_N",101,14,14,"Ec",8,1,1,1,0,0,0.887289570804412
"6015","1325","Ec_N",101,15,15,"Ec",16,1,1,1,1,0,0.93631405476465
"6016","1325","Ec_N",101,16,16,"Ec",16,1,1,1,1,0,0.93631405476465
"6017","1325","Ec_N",101,17,17,"Ec",16,1,1,1,1,0,0.93631405476465
"6018","1325","Ec_N",101,18,18,"Ec",16,1,1,1,1,0,0.93631405476465
"6019","1325","Ec_N",101,19,19,"Ec",16,1,1,1,1,0,0.93631405476465
"6020","1325","Ec_N",101,20,20,"Ec",16,1,1,1,1,0,0.93631405476465
"6021","1325","Ec_N",101,21,21,"Ec",16,1,1,1,1,0,0.93631405476465
"6022","1325","Ec_N",101,22,22,"Ec",16,1,1,1,1,0,0.93631405476465
"6023","1325","Ec_N",101,23,23,"Ec",16,1,1,1,1,0,0.93631405476465
"6024","1325","Ec_N",101,24,24,"Ec",16,1,1,1,1,0,0.93631405476465
"6025","1325","Ec_N",101,25,25,"Ec",16,1,1,1,1,0,0.93631405476465
"6026","1325","Ec_N",101,26,26,"Ec",16,1,1,1,1,0,0.93631405476465
"6027","1325","Ec_N",101,27,27,"Ec",16,1,1,1,1,0,0.93631405476465
"6028","1325","Ec_N",101,28,28,"Ec",16,1,1,1,1,0,0.93631405476465
"6029","1325","Ec_N",101,29,29,"Ec",16,1,1,1,1,0,0.93631405476465
"6030","1325","Ec_N",101,30,30,"Ec",16,1,1,1,1,0,0.93631405476465
"6031","1325","Ec_N",101,31,31,"Ec",16,1,1,1,1,0,0.93631405476465
"6032","1325","Ec_N",101,32,32,"Ec",16,1,1,1,1,0,0.93631405476465
"6033","1325","Ec_N",101,33,33,"Ec",16,1,1,1,1,0,0.93631405476465
"6034","1325","Ec_N",101,34,34,"Ec",16,1,1,1,1,0,0.93631405476465
"6035","1325","Ec_N",101,35,35,"Ec",16,1,1,1,1,0,0.93631405476465
"6036","1325","Ec_N",101,36,36,"Ec",16,1,1,1,1,0,0.93631405476465
"6037","1325","Ec_N",101,37,37,"Ec",16,1,1,1,1,0,0.93631405476465
"6038","1325","Ec_N",101,38,38,"Ec",16,1,1,1,1,0,0.93631405476465
"6039","1325","Ec_N",101,39,39,"Ec",32,1,1,1,1,1,1
"6040","1325","Ec_N",101,40,40,"Ec",32,1,1,1,1,1,1
"6041","1325","Ec_N",101,41,41,"Ec",32,1,1,1,1,1,1
"6042","1325","Ec_N",101,42,42,"Ec",32,1,1,1,1,1,1
"6043","1325","Ec_N",101,43,43,"Ec",32,1,1,1,1,1,1
"6044","1325","Ec_N",101,44,44,"Ec",32,1,1,1,1,1,1
"6045","1325","Ec_N",101,45,45,"Ec",32,1,1,1,1,1,1
"6046","1325","Ec_N",101,46,46,"Ec",32,1,1,1,1,1,1
"6047","1325","Ec_N",101,47,47,"Ec",32,1,1,1,1,1,1
"6048","1325","Ec_N",101,48,48,"Ec",32,1,1,1,1,1,1
"6049","1325","Ec_N",101,49,49,"Ec",32,1,1,1,1,1,1
"6050","1325","Ec_N",101,50,50,"Ec",32,1,1,1,1,1,1
"6051","1325","Ec_N",101,51,51,"Ec",32,1,1,1,1,1,1
"6052","1325","Ec_N",101,52,52,"Ec",32,1,1,1,1,1,1
"6053","1325","Ec_N",101,53,53,"Ec",32,1,1,1,1,1,1
"6054","1325","Ec_N",101,54,54,"Ec",32,1,1,1,1,1,1
"6055","1325","Ec_N",101,55,55,"Ec",32,1,1,1,1,1,1
"6056","1325","Ec_N",101,56,56,"Ec",32,1,1,1,1,1,1
"6057","1325","Ec_N",101,57,57,"Ec",32,1,1,1,1,1,1
"6058","1325","Ec_N",101,58,58,"Ec",32,1,1,1,1,1,1
"6059","1325","Ec_N",101,59,59,"Ec",32,1,1,1,1,1,1
"6060","1325","Ec_N",101,60,60,"Ec",32,1,1,1,1,1,1
"6061","1325","Ec_N",102,1,1,"Ec",1,0,0,0,0,0,0
"6062","1325","Ec_N",102,2,2,"Ec",2,1,0,0,0,0,0.3072222461044
"6063","1325","Ec_N",102,3,3,"Ec",2,1,0,0,0,0,0.3072222461044
"6064","1325","Ec_N",102,4,4,"Ec",2,1,0,0,0,0,0.3072222461044
"6065","1325","Ec_N",102,5,5,"Ec",2,1,0,0,0,0,0.3072222461044
"6066","1325","Ec_N",102,6,6,"Ec",2,1,0,0,0,0,0.3072222461044
"6067","1325","Ec_N",102,7,7,"Ec",6,1,0,1,0,0,0.466851274556594
"6068","1325","Ec_N",102,8,8,"Ec",6,1,0,1,0,0,0.466851274556594
"6069","1325","Ec_N",102,9,9,"Ec",6,1,0,1,0,0,0.466851274556594
"6070","1325","Ec_N",102,10,10,"Ec",22,1,0,1,0,1,0.530537219791945
"6071","1325","Ec_N",102,11,11,"Ec",22,1,0,1,0,1,0.530537219791945
"6072","1325","Ec_N",102,12,12,"Ec",30,1,0,1,1,1,0.579561703752182
"6073","1325","Ec_N",102,13,13,"Ec",32,1,1,1,1,1,1
"6074","1325","Ec_N",102,14,14,"Ec",32,1,1,1,1,1,1
"6075","1325","Ec_N",102,15,15,"Ec",32,1,1,1,1,1,1
"6076","1325","Ec_N",102,16,16,"Ec",32,1,1,1,1,1,1
"6077","1325","Ec_N",102,17,17,"Ec",32,1,1,1,1,1,1
"6078","1325","Ec_N",102,18,18,"Ec",32,1,1,1,1,1,1
"6079","1325","Ec_N",102,19,19,"Ec",32,1,1,1,1,1,1
"6080","1325","Ec_N",102,20,20,"Ec",32,1,1,1,1,1,1
"6081","1325","Ec_N",102,21,21,"Ec",32,1,1,1,1,1,1
"6082","1325","Ec_N",102,22,22,"Ec",32,1,1,1,1,1,1
"6083","1325","Ec_N",102,23,23,"Ec",32,1,1,1,1,1,1
"6084","1325","Ec_N",102,24,24,"Ec",32,1,1,1,1,1,1
"6085","1325","Ec_N",102,25,25,"Ec",32,1,1,1,1,1,1
"6086","1325","Ec_N",102,26,26,"Ec",32,1,1,1,1,1,1
"6087","1325","Ec_N",102,27,27,"Ec",32,1,1,1,1,1,1
"6088","1325","Ec_N",102,28,28,"Ec",32,1,1,1,1,1,1
"6089","1325","Ec_N",102,29,29,"Ec",32,1,1,1,1,1,1
"6090","1325","Ec_N",102,30,30,"Ec",32,1,1,1,1,1,1
"6091","1325","Ec_N",102,31,31,"Ec",32,1,1,1,1,1,1
"6092","1325","Ec_N",102,32,32,"Ec",32,1,1,1,1,1,1
"6093","1325","Ec_N",102,33,33,"Ec",32,1,1,1,1,1,1
"6094","1325","Ec_N",102,34,34,"Ec",32,1,1,1,1,1,1
"6095","1325","Ec_N",102,35,35,"Ec",32,1,1,1,1,1,1
"6096","1325","Ec_N",102,36,36,"Ec",32,1,1,1,1,1,1
"6097","1325","Ec_N",102,37,37,"Ec",32,1,1,1,1,1,1
"6098","1325","Ec_N",102,38,38,"Ec",32,1,1,1,1,1,1
"6099","1325","Ec_N",102,39,39,"Ec",32,1,1,1,1,1,1
"6100","1325","Ec_N",102,40,40,"Ec",32,1,1,1,1,1,1
"6101","1325","Ec_N",102,41,41,"Ec",32,1,1,1,1,1,1
"6102","1325","Ec_N",102,42,42,"Ec",32,1,1,1,1,1,1
"6103","1325","Ec_N",102,43,43,"Ec",32,1,1,1,1,1,1
"6104","1325","Ec_N",102,44,44,"Ec",32,1,1,1,1,1,1
"6105","1325","Ec_N",102,45,45,"Ec",32,1,1,1,1,1,1
"6106","1325","Ec_N",102,46,46,"Ec",32,1,1,1,1,1,1
"6107","1325","Ec_N",102,47,47,"Ec",32,1,1,1,1,1,1
"6108","1325","Ec_N",102,48,48,"Ec",32,1,1,1,1,1,1
"6109","1325","Ec_N",102,49,49,"Ec",32,1,1,1,1,1,1
"6110","1325","Ec_N",102,50,50,"Ec",32,1,1,1,1,1,1
"6111","1325","Ec_N",102,51,51,"Ec",32,1,1,1,1,1,1
"6112","1325","Ec_N",102,52,52,"Ec",32,1,1,1,1,1,1
"6113","1325","Ec_N",102,53,53,"Ec",32,1,1,1,1,1,1
"6114","1325","Ec_N",102,54,54,"Ec",32,1,1,1,1,1,1
"6115","1325","Ec_N",102,55,55,"Ec",32,1,1,1,1,1,1
"6116","1325","Ec_N",102,56,56,"Ec",32,1,1,1,1,1,1
"6117","1325","Ec_N",102,57,57,"Ec",32,1,1,1,1,1,1
"6118","1325","Ec_N",102,58,58,"Ec",32,1,1,1,1,1,1
"6119","1325","Ec_N",102,59,59,"Ec",32,1,1,1,1,1,1
"6120","1325","Ec_N",102,60,60,"Ec",32,1,1,1,1,1,1
"6121","1325","Ec_N",103,1,1,"Ec",1,0,0,0,0,0,0
"6122","1325","Ec_N",103,2,2,"Ec",1,0,0,0,0,0,0
"6123","1325","Ec_N",103,3,3,"Ec",1,0,0,0,0,0,0
"6124","1325","Ec_N",103,4,4,"Ec",1,0,0,0,0,0,0
"6125","1325","Ec_N",103,5,5,"Ec",1,0,0,0,0,0,0
"6126","1325","Ec_N",103,6,6,"Ec",9,0,0,0,1,0,0.0490244839602376
"6127","1325","Ec_N",103,7,7,"Ec",9,0,0,0,1,0,0.0490244839602376
"6128","1325","Ec_N",103,8,8,"Ec",11,0,1,0,1,0,0.503461616060769
"6129","1325","Ec_N",103,9,9,"Ec",11,0,1,0,1,0,0.503461616060769
"6130","1325","Ec_N",103,10,10,"Ec",11,0,1,0,1,0,0.503461616060769
"6131","1325","Ec_N",103,11,11,"Ec",11,0,1,0,1,0,0.503461616060769
"6132","1325","Ec_N",103,12,12,"Ec",11,0,1,0,1,0,0.503461616060769
"6133","1325","Ec_N",103,13,13,"Ec",11,0,1,0,1,0,0.503461616060769
"6134","1325","Ec_N",103,14,14,"Ec",11,0,1,0,1,0,0.503461616060769
"6135","1325","Ec_N",103,15,15,"Ec",11,0,1,0,1,0,0.503461616060769
"6136","1325","Ec_N",103,16,16,"Ec",11,0,1,0,1,0,0.503461616060769
"6137","1325","Ec_N",103,17,17,"Ec",11,0,1,0,1,0,0.503461616060769
"6138","1325","Ec_N",103,18,18,"Ec",11,0,1,0,1,0,0.503461616060769
"6139","1325","Ec_N",103,19,19,"Ec",11,0,1,0,1,0,0.503461616060769
"6140","1325","Ec_N",103,20,20,"Ec",27,0,1,0,1,1,0.533148725443406
"6141","1325","Ec_N",103,21,21,"Ec",31,0,1,1,1,1,0.6927777538956
"6142","1325","Ec_N",103,22,22,"Ec",31,0,1,1,1,1,0.6927777538956
"6143","1325","Ec_N",103,23,23,"Ec",31,0,1,1,1,1,0.6927777538956
"6144","1325","Ec_N",103,24,24,"Ec",31,0,1,1,1,1,0.6927777538956
"6145","1325","Ec_N",103,25,25,"Ec",31,0,1,1,1,1,0.6927777538956
"6146","1325","Ec_N",103,26,26,"Ec",31,0,1,1,1,1,0.6927777538956
"6147","1325","Ec_N",103,27,27,"Ec",31,0,1,1,1,1,0.6927777538956
"6148","1325","Ec_N",103,28,28,"Ec",31,0,1,1,1,1,0.6927777538956
"6149","1325","Ec_N",103,29,29,"Ec",31,0,1,1,1,1,0.6927777538956
"6150","1325","Ec_N",103,30,30,"Ec",31,0,1,1,1,1,0.6927777538956
"6151","1325","Ec_N",103,31,31,"Ec",31,0,1,1,1,1,0.6927777538956
"6152","1325","Ec_N",103,32,32,"Ec",31,0,1,1,1,1,0.6927777538956
"6153","1325","Ec_N",103,33,33,"Ec",31,0,1,1,1,1,0.6927777538956
"6154","1325","Ec_N",103,34,34,"Ec",31,0,1,1,1,1,0.6927777538956
"6155","1325","Ec_N",103,35,35,"Ec",31,0,1,1,1,1,0.6927777538956
"6156","1325","Ec_N",103,36,36,"Ec",32,1,1,1,1,1,1
"6157","1325","Ec_N",103,37,37,"Ec",32,1,1,1,1,1,1
"6158","1325","Ec_N",103,38,38,"Ec",32,1,1,1,1,1,1
"6159","1325","Ec_N",103,39,39,"Ec",32,1,1,1,1,1,1
"6160","1325","Ec_N",103,40,40,"Ec",32,1,1,1,1,1,1
"6161","1325","Ec_N",103,41,41,"Ec",32,1,1,1,1,1,1
"6162","1325","Ec_N",103,42,42,"Ec",32,1,1,1,1,1,1
"6163","1325","Ec_N",103,43,43,"Ec",32,1,1,1,1,1,1
"6164","1325","Ec_N",103,44,44,"Ec",32,1,1,1,1,1,1
"6165","1325","Ec_N",103,45,45,"Ec",32,1,1,1,1,1,1
"6166","1325","Ec_N",103,46,46,"Ec",32,1,1,1,1,1,1
"6167","1325","Ec_N",103,47,47,"Ec",32,1,1,1,1,1,1
"6168","1325","Ec_N",103,48,48,"Ec",32,1,1,1,1,1,1
"6169","1325","Ec_N",103,49,49,"Ec",32,1,1,1,1,1,1
"6170","1325","Ec_N",103,50,50,"Ec",32,1,1,1,1,1,1
"6171","1325","Ec_N",103,51,51,"Ec",32,1,1,1,1,1,1
"6172","1325","Ec_N",103,52,52,"Ec",32,1,1,1,1,1,1
"6173","1325","Ec_N",103,53,53,"Ec",32,1,1,1,1,1,1
"6174","1325","Ec_N",103,54,54,"Ec",32,1,1,1,1,1,1
"6175","1325","Ec_N",103,55,55,"Ec",32,1,1,1,1,1,1
"6176","1325","Ec_N",103,56,56,"Ec",32,1,1,1,1,1,1
"6177","1325","Ec_N",103,57,57,"Ec",32,1,1,1,1,1,1
"6178","1325","Ec_N",103,58,58,"Ec",32,1,1,1,1,1,1
"6179","1325","Ec_N",103,59,59,"Ec",32,1,1,1,1,1,1
"6180","1325","Ec_N",103,60,60,"Ec",32,1,1,1,1,1,1
"6181","1325","Ec_N",104,1,1,"Ec",1,0,0,0,0,0,0
"6182","1325","Ec_N",104,2,2,"Ec",1,0,0,0,0,0,0
"6183","1325","Ec_N",104,3,3,"Ec",1,0,0,0,0,0,0
"6184","1325","Ec_N",104,4,4,"Ec",1,0,0,0,0,0,0
"6185","1325","Ec_N",104,5,5,"Ec",1,0,0,0,0,0,0
"6186","1325","Ec_N",104,6,6,"Ec",1,0,0,0,0,0,0
"6187","1325","Ec_N",104,7,7,"Ec",1,0,0,0,0,0,0
"6188","1325","Ec_N",104,8,8,"Ec",1,0,0,0,0,0,0
"6189","1325","Ec_N",104,9,9,"Ec",1,0,0,0,0,0,0
"6190","1325","Ec_N",104,10,10,"Ec",3,0,1,0,0,0,0.420438296247818
"6191","1325","Ec_N",104,11,11,"Ec",3,0,1,0,0,0,0.420438296247818
"6192","1325","Ec_N",104,12,12,"Ec",3,0,1,0,0,0,0.420438296247818
"6193","1325","Ec_N",104,13,13,"Ec",3,0,1,0,0,0,0.420438296247818
"6194","1325","Ec_N",104,14,14,"Ec",3,0,1,0,0,0,0.420438296247818
"6195","1325","Ec_N",104,15,15,"Ec",3,0,1,0,0,0,0.420438296247818
"6196","1325","Ec_N",104,16,16,"Ec",3,0,1,0,0,0,0.420438296247818
"6197","1325","Ec_N",104,17,17,"Ec",3,0,1,0,0,0,0.420438296247818
"6198","1325","Ec_N",104,18,18,"Ec",3,0,1,0,0,0,0.420438296247818
"6199","1325","Ec_N",104,19,19,"Ec",3,0,1,0,0,0,0.420438296247818
"6200","1325","Ec_N",104,20,20,"Ec",3,0,1,0,0,0,0.420438296247818
"6201","1325","Ec_N",104,21,21,"Ec",3,0,1,0,0,0,0.420438296247818
"6202","1325","Ec_N",104,22,22,"Ec",3,0,1,0,0,0,0.420438296247818
"6203","1325","Ec_N",104,23,23,"Ec",3,0,1,0,0,0,0.420438296247818
"6204","1325","Ec_N",104,24,24,"Ec",11,0,1,0,1,0,0.503461616060769
"6205","1325","Ec_N",104,25,25,"Ec",11,0,1,0,1,0,0.503461616060769
"6206","1325","Ec_N",104,26,26,"Ec",11,0,1,0,1,0,0.503461616060769
"6207","1325","Ec_N",104,27,27,"Ec",12,1,1,0,1,0,0.776685026312455
"6208","1325","Ec_N",104,28,28,"Ec",12,1,1,0,1,0,0.776685026312455
"6209","1325","Ec_N",104,29,29,"Ec",12,1,1,0,1,0,0.776685026312455
"6210","1325","Ec_N",104,30,30,"Ec",12,1,1,0,1,0,0.776685026312455
"6211","1325","Ec_N",104,31,31,"Ec",12,1,1,0,1,0,0.776685026312455
"6212","1325","Ec_N",104,32,32,"Ec",12,1,1,0,1,0,0.776685026312455
"6213","1325","Ec_N",104,33,33,"Ec",12,1,1,0,1,0,0.776685026312455
"6214","1325","Ec_N",104,34,34,"Ec",12,1,1,0,1,0,0.776685026312455
"6215","1325","Ec_N",104,35,35,"Ec",12,1,1,0,1,0,0.776685026312455
"6216","1325","Ec_N",104,36,36,"Ec",12,1,1,0,1,0,0.776685026312455
"6217","1325","Ec_N",104,37,37,"Ec",12,1,1,0,1,0,0.776685026312455
"6218","1325","Ec_N",104,38,38,"Ec",12,1,1,0,1,0,0.776685026312455
"6219","1325","Ec_N",104,39,39,"Ec",12,1,1,0,1,0,0.776685026312455
"6220","1325","Ec_N",104,40,40,"Ec",12,1,1,0,1,0,0.776685026312455
"6221","1325","Ec_N",104,41,41,"Ec",12,1,1,0,1,0,0.776685026312455
"6222","1325","Ec_N",104,42,42,"Ec",12,1,1,0,1,0,0.776685026312455
"6223","1325","Ec_N",104,43,43,"Ec",12,1,1,0,1,0,0.776685026312455
"6224","1325","Ec_N",104,44,44,"Ec",12,1,1,0,1,0,0.776685026312455
"6225","1325","Ec_N",104,45,45,"Ec",28,1,1,0,1,1,0.815884725734249
"6226","1325","Ec_N",104,46,46,"Ec",28,1,1,0,1,1,0.815884725734249
"6227","1325","Ec_N",104,47,47,"Ec",28,1,1,0,1,1,0.815884725734249
"6228","1325","Ec_N",104,48,48,"Ec",28,1,1,0,1,1,0.815884725734249
"6229","1325","Ec_N",104,49,49,"Ec",28,1,1,0,1,1,0.815884725734249
"6230","1325","Ec_N",104,50,50,"Ec",28,1,1,0,1,1,0.815884725734249
"6231","1325","Ec_N",104,51,51,"Ec",28,1,1,0,1,1,0.815884725734249
"6232","1325","Ec_N",104,52,52,"Ec",28,1,1,0,1,1,0.815884725734249
"6233","1325","Ec_N",104,53,53,"Ec",28,1,1,0,1,1,0.815884725734249
"6234","1325","Ec_N",104,54,54,"Ec",28,1,1,0,1,1,0.815884725734249
"6235","1325","Ec_N",104,55,55,"Ec",28,1,1,0,1,1,0.815884725734249
"6236","1325","Ec_N",104,56,56,"Ec",28,1,1,0,1,1,0.815884725734249
"6237","1325","Ec_N",104,57,57,"Ec",28,1,1,0,1,1,0.815884725734249
"6238","1325","Ec_N",104,58,58,"Ec",28,1,1,0,1,1,0.815884725734249
"6239","1325","Ec_N",104,59,59,"Ec",32,1,1,1,1,1,1
"6240","1325","Ec_N",104,60,60,"Ec",32,1,1,1,1,1,1
"6241","1325","Ec_N",105,1,1,"Ec",1,0,0,0,0,0,0
"6242","1325","Ec_N",105,2,2,"Ec",1,0,0,0,0,0,0
"6243","1325","Ec_N",105,3,3,"Ec",1,0,0,0,0,0,0
"6244","1325","Ec_N",105,4,4,"Ec",2,1,0,0,0,0,0.3072222461044
"6245","1325","Ec_N",105,5,5,"Ec",2,1,0,0,0,0,0.3072222461044
"6246","1325","Ec_N",105,6,6,"Ec",2,1,0,0,0,0,0.3072222461044
"6247","1325","Ec_N",105,7,7,"Ec",10,1,0,0,1,0,0.356246730064637
"6248","1325","Ec_N",105,8,8,"Ec",10,1,0,0,1,0,0.356246730064637
"6249","1325","Ec_N",105,9,9,"Ec",10,1,0,0,1,0,0.356246730064637
"6250","1325","Ec_N",105,10,10,"Ec",10,1,0,0,1,0,0.356246730064637
"6251","1325","Ec_N",105,11,11,"Ec",14,1,0,1,1,0,0.479175264165032
"6252","1325","Ec_N",105,12,12,"Ec",14,1,0,1,1,0,0.479175264165032
"6253","1325","Ec_N",105,13,13,"Ec",30,1,0,1,1,1,0.579561703752182
"6254","1325","Ec_N",105,14,14,"Ec",30,1,0,1,1,1,0.579561703752182
"6255","1325","Ec_N",105,15,15,"Ec",30,1,0,1,1,1,0.579561703752182
"6256","1325","Ec_N",105,16,16,"Ec",30,1,0,1,1,1,0.579561703752182
"6257","1325","Ec_N",105,17,17,"Ec",30,1,0,1,1,1,0.579561703752182
"6258","1325","Ec_N",105,18,18,"Ec",30,1,0,1,1,1,0.579561703752182
"6259","1325","Ec_N",105,19,19,"Ec",30,1,0,1,1,1,0.579561703752182
"6260","1325","Ec_N",105,20,20,"Ec",30,1,0,1,1,1,0.579561703752182
"6261","1325","Ec_N",105,21,21,"Ec",30,1,0,1,1,1,0.579561703752182
"6262","1325","Ec_N",105,22,22,"Ec",30,1,0,1,1,1,0.579561703752182
"6263","1325","Ec_N",105,23,23,"Ec",30,1,0,1,1,1,0.579561703752182
"6264","1325","Ec_N",105,24,24,"Ec",30,1,0,1,1,1,0.579561703752182
"6265","1325","Ec_N",105,25,25,"Ec",30,1,0,1,1,1,0.579561703752182
"6266","1325","Ec_N",105,26,26,"Ec",30,1,0,1,1,1,0.579561703752182
"6267","1325","Ec_N",105,27,27,"Ec",30,1,0,1,1,1,0.579561703752182
"6268","1325","Ec_N",105,28,28,"Ec",30,1,0,1,1,1,0.579561703752182
"6269","1325","Ec_N",105,29,29,"Ec",30,1,0,1,1,1,0.579561703752182
"6270","1325","Ec_N",105,30,30,"Ec",30,1,0,1,1,1,0.579561703752182
"6271","1325","Ec_N",105,31,31,"Ec",30,1,0,1,1,1,0.579561703752182
"6272","1325","Ec_N",105,32,32,"Ec",30,1,0,1,1,1,0.579561703752182
"6273","1325","Ec_N",105,33,33,"Ec",30,1,0,1,1,1,0.579561703752182
"6274","1325","Ec_N",105,34,34,"Ec",30,1,0,1,1,1,0.579561703752182
"6275","1325","Ec_N",105,35,35,"Ec",30,1,0,1,1,1,0.579561703752182
"6276","1325","Ec_N",105,36,36,"Ec",30,1,0,1,1,1,0.579561703752182
"6277","1325","Ec_N",105,37,37,"Ec",30,1,0,1,1,1,0.579561703752182
"6278","1325","Ec_N",105,38,38,"Ec",30,1,0,1,1,1,0.579561703752182
"6279","1325","Ec_N",105,39,39,"Ec",30,1,0,1,1,1,0.579561703752182
"6280","1325","Ec_N",105,40,40,"Ec",30,1,0,1,1,1,0.579561703752182
"6281","1325","Ec_N",105,41,41,"Ec",30,1,0,1,1,1,0.579561703752182
"6282","1325","Ec_N",105,42,42,"Ec",30,1,0,1,1,1,0.579561703752182
"6283","1325","Ec_N",105,43,43,"Ec",32,1,1,1,1,1,1
"6284","1325","Ec_N",105,44,44,"Ec",32,1,1,1,1,1,1
"6285","1325","Ec_N",105,45,45,"Ec",32,1,1,1,1,1,1
"6286","1325","Ec_N",105,46,46,"Ec",32,1,1,1,1,1,1
"6287","1325","Ec_N",105,47,47,"Ec",32,1,1,1,1,1,1
"6288","1325","Ec_N",105,48,48,"Ec",32,1,1,1,1,1,1
"6289","1325","Ec_N",105,49,49,"Ec",32,1,1,1,1,1,1
"6290","1325","Ec_N",105,50,50,"Ec",32,1,1,1,1,1,1
"6291","1325","Ec_N",105,51,51,"Ec",32,1,1,1,1,1,1
"6292","1325","Ec_N",105,52,52,"Ec",32,1,1,1,1,1,1
"6293","1325","Ec_N",105,53,53,"Ec",32,1,1,1,1,1,1
"6294","1325","Ec_N",105,54,54,"Ec",32,1,1,1,1,1,1
"6295","1325","Ec_N",105,55,55,"Ec",32,1,1,1,1,1,1
"6296","1325","Ec_N",105,56,56,"Ec",32,1,1,1,1,1,1
"6297","1325","Ec_N",105,57,57,"Ec",32,1,1,1,1,1,1
"6298","1325","Ec_N",105,58,58,"Ec",32,1,1,1,1,1,1
"6299","1325","Ec_N",105,59,59,"Ec",32,1,1,1,1,1,1
"6300","1325","Ec_N",105,60,60,"Ec",32,1,1,1,1,1,1
"6301","1325","Ec_N",106,1,1,"Ec",1,0,0,0,0,0,0
"6302","1325","Ec_N",106,2,2,"Ec",1,0,0,0,0,0,0
"6303","1325","Ec_N",106,3,3,"Ec",2,1,0,0,0,0,0.3072222461044
"6304","1325","Ec_N",106,4,4,"Ec",2,1,0,0,0,0,0.3072222461044
"6305","1325","Ec_N",106,5,5,"Ec",6,1,0,1,0,0,0.466851274556594
"6306","1325","Ec_N",106,6,6,"Ec",6,1,0,1,0,0,0.466851274556594
"6307","1325","Ec_N",106,7,7,"Ec",6,1,0,1,0,0,0.466851274556594
"6308","1325","Ec_N",106,8,8,"Ec",6,1,0,1,0,0,0.466851274556594
"6309","1325","Ec_N",106,9,9,"Ec",6,1,0,1,0,0,0.466851274556594
"6310","1325","Ec_N",106,10,10,"Ec",6,1,0,1,0,0,0.466851274556594
"6311","1325","Ec_N",106,11,11,"Ec",6,1,0,1,0,0,0.466851274556594
"6312","1325","Ec_N",106,12,12,"Ec",6,1,0,1,0,0,0.466851274556594
"6313","1325","Ec_N",106,13,13,"Ec",6,1,0,1,0,0,0.466851274556594
"6314","1325","Ec_N",106,14,14,"Ec",6,1,0,1,0,0,0.466851274556594
"6315","1325","Ec_N",106,15,15,"Ec",6,1,0,1,0,0,0.466851274556594
"6316","1325","Ec_N",106,16,16,"Ec",6,1,0,1,0,0,0.466851274556594
"6317","1325","Ec_N",106,17,17,"Ec",6,1,0,1,0,0,0.466851274556594
"6318","1325","Ec_N",106,18,18,"Ec",6,1,0,1,0,0,0.466851274556594
"6319","1325","Ec_N",106,19,19,"Ec",6,1,0,1,0,0,0.466851274556594
"6320","1325","Ec_N",106,20,20,"Ec",6,1,0,1,0,0,0.466851274556594
"6321","1325","Ec_N",106,21,21,"Ec",6,1,0,1,0,0,0.466851274556594
"6322","1325","Ec_N",106,22,22,"Ec",6,1,0,1,0,0,0.466851274556594
"6323","1325","Ec_N",106,23,23,"Ec",6,1,0,1,0,0,0.466851274556594
"6324","1325","Ec_N",106,24,24,"Ec",6,1,0,1,0,0,0.466851274556594
"6325","1325","Ec_N",106,25,25,"Ec",6,1,0,1,0,0,0.466851274556594
"6326","1325","Ec_N",106,26,26,"Ec",6,1,0,1,0,0,0.466851274556594
"6327","1325","Ec_N",106,27,27,"Ec",6,1,0,1,0,0,0.466851274556594
"6328","1325","Ec_N",106,28,28,"Ec",6,1,0,1,0,0,0.466851274556594
"6329","1325","Ec_N",106,29,29,"Ec",6,1,0,1,0,0,0.466851274556594
"6330","1325","Ec_N",106,30,30,"Ec",6,1,0,1,0,0,0.466851274556594
"6331","1325","Ec_N",106,31,31,"Ec",6,1,0,1,0,0,0.466851274556594
"6332","1325","Ec_N",106,32,32,"Ec",6,1,0,1,0,0,0.466851274556594
"6333","1325","Ec_N",106,33,33,"Ec",6,1,0,1,0,0,0.466851274556594
"6334","1325","Ec_N",106,34,34,"Ec",6,1,0,1,0,0,0.466851274556594
"6335","1325","Ec_N",106,35,35,"Ec",6,1,0,1,0,0,0.466851274556594
"6336","1325","Ec_N",106,36,36,"Ec",6,1,0,1,0,0,0.466851274556594
"6337","1325","Ec_N",106,37,37,"Ec",6,1,0,1,0,0,0.466851274556594
"6338","1325","Ec_N",106,38,38,"Ec",14,1,0,1,1,0,0.479175264165032
"6339","1325","Ec_N",106,39,39,"Ec",14,1,0,1,1,0,0.479175264165032
"6340","1325","Ec_N",106,40,40,"Ec",14,1,0,1,1,0,0.479175264165032
"6341","1325","Ec_N",106,41,41,"Ec",14,1,0,1,1,0,0.479175264165032
"6342","1325","Ec_N",106,42,42,"Ec",14,1,0,1,1,0,0.479175264165032
"6343","1325","Ec_N",106,43,43,"Ec",14,1,0,1,1,0,0.479175264165032
"6344","1325","Ec_N",106,44,44,"Ec",14,1,0,1,1,0,0.479175264165032
"6345","1325","Ec_N",106,45,45,"Ec",14,1,0,1,1,0,0.479175264165032
"6346","1325","Ec_N",106,46,46,"Ec",14,1,0,1,1,0,0.479175264165032
"6347","1325","Ec_N",106,47,47,"Ec",14,1,0,1,1,0,0.479175264165032
"6348","1325","Ec_N",106,48,48,"Ec",14,1,0,1,1,0,0.479175264165032
"6349","1325","Ec_N",106,49,49,"Ec",14,1,0,1,1,0,0.479175264165032
"6350","1325","Ec_N",106,50,50,"Ec",14,1,0,1,1,0,0.479175264165032
"6351","1325","Ec_N",106,51,51,"Ec",14,1,0,1,1,0,0.479175264165032
"6352","1325","Ec_N",106,52,52,"Ec",14,1,0,1,1,0,0.479175264165032
"6353","1325","Ec_N",106,53,53,"Ec",14,1,0,1,1,0,0.479175264165032
"6354","1325","Ec_N",106,54,54,"Ec",14,1,0,1,1,0,0.479175264165032
"6355","1325","Ec_N",106,55,55,"Ec",14,1,0,1,1,0,0.479175264165032
"6356","1325","Ec_N",106,56,56,"Ec",14,1,0,1,1,0,0.479175264165032
"6357","1325","Ec_N",106,57,57,"Ec",14,1,0,1,1,0,0.479175264165032
"6358","1325","Ec_N",106,58,58,"Ec",14,1,0,1,1,0,0.479175264165032
"6359","1325","Ec_N",106,59,59,"Ec",14,1,0,1,1,0,0.479175264165032
"6360","1325","Ec_N",106,60,60,"Ec",14,1,0,1,1,0,0.479175264165032
"6361","1325","Ec_N",107,1,1,"Ec",1,0,0,0,0,0,0
"6362","1325","Ec_N",107,2,2,"Ec",1,0,0,0,0,0,0
"6363","1325","Ec_N",107,3,3,"Ec",2,1,0,0,0,0,0.3072222461044
"6364","1325","Ec_N",107,4,4,"Ec",2,1,0,0,0,0,0.3072222461044
"6365","1325","Ec_N",107,5,5,"Ec",2,1,0,0,0,0,0.3072222461044
"6366","1325","Ec_N",107,6,6,"Ec",2,1,0,0,0,0,0.3072222461044
"6367","1325","Ec_N",107,7,7,"Ec",2,1,0,0,0,0,0.3072222461044
"6368","1325","Ec_N",107,8,8,"Ec",2,1,0,0,0,0,0.3072222461044
"6369","1325","Ec_N",107,9,9,"Ec",6,1,0,1,0,0,0.466851274556594
"6370","1325","Ec_N",107,10,10,"Ec",6,1,0,1,0,0,0.466851274556594
"6371","1325","Ec_N",107,11,11,"Ec",6,1,0,1,0,0,0.466851274556594
"6372","1325","Ec_N",107,12,12,"Ec",6,1,0,1,0,0,0.466851274556594
"6373","1325","Ec_N",107,13,13,"Ec",6,1,0,1,0,0,0.466851274556594
"6374","1325","Ec_N",107,14,14,"Ec",6,1,0,1,0,0,0.466851274556594
"6375","1325","Ec_N",107,15,15,"Ec",6,1,0,1,0,0,0.466851274556594
"6376","1325","Ec_N",107,16,16,"Ec",6,1,0,1,0,0,0.466851274556594
"6377","1325","Ec_N",107,17,17,"Ec",6,1,0,1,0,0,0.466851274556594
"6378","1325","Ec_N",107,18,18,"Ec",6,1,0,1,0,0,0.466851274556594
"6379","1325","Ec_N",107,19,19,"Ec",6,1,0,1,0,0,0.466851274556594
"6380","1325","Ec_N",107,20,20,"Ec",6,1,0,1,0,0,0.466851274556594
"6381","1325","Ec_N",107,21,21,"Ec",6,1,0,1,0,0,0.466851274556594
"6382","1325","Ec_N",107,22,22,"Ec",6,1,0,1,0,0,0.466851274556594
"6383","1325","Ec_N",107,23,23,"Ec",6,1,0,1,0,0,0.466851274556594
"6384","1325","Ec_N",107,24,24,"Ec",6,1,0,1,0,0,0.466851274556594
"6385","1325","Ec_N",107,25,25,"Ec",6,1,0,1,0,0,0.466851274556594
"6386","1325","Ec_N",107,26,26,"Ec",6,1,0,1,0,0,0.466851274556594
"6387","1325","Ec_N",107,27,27,"Ec",6,1,0,1,0,0,0.466851274556594
"6388","1325","Ec_N",107,28,28,"Ec",22,1,0,1,0,1,0.530537219791945
"6389","1325","Ec_N",107,29,29,"Ec",24,1,1,1,0,1,0.872975948786018
"6390","1325","Ec_N",107,30,30,"Ec",24,1,1,1,0,1,0.872975948786018
"6391","1325","Ec_N",107,31,31,"Ec",24,1,1,1,0,1,0.872975948786018
"6392","1325","Ec_N",107,32,32,"Ec",24,1,1,1,0,1,0.872975948786018
"6393","1325","Ec_N",107,33,33,"Ec",24,1,1,1,0,1,0.872975948786018
"6394","1325","Ec_N",107,34,34,"Ec",24,1,1,1,0,1,0.872975948786018
"6395","1325","Ec_N",107,35,35,"Ec",24,1,1,1,0,1,0.872975948786018
"6396","1325","Ec_N",107,36,36,"Ec",24,1,1,1,0,1,0.872975948786018
"6397","1325","Ec_N",107,37,37,"Ec",24,1,1,1,0,1,0.872975948786018
"6398","1325","Ec_N",107,38,38,"Ec",24,1,1,1,0,1,0.872975948786018
"6399","1325","Ec_N",107,39,39,"Ec",24,1,1,1,0,1,0.872975948786018
"6400","1325","Ec_N",107,40,40,"Ec",24,1,1,1,0,1,0.872975948786018
"6401","1325","Ec_N",107,41,41,"Ec",8,1,1,1,0,0,0.887289570804412
"6402","1325","Ec_N",107,42,42,"Ec",8,1,1,1,0,0,0.887289570804412
"6403","1325","Ec_N",107,43,43,"Ec",8,1,1,1,0,0,0.887289570804412
"6404","1325","Ec_N",107,44,44,"Ec",8,1,1,1,0,0,0.887289570804412
"6405","1325","Ec_N",107,45,45,"Ec",8,1,1,1,0,0,0.887289570804412
"6406","1325","Ec_N",107,46,46,"Ec",8,1,1,1,0,0,0.887289570804412
"6407","1325","Ec_N",107,47,47,"Ec",8,1,1,1,0,0,0.887289570804412
"6408","1325","Ec_N",107,48,48,"Ec",8,1,1,1,0,0,0.887289570804412
"6409","1325","Ec_N",107,49,49,"Ec",8,1,1,1,0,0,0.887289570804412
"6410","1325","Ec_N",107,50,50,"Ec",16,1,1,1,1,0,0.93631405476465
"6411","1325","Ec_N",107,51,51,"Ec",16,1,1,1,1,0,0.93631405476465
"6412","1325","Ec_N",107,52,52,"Ec",16,1,1,1,1,0,0.93631405476465
"6413","1325","Ec_N",107,53,53,"Ec",16,1,1,1,1,0,0.93631405476465
"6414","1325","Ec_N",107,54,54,"Ec",16,1,1,1,1,0,0.93631405476465
"6415","1325","Ec_N",107,55,55,"Ec",16,1,1,1,1,0,0.93631405476465
"6416","1325","Ec_N",107,56,56,"Ec",16,1,1,1,1,0,0.93631405476465
"6417","1325","Ec_N",107,57,57,"Ec",16,1,1,1,1,0,0.93631405476465
"6418","1325","Ec_N",107,58,58,"Ec",16,1,1,1,1,0,0.93631405476465
"6419","1325","Ec_N",107,59,59,"Ec",16,1,1,1,1,0,0.93631405476465
"6420","1325","Ec_N",107,60,60,"Ec",16,1,1,1,1,0,0.93631405476465
"6421","1325","Ec_N",108,1,1,"Ec",1,0,0,0,0,0,0
"6422","1325","Ec_N",108,2,2,"Ec",1,0,0,0,0,0,0
"6423","1325","Ec_N",108,3,3,"Ec",1,0,0,0,0,0,0
"6424","1325","Ec_N",108,4,4,"Ec",1,0,0,0,0,0,0
"6425","1325","Ec_N",108,5,5,"Ec",1,0,0,0,0,0,0
"6426","1325","Ec_N",108,6,6,"Ec",1,0,0,0,0,0,0
"6427","1325","Ec_N",108,7,7,"Ec",5,0,0,1,0,0,0.159629028452195
"6428","1325","Ec_N",108,8,8,"Ec",5,0,0,1,0,0,0.159629028452195
"6429","1325","Ec_N",108,9,9,"Ec",5,0,0,1,0,0,0.159629028452195
"6430","1325","Ec_N",108,10,10,"Ec",13,0,0,1,1,0,0.208653512412432
"6431","1325","Ec_N",108,11,11,"Ec",13,0,0,1,1,0,0.208653512412432
"6432","1325","Ec_N",108,12,12,"Ec",14,1,0,1,1,0,0.479175264165032
"6433","1325","Ec_N",108,13,13,"Ec",30,1,0,1,1,1,0.579561703752182
"6434","1325","Ec_N",108,14,14,"Ec",30,1,0,1,1,1,0.579561703752182
"6435","1325","Ec_N",108,15,15,"Ec",30,1,0,1,1,1,0.579561703752182
"6436","1325","Ec_N",108,16,16,"Ec",30,1,0,1,1,1,0.579561703752182
"6437","1325","Ec_N",108,17,17,"Ec",30,1,0,1,1,1,0.579561703752182
"6438","1325","Ec_N",108,18,18,"Ec",30,1,0,1,1,1,0.579561703752182
"6439","1325","Ec_N",108,19,19,"Ec",30,1,0,1,1,1,0.579561703752182
"6440","1325","Ec_N",108,20,20,"Ec",30,1,0,1,1,1,0.579561703752182
"6441","1325","Ec_N",108,21,21,"Ec",30,1,0,1,1,1,0.579561703752182
"6442","1325","Ec_N",108,22,22,"Ec",30,1,0,1,1,1,0.579561703752182
"6443","1325","Ec_N",108,23,23,"Ec",30,1,0,1,1,1,0.579561703752182
"6444","1325","Ec_N",108,24,24,"Ec",30,1,0,1,1,1,0.579561703752182
"6445","1325","Ec_N",108,25,25,"Ec",30,1,0,1,1,1,0.579561703752182
"6446","1325","Ec_N",108,26,26,"Ec",30,1,0,1,1,1,0.579561703752182
"6447","1325","Ec_N",108,27,27,"Ec",30,1,0,1,1,1,0.579561703752182
"6448","1325","Ec_N",108,28,28,"Ec",30,1,0,1,1,1,0.579561703752182
"6449","1325","Ec_N",108,29,29,"Ec",30,1,0,1,1,1,0.579561703752182
"6450","1325","Ec_N",108,30,30,"Ec",30,1,0,1,1,1,0.579561703752182
"6451","1325","Ec_N",108,31,31,"Ec",30,1,0,1,1,1,0.579561703752182
"6452","1325","Ec_N",108,32,32,"Ec",30,1,0,1,1,1,0.579561703752182
"6453","1325","Ec_N",108,33,33,"Ec",30,1,0,1,1,1,0.579561703752182
"6454","1325","Ec_N",108,34,34,"Ec",30,1,0,1,1,1,0.579561703752182
"6455","1325","Ec_N",108,35,35,"Ec",30,1,0,1,1,1,0.579561703752182
"6456","1325","Ec_N",108,36,36,"Ec",30,1,0,1,1,1,0.579561703752182
"6457","1325","Ec_N",108,37,37,"Ec",30,1,0,1,1,1,0.579561703752182
"6458","1325","Ec_N",108,38,38,"Ec",30,1,0,1,1,1,0.579561703752182
"6459","1325","Ec_N",108,39,39,"Ec",30,1,0,1,1,1,0.579561703752182
"6460","1325","Ec_N",108,40,40,"Ec",30,1,0,1,1,1,0.579561703752182
"6461","1325","Ec_N",108,41,41,"Ec",30,1,0,1,1,1,0.579561703752182
"6462","1325","Ec_N",108,42,42,"Ec",30,1,0,1,1,1,0.579561703752182
"6463","1325","Ec_N",108,43,43,"Ec",30,1,0,1,1,1,0.579561703752182
"6464","1325","Ec_N",108,44,44,"Ec",30,1,0,1,1,1,0.579561703752182
"6465","1325","Ec_N",108,45,45,"Ec",30,1,0,1,1,1,0.579561703752182
"6466","1325","Ec_N",108,46,46,"Ec",30,1,0,1,1,1,0.579561703752182
"6467","1325","Ec_N",108,47,47,"Ec",30,1,0,1,1,1,0.579561703752182
"6468","1325","Ec_N",108,48,48,"Ec",30,1,0,1,1,1,0.579561703752182
"6469","1325","Ec_N",108,49,49,"Ec",30,1,0,1,1,1,0.579561703752182
"6470","1325","Ec_N",108,50,50,"Ec",30,1,0,1,1,1,0.579561703752182
"6471","1325","Ec_N",108,51,51,"Ec",30,1,0,1,1,1,0.579561703752182
"6472","1325","Ec_N",108,52,52,"Ec",30,1,0,1,1,1,0.579561703752182
"6473","1325","Ec_N",108,53,53,"Ec",30,1,0,1,1,1,0.579561703752182
"6474","1325","Ec_N",108,54,54,"Ec",30,1,0,1,1,1,0.579561703752182
"6475","1325","Ec_N",108,55,55,"Ec",30,1,0,1,1,1,0.579561703752182
"6476","1325","Ec_N",108,56,56,"Ec",32,1,1,1,1,1,1
"6477","1325","Ec_N",108,57,57,"Ec",32,1,1,1,1,1,1
"6478","1325","Ec_N",108,58,58,"Ec",32,1,1,1,1,1,1
"6479","1325","Ec_N",108,59,59,"Ec",32,1,1,1,1,1,1
"6480","1325","Ec_N",108,60,60,"Ec",32,1,1,1,1,1,1
"6481","1325","Ec_N",109,1,1,"Ec",1,0,0,0,0,0,0
"6482","1325","Ec_N",109,2,2,"Ec",2,1,0,0,0,0,0.3072222461044
"6483","1325","Ec_N",109,3,3,"Ec",2,1,0,0,0,0,0.3072222461044
"6484","1325","Ec_N",109,4,4,"Ec",2,1,0,0,0,0,0.3072222461044
"6485","1325","Ec_N",109,5,5,"Ec",2,1,0,0,0,0,0.3072222461044
"6486","1325","Ec_N",109,6,6,"Ec",2,1,0,0,0,0,0.3072222461044
"6487","1325","Ec_N",109,7,7,"Ec",6,1,0,1,0,0,0.466851274556594
"6488","1325","Ec_N",109,8,8,"Ec",6,1,0,1,0,0,0.466851274556594
"6489","1325","Ec_N",109,9,9,"Ec",6,1,0,1,0,0,0.466851274556594
"6490","1325","Ec_N",109,10,10,"Ec",6,1,0,1,0,0,0.466851274556594
"6491","1325","Ec_N",109,11,11,"Ec",6,1,0,1,0,0,0.466851274556594
"6492","1325","Ec_N",109,12,12,"Ec",6,1,0,1,0,0,0.466851274556594
"6493","1325","Ec_N",109,13,13,"Ec",6,1,0,1,0,0,0.466851274556594
"6494","1325","Ec_N",109,14,14,"Ec",6,1,0,1,0,0,0.466851274556594
"6495","1325","Ec_N",109,15,15,"Ec",6,1,0,1,0,0,0.466851274556594
"6496","1325","Ec_N",109,16,16,"Ec",6,1,0,1,0,0,0.466851274556594
"6497","1325","Ec_N",109,17,17,"Ec",6,1,0,1,0,0,0.466851274556594
"6498","1325","Ec_N",109,18,18,"Ec",6,1,0,1,0,0,0.466851274556594
"6499","1325","Ec_N",109,19,19,"Ec",6,1,0,1,0,0,0.466851274556594
"6500","1325","Ec_N",109,20,20,"Ec",8,1,1,1,0,0,0.887289570804412
"6501","1325","Ec_N",109,21,21,"Ec",16,1,1,1,1,0,0.93631405476465
"6502","1325","Ec_N",109,22,22,"Ec",16,1,1,1,1,0,0.93631405476465
"6503","1325","Ec_N",109,23,23,"Ec",16,1,1,1,1,0,0.93631405476465
"6504","1325","Ec_N",109,24,24,"Ec",16,1,1,1,1,0,0.93631405476465
"6505","1325","Ec_N",109,25,25,"Ec",16,1,1,1,1,0,0.93631405476465
"6506","1325","Ec_N",109,26,26,"Ec",16,1,1,1,1,0,0.93631405476465
"6507","1325","Ec_N",109,27,27,"Ec",16,1,1,1,1,0,0.93631405476465
"6508","1325","Ec_N",109,28,28,"Ec",16,1,1,1,1,0,0.93631405476465
"6509","1325","Ec_N",109,29,29,"Ec",32,1,1,1,1,1,1
"6510","1325","Ec_N",109,30,30,"Ec",32,1,1,1,1,1,1
"6511","1325","Ec_N",109,31,31,"Ec",32,1,1,1,1,1,1
"6512","1325","Ec_N",109,32,32,"Ec",32,1,1,1,1,1,1
"6513","1325","Ec_N",109,33,33,"Ec",32,1,1,1,1,1,1
"6514","1325","Ec_N",109,34,34,"Ec",32,1,1,1,1,1,1
"6515","1325","Ec_N",109,35,35,"Ec",32,1,1,1,1,1,1
"6516","1325","Ec_N",109,36,36,"Ec",32,1,1,1,1,1,1
"6517","1325","Ec_N",109,37,37,"Ec",32,1,1,1,1,1,1
"6518","1325","Ec_N",109,38,38,"Ec",32,1,1,1,1,1,1
"6519","1325","Ec_N",109,39,39,"Ec",32,1,1,1,1,1,1
"6520","1325","Ec_N",109,40,40,"Ec",32,1,1,1,1,1,1
"6521","1325","Ec_N",109,41,41,"Ec",32,1,1,1,1,1,1
"6522","1325","Ec_N",109,42,42,"Ec",32,1,1,1,1,1,1
"6523","1325","Ec_N",109,43,43,"Ec",32,1,1,1,1,1,1
"6524","1325","Ec_N",109,44,44,"Ec",32,1,1,1,1,1,1
"6525","1325","Ec_N",109,45,45,"Ec",32,1,1,1,1,1,1
"6526","1325","Ec_N",109,46,46,"Ec",32,1,1,1,1,1,1
"6527","1325","Ec_N",109,47,47,"Ec",32,1,1,1,1,1,1
"6528","1325","Ec_N",109,48,48,"Ec",32,1,1,1,1,1,1
"6529","1325","Ec_N",109,49,49,"Ec",32,1,1,1,1,1,1
"6530","1325","Ec_N",109,50,50,"Ec",32,1,1,1,1,1,1
"6531","1325","Ec_N",109,51,51,"Ec",32,1,1,1,1,1,1
"6532","1325","Ec_N",109,52,52,"Ec",32,1,1,1,1,1,1
"6533","1325","Ec_N",109,53,53,"Ec",32,1,1,1,1,1,1
"6534","1325","Ec_N",109,54,54,"Ec",32,1,1,1,1,1,1
"6535","1325","Ec_N",109,55,55,"Ec",32,1,1,1,1,1,1
"6536","1325","Ec_N",109,56,56,"Ec",32,1,1,1,1,1,1
"6537","1325","Ec_N",109,57,57,"Ec",32,1,1,1,1,1,1
"6538","1325","Ec_N",109,58,58,"Ec",32,1,1,1,1,1,1
"6539","1325","Ec_N",109,59,59,"Ec",32,1,1,1,1,1,1
"6540","1325","Ec_N",109,60,60,"Ec",32,1,1,1,1,1,1
"6541","1325","Ec_N",110,1,1,"Ec",1,0,0,0,0,0,0
"6542","1325","Ec_N",110,2,2,"Ec",1,0,0,0,0,0,0
"6543","1325","Ec_N",110,3,3,"Ec",1,0,0,0,0,0,0
"6544","1325","Ec_N",110,4,4,"Ec",1,0,0,0,0,0,0
"6545","1325","Ec_N",110,5,5,"Ec",2,1,0,0,0,0,0.3072222461044
"6546","1325","Ec_N",110,6,6,"Ec",2,1,0,0,0,0,0.3072222461044
"6547","1325","Ec_N",110,7,7,"Ec",2,1,0,0,0,0,0.3072222461044
"6548","1325","Ec_N",110,8,8,"Ec",2,1,0,0,0,0,0.3072222461044
"6549","1325","Ec_N",110,9,9,"Ec",2,1,0,0,0,0,0.3072222461044
"6550","1325","Ec_N",110,10,10,"Ec",2,1,0,0,0,0,0.3072222461044
"6551","1325","Ec_N",110,11,11,"Ec",2,1,0,0,0,0,0.3072222461044
"6552","1325","Ec_N",110,12,12,"Ec",2,1,0,0,0,0,0.3072222461044
"6553","1325","Ec_N",110,13,13,"Ec",2,1,0,0,0,0,0.3072222461044
"6554","1325","Ec_N",110,14,14,"Ec",2,1,0,0,0,0,0.3072222461044
"6555","1325","Ec_N",110,15,15,"Ec",2,1,0,0,0,0,0.3072222461044
"6556","1325","Ec_N",110,16,16,"Ec",2,1,0,0,0,0,0.3072222461044
"6557","1325","Ec_N",110,17,17,"Ec",2,1,0,0,0,0,0.3072222461044
"6558","1325","Ec_N",110,18,18,"Ec",2,1,0,0,0,0,0.3072222461044
"6559","1325","Ec_N",110,19,19,"Ec",2,1,0,0,0,0,0.3072222461044
"6560","1325","Ec_N",110,20,20,"Ec",2,1,0,0,0,0,0.3072222461044
"6561","1325","Ec_N",110,21,21,"Ec",2,1,0,0,0,0,0.3072222461044
"6562","1325","Ec_N",110,22,22,"Ec",2,1,0,0,0,0,0.3072222461044
"6563","1325","Ec_N",110,23,23,"Ec",2,1,0,0,0,0,0.3072222461044
"6564","1325","Ec_N",110,24,24,"Ec",2,1,0,0,0,0,0.3072222461044
"6565","1325","Ec_N",110,25,25,"Ec",10,1,0,0,1,0,0.356246730064637
"6566","1325","Ec_N",110,26,26,"Ec",10,1,0,0,1,0,0.356246730064637
"6567","1325","Ec_N",110,27,27,"Ec",10,1,0,0,1,0,0.356246730064637
"6568","1325","Ec_N",110,28,28,"Ec",10,1,0,0,1,0,0.356246730064637
"6569","1325","Ec_N",110,29,29,"Ec",10,1,0,0,1,0,0.356246730064637
"6570","1325","Ec_N",110,30,30,"Ec",10,1,0,0,1,0,0.356246730064637
"6571","1325","Ec_N",110,31,31,"Ec",10,1,0,0,1,0,0.356246730064637
"6572","1325","Ec_N",110,32,32,"Ec",10,1,0,0,1,0,0.356246730064637
"6573","1325","Ec_N",110,33,33,"Ec",14,1,0,1,1,0,0.479175264165032
"6574","1325","Ec_N",110,34,34,"Ec",14,1,0,1,1,0,0.479175264165032
"6575","1325","Ec_N",110,35,35,"Ec",14,1,0,1,1,0,0.479175264165032
"6576","1325","Ec_N",110,36,36,"Ec",14,1,0,1,1,0,0.479175264165032
"6577","1325","Ec_N",110,37,37,"Ec",14,1,0,1,1,0,0.479175264165032
"6578","1325","Ec_N",110,38,38,"Ec",14,1,0,1,1,0,0.479175264165032
"6579","1325","Ec_N",110,39,39,"Ec",14,1,0,1,1,0,0.479175264165032
"6580","1325","Ec_N",110,40,40,"Ec",14,1,0,1,1,0,0.479175264165032
"6581","1325","Ec_N",110,41,41,"Ec",14,1,0,1,1,0,0.479175264165032
"6582","1325","Ec_N",110,42,42,"Ec",14,1,0,1,1,0,0.479175264165032
"6583","1325","Ec_N",110,43,43,"Ec",14,1,0,1,1,0,0.479175264165032
"6584","1325","Ec_N",110,44,44,"Ec",14,1,0,1,1,0,0.479175264165032
"6585","1325","Ec_N",110,45,45,"Ec",14,1,0,1,1,0,0.479175264165032
"6586","1325","Ec_N",110,46,46,"Ec",14,1,0,1,1,0,0.479175264165032
"6587","1325","Ec_N",110,47,47,"Ec",14,1,0,1,1,0,0.479175264165032
"6588","1325","Ec_N",110,48,48,"Ec",14,1,0,1,1,0,0.479175264165032
"6589","1325","Ec_N",110,49,49,"Ec",14,1,0,1,1,0,0.479175264165032
"6590","1325","Ec_N",110,50,50,"Ec",14,1,0,1,1,0,0.479175264165032
"6591","1325","Ec_N",110,51,51,"Ec",14,1,0,1,1,0,0.479175264165032
"6592","1325","Ec_N",110,52,52,"Ec",14,1,0,1,1,0,0.479175264165032
"6593","1325","Ec_N",110,53,53,"Ec",14,1,0,1,1,0,0.479175264165032
"6594","1325","Ec_N",110,54,54,"Ec",14,1,0,1,1,0,0.479175264165032
"6595","1325","Ec_N",110,55,55,"Ec",14,1,0,1,1,0,0.479175264165032
"6596","1325","Ec_N",110,56,56,"Ec",14,1,0,1,1,0,0.479175264165032
"6597","1325","Ec_N",110,57,57,"Ec",14,1,0,1,1,0,0.479175264165032
"6598","1325","Ec_N",110,58,58,"Ec",14,1,0,1,1,0,0.479175264165032
"6599","1325","Ec_N",110,59,59,"Ec",30,1,0,1,1,1,0.579561703752182
"6600","1325","Ec_N",110,60,60,"Ec",30,1,0,1,1,1,0.579561703752182
"6601","1325","Ec_N",111,1,1,"Ec",1,0,0,0,0,0,0
"6602","1325","Ec_N",111,2,2,"Ec",2,1,0,0,0,0,0.3072222461044
"6603","1325","Ec_N",111,3,3,"Ec",2,1,0,0,0,0,0.3072222461044
"6604","1325","Ec_N",111,4,4,"Ec",4,1,1,0,0,0,0.727660542352217
"6605","1325","Ec_N",111,5,5,"Ec",4,1,1,0,0,0,0.727660542352217
"6606","1325","Ec_N",111,6,6,"Ec",4,1,1,0,0,0,0.727660542352217
"6607","1325","Ec_N",111,7,7,"Ec",4,1,1,0,0,0,0.727660542352217
"6608","1325","Ec_N",111,8,8,"Ec",4,1,1,0,0,0,0.727660542352217
"6609","1325","Ec_N",111,9,9,"Ec",8,1,1,1,0,0,0.887289570804412
"6610","1325","Ec_N",111,10,10,"Ec",8,1,1,1,0,0,0.887289570804412
"6611","1325","Ec_N",111,11,11,"Ec",8,1,1,1,0,0,0.887289570804412
"6612","1325","Ec_N",111,12,12,"Ec",8,1,1,1,0,0,0.887289570804412
"6613","1325","Ec_N",111,13,13,"Ec",8,1,1,1,0,0,0.887289570804412
"6614","1325","Ec_N",111,14,14,"Ec",8,1,1,1,0,0,0.887289570804412
"6615","1325","Ec_N",111,15,15,"Ec",8,1,1,1,0,0,0.887289570804412
"6616","1325","Ec_N",111,16,16,"Ec",8,1,1,1,0,0,0.887289570804412
"6617","1325","Ec_N",111,17,17,"Ec",8,1,1,1,0,0,0.887289570804412
"6618","1325","Ec_N",111,18,18,"Ec",8,1,1,1,0,0,0.887289570804412
"6619","1325","Ec_N",111,19,19,"Ec",8,1,1,1,0,0,0.887289570804412
"6620","1325","Ec_N",111,20,20,"Ec",8,1,1,1,0,0,0.887289570804412
"6621","1325","Ec_N",111,21,21,"Ec",8,1,1,1,0,0,0.887289570804412
"6622","1325","Ec_N",111,22,22,"Ec",8,1,1,1,0,0,0.887289570804412
"6623","1325","Ec_N",111,23,23,"Ec",8,1,1,1,0,0,0.887289570804412
"6624","1325","Ec_N",111,24,24,"Ec",8,1,1,1,0,0,0.887289570804412
"6625","1325","Ec_N",111,25,25,"Ec",8,1,1,1,0,0,0.887289570804412
"6626","1325","Ec_N",111,26,26,"Ec",8,1,1,1,0,0,0.887289570804412
"6627","1325","Ec_N",111,27,27,"Ec",8,1,1,1,0,0,0.887289570804412
"6628","1325","Ec_N",111,28,28,"Ec",8,1,1,1,0,0,0.887289570804412
"6629","1325","Ec_N",111,29,29,"Ec",8,1,1,1,0,0,0.887289570804412
"6630","1325","Ec_N",111,30,30,"Ec",8,1,1,1,0,0,0.887289570804412
"6631","1325","Ec_N",111,31,31,"Ec",8,1,1,1,0,0,0.887289570804412
"6632","1325","Ec_N",111,32,32,"Ec",8,1,1,1,0,0,0.887289570804412
"6633","1325","Ec_N",111,33,33,"Ec",8,1,1,1,0,0,0.887289570804412
"6634","1325","Ec_N",111,34,34,"Ec",8,1,1,1,0,0,0.887289570804412
"6635","1325","Ec_N",111,35,35,"Ec",8,1,1,1,0,0,0.887289570804412
"6636","1325","Ec_N",111,36,36,"Ec",8,1,1,1,0,0,0.887289570804412
"6637","1325","Ec_N",111,37,37,"Ec",8,1,1,1,0,0,0.887289570804412
"6638","1325","Ec_N",111,38,38,"Ec",8,1,1,1,0,0,0.887289570804412
"6639","1325","Ec_N",111,39,39,"Ec",8,1,1,1,0,0,0.887289570804412
"6640","1325","Ec_N",111,40,40,"Ec",8,1,1,1,0,0,0.887289570804412
"6641","1325","Ec_N",111,41,41,"Ec",8,1,1,1,0,0,0.887289570804412
"6642","1325","Ec_N",111,42,42,"Ec",8,1,1,1,0,0,0.887289570804412
"6643","1325","Ec_N",111,43,43,"Ec",8,1,1,1,0,0,0.887289570804412
"6644","1325","Ec_N",111,44,44,"Ec",8,1,1,1,0,0,0.887289570804412
"6645","1325","Ec_N",111,45,45,"Ec",8,1,1,1,0,0,0.887289570804412
"6646","1325","Ec_N",111,46,46,"Ec",8,1,1,1,0,0,0.887289570804412
"6647","1325","Ec_N",111,47,47,"Ec",8,1,1,1,0,0,0.887289570804412
"6648","1325","Ec_N",111,48,48,"Ec",8,1,1,1,0,0,0.887289570804412
"6649","1325","Ec_N",111,49,49,"Ec",8,1,1,1,0,0,0.887289570804412
"6650","1325","Ec_N",111,50,50,"Ec",16,1,1,1,1,0,0.93631405476465
"6651","1325","Ec_N",111,51,51,"Ec",32,1,1,1,1,1,1
"6652","1325","Ec_N",111,52,52,"Ec",32,1,1,1,1,1,1
"6653","1325","Ec_N",111,53,53,"Ec",32,1,1,1,1,1,1
"6654","1325","Ec_N",111,54,54,"Ec",32,1,1,1,1,1,1
"6655","1325","Ec_N",111,55,55,"Ec",32,1,1,1,1,1,1
"6656","1325","Ec_N",111,56,56,"Ec",32,1,1,1,1,1,1
"6657","1325","Ec_N",111,57,57,"Ec",32,1,1,1,1,1,1
"6658","1325","Ec_N",111,58,58,"Ec",32,1,1,1,1,1,1
"6659","1325","Ec_N",111,59,59,"Ec",32,1,1,1,1,1,1
"6660","1325","Ec_N",111,60,60,"Ec",32,1,1,1,1,1,1
"6661","1325","Ec_N",112,1,1,"Ec",1,0,0,0,0,0,0
"6662","1325","Ec_N",112,2,2,"Ec",1,0,0,0,0,0,0
"6663","1325","Ec_N",112,3,3,"Ec",1,0,0,0,0,0,0
"6664","1325","Ec_N",112,4,4,"Ec",1,0,0,0,0,0,0
"6665","1325","Ec_N",112,5,5,"Ec",1,0,0,0,0,0,0
"6666","1325","Ec_N",112,6,6,"Ec",17,0,0,0,0,1,0.0636859452353503
"6667","1325","Ec_N",112,7,7,"Ec",17,0,0,0,0,1,0.0636859452353503
"6668","1325","Ec_N",112,8,8,"Ec",17,0,0,0,0,1,0.0636859452353503
"6669","1325","Ec_N",112,9,9,"Ec",17,0,0,0,0,1,0.0636859452353503
"6670","1325","Ec_N",112,10,10,"Ec",17,0,0,0,0,1,0.0636859452353503
"6671","1325","Ec_N",112,11,11,"Ec",17,0,0,0,0,1,0.0636859452353503
"6672","1325","Ec_N",112,12,12,"Ec",17,0,0,0,0,1,0.0636859452353503
"6673","1325","Ec_N",112,13,13,"Ec",17,0,0,0,0,1,0.0636859452353503
"6674","1325","Ec_N",112,14,14,"Ec",17,0,0,0,0,1,0.0636859452353503
"6675","1325","Ec_N",112,15,15,"Ec",17,0,0,0,0,1,0.0636859452353503
"6676","1325","Ec_N",112,16,16,"Ec",17,0,0,0,0,1,0.0636859452353503
"6677","1325","Ec_N",112,17,17,"Ec",17,0,0,0,0,1,0.0636859452353503
"6678","1325","Ec_N",112,18,18,"Ec",17,0,0,0,0,1,0.0636859452353503
"6679","1325","Ec_N",112,19,19,"Ec",21,0,0,1,0,1,0.223314973687545
"6680","1325","Ec_N",112,20,20,"Ec",21,0,0,1,0,1,0.223314973687545
"6681","1325","Ec_N",112,21,21,"Ec",21,0,0,1,0,1,0.223314973687545
"6682","1325","Ec_N",112,22,22,"Ec",21,0,0,1,0,1,0.223314973687545
"6683","1325","Ec_N",112,23,23,"Ec",21,0,0,1,0,1,0.223314973687545
"6684","1325","Ec_N",112,24,24,"Ec",21,0,0,1,0,1,0.223314973687545
"6685","1325","Ec_N",112,25,25,"Ec",21,0,0,1,0,1,0.223314973687545
"6686","1325","Ec_N",112,26,26,"Ec",21,0,0,1,0,1,0.223314973687545
"6687","1325","Ec_N",112,27,27,"Ec",21,0,0,1,0,1,0.223314973687545
"6688","1325","Ec_N",112,28,28,"Ec",21,0,0,1,0,1,0.223314973687545
"6689","1325","Ec_N",112,29,29,"Ec",23,0,1,1,0,1,0.57389469344254
"6690","1325","Ec_N",112,30,30,"Ec",23,0,1,1,0,1,0.57389469344254
"6691","1325","Ec_N",112,31,31,"Ec",24,1,1,1,0,1,0.872975948786018
"6692","1325","Ec_N",112,32,32,"Ec",24,1,1,1,0,1,0.872975948786018
"6693","1325","Ec_N",112,33,33,"Ec",32,1,1,1,1,1,1
"6694","1325","Ec_N",112,34,34,"Ec",32,1,1,1,1,1,1
"6695","1325","Ec_N",112,35,35,"Ec",32,1,1,1,1,1,1
"6696","1325","Ec_N",112,36,36,"Ec",32,1,1,1,1,1,1
"6697","1325","Ec_N",112,37,37,"Ec",32,1,1,1,1,1,1
"6698","1325","Ec_N",112,38,38,"Ec",32,1,1,1,1,1,1
"6699","1325","Ec_N",112,39,39,"Ec",32,1,1,1,1,1,1
"6700","1325","Ec_N",112,40,40,"Ec",32,1,1,1,1,1,1
"6701","1325","Ec_N",112,41,41,"Ec",32,1,1,1,1,1,1
"6702","1325","Ec_N",112,42,42,"Ec",32,1,1,1,1,1,1
"6703","1325","Ec_N",112,43,43,"Ec",32,1,1,1,1,1,1
"6704","1325","Ec_N",112,44,44,"Ec",32,1,1,1,1,1,1
"6705","1325","Ec_N",112,45,45,"Ec",32,1,1,1,1,1,1
"6706","1325","Ec_N",112,46,46,"Ec",32,1,1,1,1,1,1
"6707","1325","Ec_N",112,47,47,"Ec",32,1,1,1,1,1,1
"6708","1325","Ec_N",112,48,48,"Ec",32,1,1,1,1,1,1
"6709","1325","Ec_N",112,49,49,"Ec",32,1,1,1,1,1,1
"6710","1325","Ec_N",112,50,50,"Ec",32,1,1,1,1,1,1
"6711","1325","Ec_N",112,51,51,"Ec",32,1,1,1,1,1,1
"6712","1325","Ec_N",112,52,52,"Ec",32,1,1,1,1,1,1
"6713","1325","Ec_N",112,53,53,"Ec",32,1,1,1,1,1,1
"6714","1325","Ec_N",112,54,54,"Ec",32,1,1,1,1,1,1
"6715","1325","Ec_N",112,55,55,"Ec",32,1,1,1,1,1,1
"6716","1325","Ec_N",112,56,56,"Ec",32,1,1,1,1,1,1
"6717","1325","Ec_N",112,57,57,"Ec",32,1,1,1,1,1,1
"6718","1325","Ec_N",112,58,58,"Ec",32,1,1,1,1,1,1
"6719","1325","Ec_N",112,59,59,"Ec",32,1,1,1,1,1,1
"6720","1325","Ec_N",112,60,60,"Ec",32,1,1,1,1,1,1
"6721","1325","Ec_N",113,1,1,"Ec",1,0,0,0,0,0,0
"6722","1325","Ec_N",113,2,2,"Ec",1,0,0,0,0,0,0
"6723","1325","Ec_N",113,3,3,"Ec",1,0,0,0,0,0,0
"6724","1325","Ec_N",113,4,4,"Ec",1,0,0,0,0,0,0
"6725","1325","Ec_N",113,5,5,"Ec",3,0,1,0,0,0,0.420438296247818
"6726","1325","Ec_N",113,6,6,"Ec",3,0,1,0,0,0,0.420438296247818
"6727","1325","Ec_N",113,7,7,"Ec",3,0,1,0,0,0,0.420438296247818
"6728","1325","Ec_N",113,8,8,"Ec",3,0,1,0,0,0,0.420438296247818
"6729","1325","Ec_N",113,9,9,"Ec",3,0,1,0,0,0,0.420438296247818
"6730","1325","Ec_N",113,10,10,"Ec",3,0,1,0,0,0,0.420438296247818
"6731","1325","Ec_N",113,11,11,"Ec",19,0,1,0,0,1,0.484124241483168
"6732","1325","Ec_N",113,12,12,"Ec",27,0,1,0,1,1,0.533148725443406
"6733","1325","Ec_N",113,13,13,"Ec",27,0,1,0,1,1,0.533148725443406
"6734","1325","Ec_N",113,14,14,"Ec",27,0,1,0,1,1,0.533148725443406
"6735","1325","Ec_N",113,15,15,"Ec",27,0,1,0,1,1,0.533148725443406
"6736","1325","Ec_N",113,16,16,"Ec",27,0,1,0,1,1,0.533148725443406
"6737","1325","Ec_N",113,17,17,"Ec",27,0,1,0,1,1,0.533148725443406
"6738","1325","Ec_N",113,18,18,"Ec",28,1,1,0,1,1,0.815884725734249
"6739","1325","Ec_N",113,19,19,"Ec",28,1,1,0,1,1,0.815884725734249
"6740","1325","Ec_N",113,20,20,"Ec",28,1,1,0,1,1,0.815884725734249
"6741","1325","Ec_N",113,21,21,"Ec",28,1,1,0,1,1,0.815884725734249
"6742","1325","Ec_N",113,22,22,"Ec",28,1,1,0,1,1,0.815884725734249
"6743","1325","Ec_N",113,23,23,"Ec",28,1,1,0,1,1,0.815884725734249
"6744","1325","Ec_N",113,24,24,"Ec",28,1,1,0,1,1,0.815884725734249
"6745","1325","Ec_N",113,25,25,"Ec",28,1,1,0,1,1,0.815884725734249
"6746","1325","Ec_N",113,26,26,"Ec",28,1,1,0,1,1,0.815884725734249
"6747","1325","Ec_N",113,27,27,"Ec",28,1,1,0,1,1,0.815884725734249
"6748","1325","Ec_N",113,28,28,"Ec",28,1,1,0,1,1,0.815884725734249
"6749","1325","Ec_N",113,29,29,"Ec",28,1,1,0,1,1,0.815884725734249
"6750","1325","Ec_N",113,30,30,"Ec",28,1,1,0,1,1,0.815884725734249
"6751","1325","Ec_N",113,31,31,"Ec",28,1,1,0,1,1,0.815884725734249
"6752","1325","Ec_N",113,32,32,"Ec",28,1,1,0,1,1,0.815884725734249
"6753","1325","Ec_N",113,33,33,"Ec",28,1,1,0,1,1,0.815884725734249
"6754","1325","Ec_N",113,34,34,"Ec",28,1,1,0,1,1,0.815884725734249
"6755","1325","Ec_N",113,35,35,"Ec",28,1,1,0,1,1,0.815884725734249
"6756","1325","Ec_N",113,36,36,"Ec",28,1,1,0,1,1,0.815884725734249
"6757","1325","Ec_N",113,37,37,"Ec",28,1,1,0,1,1,0.815884725734249
"6758","1325","Ec_N",113,38,38,"Ec",28,1,1,0,1,1,0.815884725734249
"6759","1325","Ec_N",113,39,39,"Ec",28,1,1,0,1,1,0.815884725734249
"6760","1325","Ec_N",113,40,40,"Ec",28,1,1,0,1,1,0.815884725734249
"6761","1325","Ec_N",113,41,41,"Ec",28,1,1,0,1,1,0.815884725734249
"6762","1325","Ec_N",113,42,42,"Ec",28,1,1,0,1,1,0.815884725734249
"6763","1325","Ec_N",113,43,43,"Ec",28,1,1,0,1,1,0.815884725734249
"6764","1325","Ec_N",113,44,44,"Ec",28,1,1,0,1,1,0.815884725734249
"6765","1325","Ec_N",113,45,45,"Ec",28,1,1,0,1,1,0.815884725734249
"6766","1325","Ec_N",113,46,46,"Ec",28,1,1,0,1,1,0.815884725734249
"6767","1325","Ec_N",113,47,47,"Ec",28,1,1,0,1,1,0.815884725734249
"6768","1325","Ec_N",113,48,48,"Ec",28,1,1,0,1,1,0.815884725734249
"6769","1325","Ec_N",113,49,49,"Ec",28,1,1,0,1,1,0.815884725734249
"6770","1325","Ec_N",113,50,50,"Ec",28,1,1,0,1,1,0.815884725734249
"6771","1325","Ec_N",113,51,51,"Ec",28,1,1,0,1,1,0.815884725734249
"6772","1325","Ec_N",113,52,52,"Ec",28,1,1,0,1,1,0.815884725734249
"6773","1325","Ec_N",113,53,53,"Ec",28,1,1,0,1,1,0.815884725734249
"6774","1325","Ec_N",113,54,54,"Ec",28,1,1,0,1,1,0.815884725734249
"6775","1325","Ec_N",113,55,55,"Ec",28,1,1,0,1,1,0.815884725734249
"6776","1325","Ec_N",113,56,56,"Ec",28,1,1,0,1,1,0.815884725734249
"6777","1325","Ec_N",113,57,57,"Ec",28,1,1,0,1,1,0.815884725734249
"6778","1325","Ec_N",113,58,58,"Ec",28,1,1,0,1,1,0.815884725734249
"6779","1325","Ec_N",113,59,59,"Ec",28,1,1,0,1,1,0.815884725734249
"6780","1325","Ec_N",113,60,60,"Ec",28,1,1,0,1,1,0.815884725734249
"6781","1325","Ec_N",114,1,1,"Ec",1,0,0,0,0,0,0
"6782","1325","Ec_N",114,2,2,"Ec",1,0,0,0,0,0,0
"6783","1325","Ec_N",114,3,3,"Ec",2,1,0,0,0,0,0.3072222461044
"6784","1325","Ec_N",114,4,4,"Ec",2,1,0,0,0,0,0.3072222461044
"6785","1325","Ec_N",114,5,5,"Ec",2,1,0,0,0,0,0.3072222461044
"6786","1325","Ec_N",114,6,6,"Ec",4,1,1,0,0,0,0.727660542352217
"6787","1325","Ec_N",114,7,7,"Ec",4,1,1,0,0,0,0.727660542352217
"6788","1325","Ec_N",114,8,8,"Ec",4,1,1,0,0,0,0.727660542352217
"6789","1325","Ec_N",114,9,9,"Ec",4,1,1,0,0,0,0.727660542352217
"6790","1325","Ec_N",114,10,10,"Ec",4,1,1,0,0,0,0.727660542352217
"6791","1325","Ec_N",114,11,11,"Ec",4,1,1,0,0,0,0.727660542352217
"6792","1325","Ec_N",114,12,12,"Ec",4,1,1,0,0,0,0.727660542352217
"6793","1325","Ec_N",114,13,13,"Ec",4,1,1,0,0,0,0.727660542352217
"6794","1325","Ec_N",114,14,14,"Ec",4,1,1,0,0,0,0.727660542352217
"6795","1325","Ec_N",114,15,15,"Ec",4,1,1,0,0,0,0.727660542352217
"6796","1325","Ec_N",114,16,16,"Ec",4,1,1,0,0,0,0.727660542352217
"6797","1325","Ec_N",114,17,17,"Ec",4,1,1,0,0,0,0.727660542352217
"6798","1325","Ec_N",114,18,18,"Ec",8,1,1,1,0,0,0.887289570804412
"6799","1325","Ec_N",114,19,19,"Ec",8,1,1,1,0,0,0.887289570804412
"6800","1325","Ec_N",114,20,20,"Ec",8,1,1,1,0,0,0.887289570804412
"6801","1325","Ec_N",114,21,21,"Ec",8,1,1,1,0,0,0.887289570804412
"6802","1325","Ec_N",114,22,22,"Ec",8,1,1,1,0,0,0.887289570804412
"6803","1325","Ec_N",114,23,23,"Ec",8,1,1,1,0,0,0.887289570804412
"6804","1325","Ec_N",114,24,24,"Ec",8,1,1,1,0,0,0.887289570804412
"6805","1325","Ec_N",114,25,25,"Ec",8,1,1,1,0,0,0.887289570804412
"6806","1325","Ec_N",114,26,26,"Ec",8,1,1,1,0,0,0.887289570804412
"6807","1325","Ec_N",114,27,27,"Ec",8,1,1,1,0,0,0.887289570804412
"6808","1325","Ec_N",114,28,28,"Ec",8,1,1,1,0,0,0.887289570804412
"6809","1325","Ec_N",114,29,29,"Ec",8,1,1,1,0,0,0.887289570804412
"6810","1325","Ec_N",114,30,30,"Ec",8,1,1,1,0,0,0.887289570804412
"6811","1325","Ec_N",114,31,31,"Ec",8,1,1,1,0,0,0.887289570804412
"6812","1325","Ec_N",114,32,32,"Ec",16,1,1,1,1,0,0.93631405476465
"6813","1325","Ec_N",114,33,33,"Ec",16,1,1,1,1,0,0.93631405476465
"6814","1325","Ec_N",114,34,34,"Ec",16,1,1,1,1,0,0.93631405476465
"6815","1325","Ec_N",114,35,35,"Ec",16,1,1,1,1,0,0.93631405476465
"6816","1325","Ec_N",114,36,36,"Ec",16,1,1,1,1,0,0.93631405476465
"6817","1325","Ec_N",114,37,37,"Ec",16,1,1,1,1,0,0.93631405476465
"6818","1325","Ec_N",114,38,38,"Ec",16,1,1,1,1,0,0.93631405476465
"6819","1325","Ec_N",114,39,39,"Ec",16,1,1,1,1,0,0.93631405476465
"6820","1325","Ec_N",114,40,40,"Ec",16,1,1,1,1,0,0.93631405476465
"6821","1325","Ec_N",114,41,41,"Ec",16,1,1,1,1,0,0.93631405476465
"6822","1325","Ec_N",114,42,42,"Ec",16,1,1,1,1,0,0.93631405476465
"6823","1325","Ec_N",114,43,43,"Ec",16,1,1,1,1,0,0.93631405476465
"6824","1325","Ec_N",114,44,44,"Ec",16,1,1,1,1,0,0.93631405476465
"6825","1325","Ec_N",114,45,45,"Ec",16,1,1,1,1,0,0.93631405476465
"6826","1325","Ec_N",114,46,46,"Ec",16,1,1,1,1,0,0.93631405476465
"6827","1325","Ec_N",114,47,47,"Ec",16,1,1,1,1,0,0.93631405476465
"6828","1325","Ec_N",114,48,48,"Ec",16,1,1,1,1,0,0.93631405476465
"6829","1325","Ec_N",114,49,49,"Ec",16,1,1,1,1,0,0.93631405476465
"6830","1325","Ec_N",114,50,50,"Ec",16,1,1,1,1,0,0.93631405476465
"6831","1325","Ec_N",114,51,51,"Ec",16,1,1,1,1,0,0.93631405476465
"6832","1325","Ec_N",114,52,52,"Ec",16,1,1,1,1,0,0.93631405476465
"6833","1325","Ec_N",114,53,53,"Ec",16,1,1,1,1,0,0.93631405476465
"6834","1325","Ec_N",114,54,54,"Ec",16,1,1,1,1,0,0.93631405476465
"6835","1325","Ec_N",114,55,55,"Ec",16,1,1,1,1,0,0.93631405476465
"6836","1325","Ec_N",114,56,56,"Ec",16,1,1,1,1,0,0.93631405476465
"6837","1325","Ec_N",114,57,57,"Ec",16,1,1,1,1,0,0.93631405476465
"6838","1325","Ec_N",114,58,58,"Ec",16,1,1,1,1,0,0.93631405476465
"6839","1325","Ec_N",114,59,59,"Ec",16,1,1,1,1,0,0.93631405476465
"6840","1325","Ec_N",114,60,60,"Ec",16,1,1,1,1,0,0.93631405476465
"6841","1325","Ec_N",115,1,1,"Ec",1,0,0,0,0,0,0
"6842","1325","Ec_N",115,2,2,"Ec",1,0,0,0,0,0,0
"6843","1325","Ec_N",115,3,3,"Ec",1,0,0,0,0,0,0
"6844","1325","Ec_N",115,4,4,"Ec",1,0,0,0,0,0,0
"6845","1325","Ec_N",115,5,5,"Ec",17,0,0,0,0,1,0.0636859452353503
"6846","1325","Ec_N",115,6,6,"Ec",17,0,0,0,0,1,0.0636859452353503
"6847","1325","Ec_N",115,7,7,"Ec",17,0,0,0,0,1,0.0636859452353503
"6848","1325","Ec_N",115,8,8,"Ec",21,0,0,1,0,1,0.223314973687545
"6849","1325","Ec_N",115,9,9,"Ec",21,0,0,1,0,1,0.223314973687545
"6850","1325","Ec_N",115,10,10,"Ec",21,0,0,1,0,1,0.223314973687545
"6851","1325","Ec_N",115,11,11,"Ec",21,0,0,1,0,1,0.223314973687545
"6852","1325","Ec_N",115,12,12,"Ec",21,0,0,1,0,1,0.223314973687545
"6853","1325","Ec_N",115,13,13,"Ec",21,0,0,1,0,1,0.223314973687545
"6854","1325","Ec_N",115,14,14,"Ec",23,0,1,1,0,1,0.57389469344254
"6855","1325","Ec_N",115,15,15,"Ec",23,0,1,1,0,1,0.57389469344254
"6856","1325","Ec_N",115,16,16,"Ec",23,0,1,1,0,1,0.57389469344254
"6857","1325","Ec_N",115,17,17,"Ec",23,0,1,1,0,1,0.57389469344254
"6858","1325","Ec_N",115,18,18,"Ec",7,0,1,1,0,0,0.580067324700012
"6859","1325","Ec_N",115,19,19,"Ec",7,0,1,1,0,0,0.580067324700012
"6860","1325","Ec_N",115,20,20,"Ec",7,0,1,1,0,0,0.580067324700012
"6861","1325","Ec_N",115,21,21,"Ec",8,1,1,1,0,0,0.887289570804412
"6862","1325","Ec_N",115,22,22,"Ec",8,1,1,1,0,0,0.887289570804412
"6863","1325","Ec_N",115,23,23,"Ec",8,1,1,1,0,0,0.887289570804412
"6864","1325","Ec_N",115,24,24,"Ec",8,1,1,1,0,0,0.887289570804412
"6865","1325","Ec_N",115,25,25,"Ec",8,1,1,1,0,0,0.887289570804412
"6866","1325","Ec_N",115,26,26,"Ec",16,1,1,1,1,0,0.93631405476465
"6867","1325","Ec_N",115,27,27,"Ec",16,1,1,1,1,0,0.93631405476465
"6868","1325","Ec_N",115,28,28,"Ec",16,1,1,1,1,0,0.93631405476465
"6869","1325","Ec_N",115,29,29,"Ec",16,1,1,1,1,0,0.93631405476465
"6870","1325","Ec_N",115,30,30,"Ec",16,1,1,1,1,0,0.93631405476465
"6871","1325","Ec_N",115,31,31,"Ec",16,1,1,1,1,0,0.93631405476465
"6872","1325","Ec_N",115,32,32,"Ec",16,1,1,1,1,0,0.93631405476465
"6873","1325","Ec_N",115,33,33,"Ec",16,1,1,1,1,0,0.93631405476465
"6874","1325","Ec_N",115,34,34,"Ec",16,1,1,1,1,0,0.93631405476465
"6875","1325","Ec_N",115,35,35,"Ec",16,1,1,1,1,0,0.93631405476465
"6876","1325","Ec_N",115,36,36,"Ec",16,1,1,1,1,0,0.93631405476465
"6877","1325","Ec_N",115,37,37,"Ec",16,1,1,1,1,0,0.93631405476465
"6878","1325","Ec_N",115,38,38,"Ec",16,1,1,1,1,0,0.93631405476465
"6879","1325","Ec_N",115,39,39,"Ec",16,1,1,1,1,0,0.93631405476465
"6880","1325","Ec_N",115,40,40,"Ec",16,1,1,1,1,0,0.93631405476465
"6881","1325","Ec_N",115,41,41,"Ec",16,1,1,1,1,0,0.93631405476465
"6882","1325","Ec_N",115,42,42,"Ec",32,1,1,1,1,1,1
"6883","1325","Ec_N",115,43,43,"Ec",32,1,1,1,1,1,1
"6884","1325","Ec_N",115,44,44,"Ec",32,1,1,1,1,1,1
"6885","1325","Ec_N",115,45,45,"Ec",32,1,1,1,1,1,1
"6886","1325","Ec_N",115,46,46,"Ec",32,1,1,1,1,1,1
"6887","1325","Ec_N",115,47,47,"Ec",32,1,1,1,1,1,1
"6888","1325","Ec_N",115,48,48,"Ec",32,1,1,1,1,1,1
"6889","1325","Ec_N",115,49,49,"Ec",32,1,1,1,1,1,1
"6890","1325","Ec_N",115,50,50,"Ec",32,1,1,1,1,1,1
"6891","1325","Ec_N",115,51,51,"Ec",32,1,1,1,1,1,1
"6892","1325","Ec_N",115,52,52,"Ec",32,1,1,1,1,1,1
"6893","1325","Ec_N",115,53,53,"Ec",32,1,1,1,1,1,1
"6894","1325","Ec_N",115,54,54,"Ec",32,1,1,1,1,1,1
"6895","1325","Ec_N",115,55,55,"Ec",32,1,1,1,1,1,1
"6896","1325","Ec_N",115,56,56,"Ec",32,1,1,1,1,1,1
"6897","1325","Ec_N",115,57,57,"Ec",32,1,1,1,1,1,1
"6898","1325","Ec_N",115,58,58,"Ec",32,1,1,1,1,1,1
"6899","1325","Ec_N",115,59,59,"Ec",32,1,1,1,1,1,1
"6900","1325","Ec_N",115,60,60,"Ec",32,1,1,1,1,1,1
"6901","1325","Ec_N",116,1,1,"Ec",1,0,0,0,0,0,0
"6902","1325","Ec_N",116,2,2,"Ec",1,0,0,0,0,0,0
"6903","1325","Ec_N",116,3,3,"Ec",1,0,0,0,0,0,0
"6904","1325","Ec_N",116,4,4,"Ec",1,0,0,0,0,0,0
"6905","1325","Ec_N",116,5,5,"Ec",17,0,0,0,0,1,0.0636859452353503
"6906","1325","Ec_N",116,6,6,"Ec",17,0,0,0,0,1,0.0636859452353503
"6907","1325","Ec_N",116,7,7,"Ec",17,0,0,0,0,1,0.0636859452353503
"6908","1325","Ec_N",116,8,8,"Ec",17,0,0,0,0,1,0.0636859452353503
"6909","1325","Ec_N",116,9,9,"Ec",17,0,0,0,0,1,0.0636859452353503
"6910","1325","Ec_N",116,10,10,"Ec",17,0,0,0,0,1,0.0636859452353503
"6911","1325","Ec_N",116,11,11,"Ec",17,0,0,0,0,1,0.0636859452353503
"6912","1325","Ec_N",116,12,12,"Ec",17,0,0,0,0,1,0.0636859452353503
"6913","1325","Ec_N",116,13,13,"Ec",17,0,0,0,0,1,0.0636859452353503
"6914","1325","Ec_N",116,14,14,"Ec",17,0,0,0,0,1,0.0636859452353503
"6915","1325","Ec_N",116,15,15,"Ec",17,0,0,0,0,1,0.0636859452353503
"6916","1325","Ec_N",116,16,16,"Ec",17,0,0,0,0,1,0.0636859452353503
"6917","1325","Ec_N",116,17,17,"Ec",17,0,0,0,0,1,0.0636859452353503
"6918","1325","Ec_N",116,18,18,"Ec",17,0,0,0,0,1,0.0636859452353503
"6919","1325","Ec_N",116,19,19,"Ec",17,0,0,0,0,1,0.0636859452353503
"6920","1325","Ec_N",116,20,20,"Ec",17,0,0,0,0,1,0.0636859452353503
"6921","1325","Ec_N",116,21,21,"Ec",18,1,0,0,0,1,0.37090819133975
"6922","1325","Ec_N",116,22,22,"Ec",18,1,0,0,0,1,0.37090819133975
"6923","1325","Ec_N",116,23,23,"Ec",18,1,0,0,0,1,0.37090819133975
"6924","1325","Ec_N",116,24,24,"Ec",18,1,0,0,0,1,0.37090819133975
"6925","1325","Ec_N",116,25,25,"Ec",18,1,0,0,0,1,0.37090819133975
"6926","1325","Ec_N",116,26,26,"Ec",18,1,0,0,0,1,0.37090819133975
"6927","1325","Ec_N",116,27,27,"Ec",18,1,0,0,0,1,0.37090819133975
"6928","1325","Ec_N",116,28,28,"Ec",18,1,0,0,0,1,0.37090819133975
"6929","1325","Ec_N",116,29,29,"Ec",18,1,0,0,0,1,0.37090819133975
"6930","1325","Ec_N",116,30,30,"Ec",18,1,0,0,0,1,0.37090819133975
"6931","1325","Ec_N",116,31,31,"Ec",18,1,0,0,0,1,0.37090819133975
"6932","1325","Ec_N",116,32,32,"Ec",18,1,0,0,0,1,0.37090819133975
"6933","1325","Ec_N",116,33,33,"Ec",18,1,0,0,0,1,0.37090819133975
"6934","1325","Ec_N",116,34,34,"Ec",18,1,0,0,0,1,0.37090819133975
"6935","1325","Ec_N",116,35,35,"Ec",18,1,0,0,0,1,0.37090819133975
"6936","1325","Ec_N",116,36,36,"Ec",18,1,0,0,0,1,0.37090819133975
"6937","1325","Ec_N",116,37,37,"Ec",20,1,1,0,0,1,0.791346487587567
"6938","1325","Ec_N",116,38,38,"Ec",20,1,1,0,0,1,0.791346487587567
"6939","1325","Ec_N",116,39,39,"Ec",20,1,1,0,0,1,0.791346487587567
"6940","1325","Ec_N",116,40,40,"Ec",20,1,1,0,0,1,0.791346487587567
"6941","1325","Ec_N",116,41,41,"Ec",20,1,1,0,0,1,0.791346487587567
"6942","1325","Ec_N",116,42,42,"Ec",20,1,1,0,0,1,0.791346487587567
"6943","1325","Ec_N",116,43,43,"Ec",20,1,1,0,0,1,0.791346487587567
"6944","1325","Ec_N",116,44,44,"Ec",20,1,1,0,0,1,0.791346487587567
"6945","1325","Ec_N",116,45,45,"Ec",20,1,1,0,0,1,0.791346487587567
"6946","1325","Ec_N",116,46,46,"Ec",28,1,1,0,1,1,0.815884725734249
"6947","1325","Ec_N",116,47,47,"Ec",28,1,1,0,1,1,0.815884725734249
"6948","1325","Ec_N",116,48,48,"Ec",28,1,1,0,1,1,0.815884725734249
"6949","1325","Ec_N",116,49,49,"Ec",28,1,1,0,1,1,0.815884725734249
"6950","1325","Ec_N",116,50,50,"Ec",28,1,1,0,1,1,0.815884725734249
"6951","1325","Ec_N",116,51,51,"Ec",28,1,1,0,1,1,0.815884725734249
"6952","1325","Ec_N",116,52,52,"Ec",28,1,1,0,1,1,0.815884725734249
"6953","1325","Ec_N",116,53,53,"Ec",28,1,1,0,1,1,0.815884725734249
"6954","1325","Ec_N",116,54,54,"Ec",28,1,1,0,1,1,0.815884725734249
"6955","1325","Ec_N",116,55,55,"Ec",28,1,1,0,1,1,0.815884725734249
"6956","1325","Ec_N",116,56,56,"Ec",28,1,1,0,1,1,0.815884725734249
"6957","1325","Ec_N",116,57,57,"Ec",28,1,1,0,1,1,0.815884725734249
"6958","1325","Ec_N",116,58,58,"Ec",28,1,1,0,1,1,0.815884725734249
"6959","1325","Ec_N",116,59,59,"Ec",28,1,1,0,1,1,0.815884725734249
"6960","1325","Ec_N",116,60,60,"Ec",28,1,1,0,1,1,0.815884725734249
"6961","1325","Ec_N",117,1,1,"Ec",1,0,0,0,0,0,0
"6962","1325","Ec_N",117,2,2,"Ec",1,0,0,0,0,0,0
"6963","1325","Ec_N",117,3,3,"Ec",1,0,0,0,0,0,0
"6964","1325","Ec_N",117,4,4,"Ec",1,0,0,0,0,0,0
"6965","1325","Ec_N",117,5,5,"Ec",5,0,0,1,0,0,0.159629028452195
"6966","1325","Ec_N",117,6,6,"Ec",5,0,0,1,0,0,0.159629028452195
"6967","1325","Ec_N",117,7,7,"Ec",5,0,0,1,0,0,0.159629028452195
"6968","1325","Ec_N",117,8,8,"Ec",5,0,0,1,0,0,0.159629028452195
"6969","1325","Ec_N",117,9,9,"Ec",5,0,0,1,0,0,0.159629028452195
"6970","1325","Ec_N",117,10,10,"Ec",5,0,0,1,0,0,0.159629028452195
"6971","1325","Ec_N",117,11,11,"Ec",5,0,0,1,0,0,0.159629028452195
"6972","1325","Ec_N",117,12,12,"Ec",5,0,0,1,0,0,0.159629028452195
"6973","1325","Ec_N",117,13,13,"Ec",7,0,1,1,0,0,0.580067324700012
"6974","1325","Ec_N",117,14,14,"Ec",7,0,1,1,0,0,0.580067324700012
"6975","1325","Ec_N",117,15,15,"Ec",7,0,1,1,0,0,0.580067324700012
"6976","1325","Ec_N",117,16,16,"Ec",7,0,1,1,0,0,0.580067324700012
"6977","1325","Ec_N",117,17,17,"Ec",7,0,1,1,0,0,0.580067324700012
"6978","1325","Ec_N",117,18,18,"Ec",7,0,1,1,0,0,0.580067324700012
"6979","1325","Ec_N",117,19,19,"Ec",7,0,1,1,0,0,0.580067324700012
"6980","1325","Ec_N",117,20,20,"Ec",7,0,1,1,0,0,0.580067324700012
"6981","1325","Ec_N",117,21,21,"Ec",7,0,1,1,0,0,0.580067324700012
"6982","1325","Ec_N",117,22,22,"Ec",7,0,1,1,0,0,0.580067324700012
"6983","1325","Ec_N",117,23,23,"Ec",7,0,1,1,0,0,0.580067324700012
"6984","1325","Ec_N",117,24,24,"Ec",7,0,1,1,0,0,0.580067324700012
"6985","1325","Ec_N",117,25,25,"Ec",7,0,1,1,0,0,0.580067324700012
"6986","1325","Ec_N",117,26,26,"Ec",7,0,1,1,0,0,0.580067324700012
"6987","1325","Ec_N",117,27,27,"Ec",7,0,1,1,0,0,0.580067324700012
"6988","1325","Ec_N",117,28,28,"Ec",7,0,1,1,0,0,0.580067324700012
"6989","1325","Ec_N",117,29,29,"Ec",7,0,1,1,0,0,0.580067324700012
"6990","1325","Ec_N",117,30,30,"Ec",7,0,1,1,0,0,0.580067324700012
"6991","1325","Ec_N",117,31,31,"Ec",7,0,1,1,0,0,0.580067324700012
"6992","1325","Ec_N",117,32,32,"Ec",7,0,1,1,0,0,0.580067324700012
"6993","1325","Ec_N",117,33,33,"Ec",7,0,1,1,0,0,0.580067324700012
"6994","1325","Ec_N",117,34,34,"Ec",7,0,1,1,0,0,0.580067324700012
"6995","1325","Ec_N",117,35,35,"Ec",7,0,1,1,0,0,0.580067324700012
"6996","1325","Ec_N",117,36,36,"Ec",7,0,1,1,0,0,0.580067324700012
"6997","1325","Ec_N",117,37,37,"Ec",7,0,1,1,0,0,0.580067324700012
"6998","1325","Ec_N",117,38,38,"Ec",7,0,1,1,0,0,0.580067324700012
"6999","1325","Ec_N",117,39,39,"Ec",15,0,1,1,1,0,0.62909180866025
"7000","1325","Ec_N",117,40,40,"Ec",15,0,1,1,1,0,0.62909180866025
"7001","1325","Ec_N",117,41,41,"Ec",15,0,1,1,1,0,0.62909180866025
"7002","1325","Ec_N",117,42,42,"Ec",16,1,1,1,1,0,0.93631405476465
"7003","1325","Ec_N",117,43,43,"Ec",16,1,1,1,1,0,0.93631405476465
"7004","1325","Ec_N",117,44,44,"Ec",16,1,1,1,1,0,0.93631405476465
"7005","1325","Ec_N",117,45,45,"Ec",16,1,1,1,1,0,0.93631405476465
"7006","1325","Ec_N",117,46,46,"Ec",16,1,1,1,1,0,0.93631405476465
"7007","1325","Ec_N",117,47,47,"Ec",16,1,1,1,1,0,0.93631405476465
"7008","1325","Ec_N",117,48,48,"Ec",16,1,1,1,1,0,0.93631405476465
"7009","1325","Ec_N",117,49,49,"Ec",16,1,1,1,1,0,0.93631405476465
"7010","1325","Ec_N",117,50,50,"Ec",16,1,1,1,1,0,0.93631405476465
"7011","1325","Ec_N",117,51,51,"Ec",16,1,1,1,1,0,0.93631405476465
"7012","1325","Ec_N",117,52,52,"Ec",16,1,1,1,1,0,0.93631405476465
"7013","1325","Ec_N",117,53,53,"Ec",16,1,1,1,1,0,0.93631405476465
"7014","1325","Ec_N",117,54,54,"Ec",16,1,1,1,1,0,0.93631405476465
"7015","1325","Ec_N",117,55,55,"Ec",16,1,1,1,1,0,0.93631405476465
"7016","1325","Ec_N",117,56,56,"Ec",16,1,1,1,1,0,0.93631405476465
"7017","1325","Ec_N",117,57,57,"Ec",16,1,1,1,1,0,0.93631405476465
"7018","1325","Ec_N",117,58,58,"Ec",16,1,1,1,1,0,0.93631405476465
"7019","1325","Ec_N",117,59,59,"Ec",16,1,1,1,1,0,0.93631405476465
"7020","1325","Ec_N",117,60,60,"Ec",16,1,1,1,1,0,0.93631405476465
"7021","1325","Ec_N",118,1,1,"Ec",1,0,0,0,0,0,0
"7022","1325","Ec_N",118,2,2,"Ec",1,0,0,0,0,0,0
"7023","1325","Ec_N",118,3,3,"Ec",1,0,0,0,0,0,0
"7024","1325","Ec_N",118,4,4,"Ec",1,0,0,0,0,0,0
"7025","1325","Ec_N",118,5,5,"Ec",1,0,0,0,0,0,0
"7026","1325","Ec_N",118,6,6,"Ec",3,0,1,0,0,0,0.420438296247818
"7027","1325","Ec_N",118,7,7,"Ec",3,0,1,0,0,0,0.420438296247818
"7028","1325","Ec_N",118,8,8,"Ec",3,0,1,0,0,0,0.420438296247818
"7029","1325","Ec_N",118,9,9,"Ec",3,0,1,0,0,0,0.420438296247818
"7030","1325","Ec_N",118,10,10,"Ec",3,0,1,0,0,0,0.420438296247818
"7031","1325","Ec_N",118,11,11,"Ec",3,0,1,0,0,0,0.420438296247818
"7032","1325","Ec_N",118,12,12,"Ec",3,0,1,0,0,0,0.420438296247818
"7033","1325","Ec_N",118,13,13,"Ec",11,0,1,0,1,0,0.503461616060769
"7034","1325","Ec_N",118,14,14,"Ec",15,0,1,1,1,0,0.62909180866025
"7035","1325","Ec_N",118,15,15,"Ec",15,0,1,1,1,0,0.62909180866025
"7036","1325","Ec_N",118,16,16,"Ec",15,0,1,1,1,0,0.62909180866025
"7037","1325","Ec_N",118,17,17,"Ec",15,0,1,1,1,0,0.62909180866025
"7038","1325","Ec_N",118,18,18,"Ec",15,0,1,1,1,0,0.62909180866025
"7039","1325","Ec_N",118,19,19,"Ec",15,0,1,1,1,0,0.62909180866025
"7040","1325","Ec_N",118,20,20,"Ec",15,0,1,1,1,0,0.62909180866025
"7041","1325","Ec_N",118,21,21,"Ec",15,0,1,1,1,0,0.62909180866025
"7042","1325","Ec_N",118,22,22,"Ec",16,1,1,1,1,0,0.93631405476465
"7043","1325","Ec_N",118,23,23,"Ec",16,1,1,1,1,0,0.93631405476465
"7044","1325","Ec_N",118,24,24,"Ec",16,1,1,1,1,0,0.93631405476465
"7045","1325","Ec_N",118,25,25,"Ec",16,1,1,1,1,0,0.93631405476465
"7046","1325","Ec_N",118,26,26,"Ec",16,1,1,1,1,0,0.93631405476465
"7047","1325","Ec_N",118,27,27,"Ec",16,1,1,1,1,0,0.93631405476465
"7048","1325","Ec_N",118,28,28,"Ec",16,1,1,1,1,0,0.93631405476465
"7049","1325","Ec_N",118,29,29,"Ec",16,1,1,1,1,0,0.93631405476465
"7050","1325","Ec_N",118,30,30,"Ec",16,1,1,1,1,0,0.93631405476465
"7051","1325","Ec_N",118,31,31,"Ec",16,1,1,1,1,0,0.93631405476465
"7052","1325","Ec_N",118,32,32,"Ec",16,1,1,1,1,0,0.93631405476465
"7053","1325","Ec_N",118,33,33,"Ec",16,1,1,1,1,0,0.93631405476465
"7054","1325","Ec_N",118,34,34,"Ec",16,1,1,1,1,0,0.93631405476465
"7055","1325","Ec_N",118,35,35,"Ec",16,1,1,1,1,0,0.93631405476465
"7056","1325","Ec_N",118,36,36,"Ec",16,1,1,1,1,0,0.93631405476465
"7057","1325","Ec_N",118,37,37,"Ec",16,1,1,1,1,0,0.93631405476465
"7058","1325","Ec_N",118,38,38,"Ec",16,1,1,1,1,0,0.93631405476465
"7059","1325","Ec_N",118,39,39,"Ec",16,1,1,1,1,0,0.93631405476465
"7060","1325","Ec_N",118,40,40,"Ec",16,1,1,1,1,0,0.93631405476465
"7061","1325","Ec_N",118,41,41,"Ec",16,1,1,1,1,0,0.93631405476465
"7062","1325","Ec_N",118,42,42,"Ec",16,1,1,1,1,0,0.93631405476465
"7063","1325","Ec_N",118,43,43,"Ec",16,1,1,1,1,0,0.93631405476465
"7064","1325","Ec_N",118,44,44,"Ec",16,1,1,1,1,0,0.93631405476465
"7065","1325","Ec_N",118,45,45,"Ec",16,1,1,1,1,0,0.93631405476465
"7066","1325","Ec_N",118,46,46,"Ec",16,1,1,1,1,0,0.93631405476465
"7067","1325","Ec_N",118,47,47,"Ec",16,1,1,1,1,0,0.93631405476465
"7068","1325","Ec_N",118,48,48,"Ec",16,1,1,1,1,0,0.93631405476465
"7069","1325","Ec_N",118,49,49,"Ec",16,1,1,1,1,0,0.93631405476465
"7070","1325","Ec_N",118,50,50,"Ec",16,1,1,1,1,0,0.93631405476465
"7071","1325","Ec_N",118,51,51,"Ec",16,1,1,1,1,0,0.93631405476465
"7072","1325","Ec_N",118,52,52,"Ec",16,1,1,1,1,0,0.93631405476465
"7073","1325","Ec_N",118,53,53,"Ec",16,1,1,1,1,0,0.93631405476465
"7074","1325","Ec_N",118,54,54,"Ec",16,1,1,1,1,0,0.93631405476465
"7075","1325","Ec_N",118,55,55,"Ec",16,1,1,1,1,0,0.93631405476465
"7076","1325","Ec_N",118,56,56,"Ec",16,1,1,1,1,0,0.93631405476465
"7077","1325","Ec_N",118,57,57,"Ec",16,1,1,1,1,0,0.93631405476465
"7078","1325","Ec_N",118,58,58,"Ec",16,1,1,1,1,0,0.93631405476465
"7079","1325","Ec_N",118,59,59,"Ec",16,1,1,1,1,0,0.93631405476465
"7080","1325","Ec_N",118,60,60,"Ec",16,1,1,1,1,0,0.93631405476465
"7081","1325","Ec_N",119,1,1,"Ec",1,0,0,0,0,0,0
"7082","1325","Ec_N",119,2,2,"Ec",1,0,0,0,0,0,0
"7083","1325","Ec_N",119,3,3,"Ec",1,0,0,0,0,0,0
"7084","1325","Ec_N",119,4,4,"Ec",1,0,0,0,0,0,0
"7085","1325","Ec_N",119,5,5,"Ec",1,0,0,0,0,0,0
"7086","1325","Ec_N",119,6,6,"Ec",2,1,0,0,0,0,0.3072222461044
"7087","1325","Ec_N",119,7,7,"Ec",4,1,1,0,0,0,0.727660542352217
"7088","1325","Ec_N",119,8,8,"Ec",4,1,1,0,0,0,0.727660542352217
"7089","1325","Ec_N",119,9,9,"Ec",4,1,1,0,0,0,0.727660542352217
"7090","1325","Ec_N",119,10,10,"Ec",4,1,1,0,0,0,0.727660542352217
"7091","1325","Ec_N",119,11,11,"Ec",4,1,1,0,0,0,0.727660542352217
"7092","1325","Ec_N",119,12,12,"Ec",4,1,1,0,0,0,0.727660542352217
"7093","1325","Ec_N",119,13,13,"Ec",20,1,1,0,0,1,0.791346487587567
"7094","1325","Ec_N",119,14,14,"Ec",20,1,1,0,0,1,0.791346487587567
"7095","1325","Ec_N",119,15,15,"Ec",20,1,1,0,0,1,0.791346487587567
"7096","1325","Ec_N",119,16,16,"Ec",20,1,1,0,0,1,0.791346487587567
"7097","1325","Ec_N",119,17,17,"Ec",20,1,1,0,0,1,0.791346487587567
"7098","1325","Ec_N",119,18,18,"Ec",20,1,1,0,0,1,0.791346487587567
"7099","1325","Ec_N",119,19,19,"Ec",20,1,1,0,0,1,0.791346487587567
"7100","1325","Ec_N",119,20,20,"Ec",20,1,1,0,0,1,0.791346487587567
"7101","1325","Ec_N",119,21,21,"Ec",20,1,1,0,0,1,0.791346487587567
"7102","1325","Ec_N",119,22,22,"Ec",20,1,1,0,0,1,0.791346487587567
"7103","1325","Ec_N",119,23,23,"Ec",20,1,1,0,0,1,0.791346487587567
"7104","1325","Ec_N",119,24,24,"Ec",20,1,1,0,0,1,0.791346487587567
"7105","1325","Ec_N",119,25,25,"Ec",20,1,1,0,0,1,0.791346487587567
"7106","1325","Ec_N",119,26,26,"Ec",20,1,1,0,0,1,0.791346487587567
"7107","1325","Ec_N",119,27,27,"Ec",20,1,1,0,0,1,0.791346487587567
"7108","1325","Ec_N",119,28,28,"Ec",20,1,1,0,0,1,0.791346487587567
"7109","1325","Ec_N",119,29,29,"Ec",20,1,1,0,0,1,0.791346487587567
"7110","1325","Ec_N",119,30,30,"Ec",20,1,1,0,0,1,0.791346487587567
"7111","1325","Ec_N",119,31,31,"Ec",20,1,1,0,0,1,0.791346487587567
"7112","1325","Ec_N",119,32,32,"Ec",20,1,1,0,0,1,0.791346487587567
"7113","1325","Ec_N",119,33,33,"Ec",20,1,1,0,0,1,0.791346487587567
"7114","1325","Ec_N",119,34,34,"Ec",20,1,1,0,0,1,0.791346487587567
"7115","1325","Ec_N",119,35,35,"Ec",20,1,1,0,0,1,0.791346487587567
"7116","1325","Ec_N",119,36,36,"Ec",20,1,1,0,0,1,0.791346487587567
"7117","1325","Ec_N",119,37,37,"Ec",28,1,1,0,1,1,0.815884725734249
"7118","1325","Ec_N",119,38,38,"Ec",28,1,1,0,1,1,0.815884725734249
"7119","1325","Ec_N",119,39,39,"Ec",28,1,1,0,1,1,0.815884725734249
"7120","1325","Ec_N",119,40,40,"Ec",28,1,1,0,1,1,0.815884725734249
"7121","1325","Ec_N",119,41,41,"Ec",28,1,1,0,1,1,0.815884725734249
"7122","1325","Ec_N",119,42,42,"Ec",28,1,1,0,1,1,0.815884725734249
"7123","1325","Ec_N",119,43,43,"Ec",28,1,1,0,1,1,0.815884725734249
"7124","1325","Ec_N",119,44,44,"Ec",28,1,1,0,1,1,0.815884725734249
"7125","1325","Ec_N",119,45,45,"Ec",28,1,1,0,1,1,0.815884725734249
"7126","1325","Ec_N",119,46,46,"Ec",28,1,1,0,1,1,0.815884725734249
"7127","1325","Ec_N",119,47,47,"Ec",28,1,1,0,1,1,0.815884725734249
"7128","1325","Ec_N",119,48,48,"Ec",28,1,1,0,1,1,0.815884725734249
"7129","1325","Ec_N",119,49,49,"Ec",28,1,1,0,1,1,0.815884725734249
"7130","1325","Ec_N",119,50,50,"Ec",28,1,1,0,1,1,0.815884725734249
"7131","1325","Ec_N",119,51,51,"Ec",28,1,1,0,1,1,0.815884725734249
"7132","1325","Ec_N",119,52,52,"Ec",28,1,1,0,1,1,0.815884725734249
"7133","1325","Ec_N",119,53,53,"Ec",28,1,1,0,1,1,0.815884725734249
"7134","1325","Ec_N",119,54,54,"Ec",28,1,1,0,1,1,0.815884725734249
"7135","1325","Ec_N",119,55,55,"Ec",28,1,1,0,1,1,0.815884725734249
"7136","1325","Ec_N",119,56,56,"Ec",28,1,1,0,1,1,0.815884725734249
"7137","1325","Ec_N",119,57,57,"Ec",28,1,1,0,1,1,0.815884725734249
"7138","1325","Ec_N",119,58,58,"Ec",28,1,1,0,1,1,0.815884725734249
"7139","1325","Ec_N",119,59,59,"Ec",28,1,1,0,1,1,0.815884725734249
"7140","1325","Ec_N",119,60,60,"Ec",28,1,1,0,1,1,0.815884725734249
"7141","1325","Ec_N",120,1,1,"Ec",1,0,0,0,0,0,0
"7142","1325","Ec_N",120,2,2,"Ec",1,0,0,0,0,0,0
"7143","1325","Ec_N",120,3,3,"Ec",1,0,0,0,0,0,0
"7144","1325","Ec_N",120,4,4,"Ec",1,0,0,0,0,0,0
"7145","1325","Ec_N",120,5,5,"Ec",1,0,0,0,0,0,0
"7146","1325","Ec_N",120,6,6,"Ec",1,0,0,0,0,0,0
"7147","1325","Ec_N",120,7,7,"Ec",1,0,0,0,0,0,0
"7148","1325","Ec_N",120,8,8,"Ec",1,0,0,0,0,0,0
"7149","1325","Ec_N",120,9,9,"Ec",2,1,0,0,0,0,0.3072222461044
"7150","1325","Ec_N",120,10,10,"Ec",2,1,0,0,0,0,0.3072222461044
"7151","1325","Ec_N",120,11,11,"Ec",10,1,0,0,1,0,0.356246730064637
"7152","1325","Ec_N",120,12,12,"Ec",26,1,0,0,1,1,0.419932675299988
"7153","1325","Ec_N",120,13,13,"Ec",26,1,0,0,1,1,0.419932675299988
"7154","1325","Ec_N",120,14,14,"Ec",26,1,0,0,1,1,0.419932675299988
"7155","1325","Ec_N",120,15,15,"Ec",26,1,0,0,1,1,0.419932675299988
"7156","1325","Ec_N",120,16,16,"Ec",26,1,0,0,1,1,0.419932675299988
"7157","1325","Ec_N",120,17,17,"Ec",26,1,0,0,1,1,0.419932675299988
"7158","1325","Ec_N",120,18,18,"Ec",28,1,1,0,1,1,0.815884725734249
"7159","1325","Ec_N",120,19,19,"Ec",28,1,1,0,1,1,0.815884725734249
"7160","1325","Ec_N",120,20,20,"Ec",28,1,1,0,1,1,0.815884725734249
"7161","1325","Ec_N",120,21,21,"Ec",28,1,1,0,1,1,0.815884725734249
"7162","1325","Ec_N",120,22,22,"Ec",28,1,1,0,1,1,0.815884725734249
"7163","1325","Ec_N",120,23,23,"Ec",28,1,1,0,1,1,0.815884725734249
"7164","1325","Ec_N",120,24,24,"Ec",28,1,1,0,1,1,0.815884725734249
"7165","1325","Ec_N",120,25,25,"Ec",28,1,1,0,1,1,0.815884725734249
"7166","1325","Ec_N",120,26,26,"Ec",28,1,1,0,1,1,0.815884725734249
"7167","1325","Ec_N",120,27,27,"Ec",28,1,1,0,1,1,0.815884725734249
"7168","1325","Ec_N",120,28,28,"Ec",28,1,1,0,1,1,0.815884725734249
"7169","1325","Ec_N",120,29,29,"Ec",28,1,1,0,1,1,0.815884725734249
"7170","1325","Ec_N",120,30,30,"Ec",28,1,1,0,1,1,0.815884725734249
"7171","1325","Ec_N",120,31,31,"Ec",28,1,1,0,1,1,0.815884725734249
"7172","1325","Ec_N",120,32,32,"Ec",28,1,1,0,1,1,0.815884725734249
"7173","1325","Ec_N",120,33,33,"Ec",28,1,1,0,1,1,0.815884725734249
"7174","1325","Ec_N",120,34,34,"Ec",32,1,1,1,1,1,1
"7175","1325","Ec_N",120,35,35,"Ec",32,1,1,1,1,1,1
"7176","1325","Ec_N",120,36,36,"Ec",32,1,1,1,1,1,1
"7177","1325","Ec_N",120,37,37,"Ec",32,1,1,1,1,1,1
"7178","1325","Ec_N",120,38,38,"Ec",32,1,1,1,1,1,1
"7179","1325","Ec_N",120,39,39,"Ec",32,1,1,1,1,1,1
"7180","1325","Ec_N",120,40,40,"Ec",32,1,1,1,1,1,1
"7181","1325","Ec_N",120,41,41,"Ec",32,1,1,1,1,1,1
"7182","1325","Ec_N",120,42,42,"Ec",32,1,1,1,1,1,1
"7183","1325","Ec_N",120,43,43,"Ec",32,1,1,1,1,1,1
"7184","1325","Ec_N",120,44,44,"Ec",32,1,1,1,1,1,1
"7185","1325","Ec_N",120,45,45,"Ec",32,1,1,1,1,1,1
"7186","1325","Ec_N",120,46,46,"Ec",32,1,1,1,1,1,1
"7187","1325","Ec_N",120,47,47,"Ec",32,1,1,1,1,1,1
"7188","1325","Ec_N",120,48,48,"Ec",32,1,1,1,1,1,1
"7189","1325","Ec_N",120,49,49,"Ec",32,1,1,1,1,1,1
"7190","1325","Ec_N",120,50,50,"Ec",32,1,1,1,1,1,1
"7191","1325","Ec_N",120,51,51,"Ec",32,1,1,1,1,1,1
"7192","1325","Ec_N",120,52,52,"Ec",32,1,1,1,1,1,1
"7193","1325","Ec_N",120,53,53,"Ec",32,1,1,1,1,1,1
"7194","1325","Ec_N",120,54,54,"Ec",32,1,1,1,1,1,1
"7195","1325","Ec_N",120,55,55,"Ec",32,1,1,1,1,1,1
"7196","1325","Ec_N",120,56,56,"Ec",32,1,1,1,1,1,1
"7197","1325","Ec_N",120,57,57,"Ec",32,1,1,1,1,1,1
"7198","1325","Ec_N",120,58,58,"Ec",32,1,1,1,1,1,1
"7199","1325","Ec_N",120,59,59,"Ec",32,1,1,1,1,1,1
"7200","1325","Ec_N",120,60,60,"Ec",32,1,1,1,1,1,1
"7201","1325","Ec_N",121,1,1,"Ec",1,0,0,0,0,0,0
"7202","1325","Ec_N",121,2,2,"Ec",1,0,0,0,0,0,0
"7203","1325","Ec_N",121,3,3,"Ec",1,0,0,0,0,0,0
"7204","1325","Ec_N",121,4,4,"Ec",1,0,0,0,0,0,0
"7205","1325","Ec_N",121,5,5,"Ec",1,0,0,0,0,0,0
"7206","1325","Ec_N",121,6,6,"Ec",1,0,0,0,0,0,0
"7207","1325","Ec_N",121,7,7,"Ec",1,0,0,0,0,0,0
"7208","1325","Ec_N",121,8,8,"Ec",1,0,0,0,0,0,0
"7209","1325","Ec_N",121,9,9,"Ec",1,0,0,0,0,0,0
"7210","1325","Ec_N",121,10,10,"Ec",1,0,0,0,0,0,0
"7211","1325","Ec_N",121,11,11,"Ec",1,0,0,0,0,0,0
"7212","1325","Ec_N",121,12,12,"Ec",1,0,0,0,0,0,0
"7213","1325","Ec_N",121,13,13,"Ec",1,0,0,0,0,0,0
"7214","1325","Ec_N",121,14,14,"Ec",2,1,0,0,0,0,0.3072222461044
"7215","1325","Ec_N",121,15,15,"Ec",2,1,0,0,0,0,0.3072222461044
"7216","1325","Ec_N",121,16,16,"Ec",2,1,0,0,0,0,0.3072222461044
"7217","1325","Ec_N",121,17,17,"Ec",2,1,0,0,0,0,0.3072222461044
"7218","1325","Ec_N",121,18,18,"Ec",4,1,1,0,0,0,0.727660542352217
"7219","1325","Ec_N",121,19,19,"Ec",12,1,1,0,1,0,0.776685026312455
"7220","1325","Ec_N",121,20,20,"Ec",12,1,1,0,1,0,0.776685026312455
"7221","1325","Ec_N",121,21,21,"Ec",12,1,1,0,1,0,0.776685026312455
"7222","1325","Ec_N",121,22,22,"Ec",12,1,1,0,1,0,0.776685026312455
"7223","1325","Ec_N",121,23,23,"Ec",12,1,1,0,1,0,0.776685026312455
"7224","1325","Ec_N",121,24,24,"Ec",12,1,1,0,1,0,0.776685026312455
"7225","1325","Ec_N",121,25,25,"Ec",12,1,1,0,1,0,0.776685026312455
"7226","1325","Ec_N",121,26,26,"Ec",12,1,1,0,1,0,0.776685026312455
"7227","1325","Ec_N",121,27,27,"Ec",28,1,1,0,1,1,0.815884725734249
"7228","1325","Ec_N",121,28,28,"Ec",32,1,1,1,1,1,1
"7229","1325","Ec_N",121,29,29,"Ec",32,1,1,1,1,1,1
"7230","1325","Ec_N",121,30,30,"Ec",32,1,1,1,1,1,1
"7231","1325","Ec_N",121,31,31,"Ec",32,1,1,1,1,1,1
"7232","1325","Ec_N",121,32,32,"Ec",32,1,1,1,1,1,1
"7233","1325","Ec_N",121,33,33,"Ec",32,1,1,1,1,1,1
"7234","1325","Ec_N",121,34,34,"Ec",32,1,1,1,1,1,1
"7235","1325","Ec_N",121,35,35,"Ec",32,1,1,1,1,1,1
"7236","1325","Ec_N",121,36,36,"Ec",32,1,1,1,1,1,1
"7237","1325","Ec_N",121,37,37,"Ec",32,1,1,1,1,1,1
"7238","1325","Ec_N",121,38,38,"Ec",32,1,1,1,1,1,1
"7239","1325","Ec_N",121,39,39,"Ec",32,1,1,1,1,1,1
"7240","1325","Ec_N",121,40,40,"Ec",32,1,1,1,1,1,1
"7241","1325","Ec_N",121,41,41,"Ec",32,1,1,1,1,1,1
"7242","1325","Ec_N",121,42,42,"Ec",32,1,1,1,1,1,1
"7243","1325","Ec_N",121,43,43,"Ec",32,1,1,1,1,1,1
"7244","1325","Ec_N",121,44,44,"Ec",32,1,1,1,1,1,1
"7245","1325","Ec_N",121,45,45,"Ec",32,1,1,1,1,1,1
"7246","1325","Ec_N",121,46,46,"Ec",32,1,1,1,1,1,1
"7247","1325","Ec_N",121,47,47,"Ec",32,1,1,1,1,1,1
"7248","1325","Ec_N",121,48,48,"Ec",32,1,1,1,1,1,1
"7249","1325","Ec_N",121,49,49,"Ec",32,1,1,1,1,1,1
"7250","1325","Ec_N",121,50,50,"Ec",32,1,1,1,1,1,1
"7251","1325","Ec_N",121,51,51,"Ec",32,1,1,1,1,1,1
"7252","1325","Ec_N",121,52,52,"Ec",32,1,1,1,1,1,1
"7253","1325","Ec_N",121,53,53,"Ec",32,1,1,1,1,1,1
"7254","1325","Ec_N",121,54,54,"Ec",32,1,1,1,1,1,1
"7255","1325","Ec_N",121,55,55,"Ec",32,1,1,1,1,1,1
"7256","1325","Ec_N",121,56,56,"Ec",32,1,1,1,1,1,1
"7257","1325","Ec_N",121,57,57,"Ec",32,1,1,1,1,1,1
"7258","1325","Ec_N",121,58,58,"Ec",32,1,1,1,1,1,1
"7259","1325","Ec_N",121,59,59,"Ec",32,1,1,1,1,1,1
"7260","1325","Ec_N",121,60,60,"Ec",32,1,1,1,1,1,1
"7261","1325","Ec_N",122,1,1,"Ec",1,0,0,0,0,0,0
"7262","1325","Ec_N",122,2,2,"Ec",1,0,0,0,0,0,0
"7263","1325","Ec_N",122,3,3,"Ec",1,0,0,0,0,0,0
"7264","1325","Ec_N",122,4,4,"Ec",1,0,0,0,0,0,0
"7265","1325","Ec_N",122,5,5,"Ec",1,0,0,0,0,0,0
"7266","1325","Ec_N",122,6,6,"Ec",3,0,1,0,0,0,0.420438296247818
"7267","1325","Ec_N",122,7,7,"Ec",3,0,1,0,0,0,0.420438296247818
"7268","1325","Ec_N",122,8,8,"Ec",3,0,1,0,0,0,0.420438296247818
"7269","1325","Ec_N",122,9,9,"Ec",4,1,1,0,0,0,0.727660542352217
"7270","1325","Ec_N",122,10,10,"Ec",4,1,1,0,0,0,0.727660542352217
"7271","1325","Ec_N",122,11,11,"Ec",20,1,1,0,0,1,0.791346487587567
"7272","1325","Ec_N",122,12,12,"Ec",20,1,1,0,0,1,0.791346487587567
"7273","1325","Ec_N",122,13,13,"Ec",20,1,1,0,0,1,0.791346487587567
"7274","1325","Ec_N",122,14,14,"Ec",20,1,1,0,0,1,0.791346487587567
"7275","1325","Ec_N",122,15,15,"Ec",20,1,1,0,0,1,0.791346487587567
"7276","1325","Ec_N",122,16,16,"Ec",20,1,1,0,0,1,0.791346487587567
"7277","1325","Ec_N",122,17,17,"Ec",20,1,1,0,0,1,0.791346487587567
"7278","1325","Ec_N",122,18,18,"Ec",28,1,1,0,1,1,0.815884725734249
"7279","1325","Ec_N",122,19,19,"Ec",28,1,1,0,1,1,0.815884725734249
"7280","1325","Ec_N",122,20,20,"Ec",28,1,1,0,1,1,0.815884725734249
"7281","1325","Ec_N",122,21,21,"Ec",28,1,1,0,1,1,0.815884725734249
"7282","1325","Ec_N",122,22,22,"Ec",28,1,1,0,1,1,0.815884725734249
"7283","1325","Ec_N",122,23,23,"Ec",28,1,1,0,1,1,0.815884725734249
"7284","1325","Ec_N",122,24,24,"Ec",28,1,1,0,1,1,0.815884725734249
"7285","1325","Ec_N",122,25,25,"Ec",28,1,1,0,1,1,0.815884725734249
"7286","1325","Ec_N",122,26,26,"Ec",28,1,1,0,1,1,0.815884725734249
"7287","1325","Ec_N",122,27,27,"Ec",28,1,1,0,1,1,0.815884725734249
"7288","1325","Ec_N",122,28,28,"Ec",28,1,1,0,1,1,0.815884725734249
"7289","1325","Ec_N",122,29,29,"Ec",28,1,1,0,1,1,0.815884725734249
"7290","1325","Ec_N",122,30,30,"Ec",28,1,1,0,1,1,0.815884725734249
"7291","1325","Ec_N",122,31,31,"Ec",28,1,1,0,1,1,0.815884725734249
"7292","1325","Ec_N",122,32,32,"Ec",28,1,1,0,1,1,0.815884725734249
"7293","1325","Ec_N",122,33,33,"Ec",32,1,1,1,1,1,1
"7294","1325","Ec_N",122,34,34,"Ec",32,1,1,1,1,1,1
"7295","1325","Ec_N",122,35,35,"Ec",32,1,1,1,1,1,1
"7296","1325","Ec_N",122,36,36,"Ec",32,1,1,1,1,1,1
"7297","1325","Ec_N",122,37,37,"Ec",32,1,1,1,1,1,1
"7298","1325","Ec_N",122,38,38,"Ec",32,1,1,1,1,1,1
"7299","1325","Ec_N",122,39,39,"Ec",32,1,1,1,1,1,1
"7300","1325","Ec_N",122,40,40,"Ec",32,1,1,1,1,1,1
"7301","1325","Ec_N",122,41,41,"Ec",32,1,1,1,1,1,1
"7302","1325","Ec_N",122,42,42,"Ec",32,1,1,1,1,1,1
"7303","1325","Ec_N",122,43,43,"Ec",32,1,1,1,1,1,1
"7304","1325","Ec_N",122,44,44,"Ec",32,1,1,1,1,1,1
"7305","1325","Ec_N",122,45,45,"Ec",32,1,1,1,1,1,1
"7306","1325","Ec_N",122,46,46,"Ec",32,1,1,1,1,1,1
"7307","1325","Ec_N",122,47,47,"Ec",32,1,1,1,1,1,1
"7308","1325","Ec_N",122,48,48,"Ec",32,1,1,1,1,1,1
"7309","1325","Ec_N",122,49,49,"Ec",32,1,1,1,1,1,1
"7310","1325","Ec_N",122,50,50,"Ec",32,1,1,1,1,1,1
"7311","1325","Ec_N",122,51,51,"Ec",32,1,1,1,1,1,1
"7312","1325","Ec_N",122,52,52,"Ec",32,1,1,1,1,1,1
"7313","1325","Ec_N",122,53,53,"Ec",32,1,1,1,1,1,1
"7314","1325","Ec_N",122,54,54,"Ec",32,1,1,1,1,1,1
"7315","1325","Ec_N",122,55,55,"Ec",32,1,1,1,1,1,1
"7316","1325","Ec_N",122,56,56,"Ec",32,1,1,1,1,1,1
"7317","1325","Ec_N",122,57,57,"Ec",32,1,1,1,1,1,1
"7318","1325","Ec_N",122,58,58,"Ec",32,1,1,1,1,1,1
"7319","1325","Ec_N",122,59,59,"Ec",32,1,1,1,1,1,1
"7320","1325","Ec_N",122,60,60,"Ec",32,1,1,1,1,1,1
"7321","1325","Ec_N",123,1,1,"Ec",1,0,0,0,0,0,0
"7322","1325","Ec_N",123,2,2,"Ec",5,0,0,1,0,0,0.159629028452195
"7323","1325","Ec_N",123,3,3,"Ec",5,0,0,1,0,0,0.159629028452195
"7324","1325","Ec_N",123,4,4,"Ec",5,0,0,1,0,0,0.159629028452195
"7325","1325","Ec_N",123,5,5,"Ec",5,0,0,1,0,0,0.159629028452195
"7326","1325","Ec_N",123,6,6,"Ec",5,0,0,1,0,0,0.159629028452195
"7327","1325","Ec_N",123,7,7,"Ec",5,0,0,1,0,0,0.159629028452195
"7328","1325","Ec_N",123,8,8,"Ec",5,0,0,1,0,0,0.159629028452195
"7329","1325","Ec_N",123,9,9,"Ec",5,0,0,1,0,0,0.159629028452195
"7330","1325","Ec_N",123,10,10,"Ec",5,0,0,1,0,0,0.159629028452195
"7331","1325","Ec_N",123,11,11,"Ec",5,0,0,1,0,0,0.159629028452195
"7332","1325","Ec_N",123,12,12,"Ec",5,0,0,1,0,0,0.159629028452195
"7333","1325","Ec_N",123,13,13,"Ec",5,0,0,1,0,0,0.159629028452195
"7334","1325","Ec_N",123,14,14,"Ec",5,0,0,1,0,0,0.159629028452195
"7335","1325","Ec_N",123,15,15,"Ec",5,0,0,1,0,0,0.159629028452195
"7336","1325","Ec_N",123,16,16,"Ec",5,0,0,1,0,0,0.159629028452195
"7337","1325","Ec_N",123,17,17,"Ec",7,0,1,1,0,0,0.580067324700012
"7338","1325","Ec_N",123,18,18,"Ec",7,0,1,1,0,0,0.580067324700012
"7339","1325","Ec_N",123,19,19,"Ec",7,0,1,1,0,0,0.580067324700012
"7340","1325","Ec_N",123,20,20,"Ec",7,0,1,1,0,0,0.580067324700012
"7341","1325","Ec_N",123,21,21,"Ec",7,0,1,1,0,0,0.580067324700012
"7342","1325","Ec_N",123,22,22,"Ec",7,0,1,1,0,0,0.580067324700012
"7343","1325","Ec_N",123,23,23,"Ec",7,0,1,1,0,0,0.580067324700012
"7344","1325","Ec_N",123,24,24,"Ec",15,0,1,1,1,0,0.62909180866025
"7345","1325","Ec_N",123,25,25,"Ec",15,0,1,1,1,0,0.62909180866025
"7346","1325","Ec_N",123,26,26,"Ec",15,0,1,1,1,0,0.62909180866025
"7347","1325","Ec_N",123,27,27,"Ec",15,0,1,1,1,0,0.62909180866025
"7348","1325","Ec_N",123,28,28,"Ec",15,0,1,1,1,0,0.62909180866025
"7349","1325","Ec_N",123,29,29,"Ec",15,0,1,1,1,0,0.62909180866025
"7350","1325","Ec_N",123,30,30,"Ec",15,0,1,1,1,0,0.62909180866025
"7351","1325","Ec_N",123,31,31,"Ec",15,0,1,1,1,0,0.62909180866025
"7352","1325","Ec_N",123,32,32,"Ec",15,0,1,1,1,0,0.62909180866025
"7353","1325","Ec_N",123,33,33,"Ec",15,0,1,1,1,0,0.62909180866025
"7354","1325","Ec_N",123,34,34,"Ec",15,0,1,1,1,0,0.62909180866025
"7355","1325","Ec_N",123,35,35,"Ec",15,0,1,1,1,0,0.62909180866025
"7356","1325","Ec_N",123,36,36,"Ec",15,0,1,1,1,0,0.62909180866025
"7357","1325","Ec_N",123,37,37,"Ec",15,0,1,1,1,0,0.62909180866025
"7358","1325","Ec_N",123,38,38,"Ec",15,0,1,1,1,0,0.62909180866025
"7359","1325","Ec_N",123,39,39,"Ec",15,0,1,1,1,0,0.62909180866025
"7360","1325","Ec_N",123,40,40,"Ec",15,0,1,1,1,0,0.62909180866025
"7361","1325","Ec_N",123,41,41,"Ec",15,0,1,1,1,0,0.62909180866025
"7362","1325","Ec_N",123,42,42,"Ec",15,0,1,1,1,0,0.62909180866025
"7363","1325","Ec_N",123,43,43,"Ec",15,0,1,1,1,0,0.62909180866025
"7364","1325","Ec_N",123,44,44,"Ec",15,0,1,1,1,0,0.62909180866025
"7365","1325","Ec_N",123,45,45,"Ec",15,0,1,1,1,0,0.62909180866025
"7366","1325","Ec_N",123,46,46,"Ec",15,0,1,1,1,0,0.62909180866025
"7367","1325","Ec_N",123,47,47,"Ec",15,0,1,1,1,0,0.62909180866025
"7368","1325","Ec_N",123,48,48,"Ec",16,1,1,1,1,0,0.93631405476465
"7369","1325","Ec_N",123,49,49,"Ec",16,1,1,1,1,0,0.93631405476465
"7370","1325","Ec_N",123,50,50,"Ec",16,1,1,1,1,0,0.93631405476465
"7371","1325","Ec_N",123,51,51,"Ec",16,1,1,1,1,0,0.93631405476465
"7372","1325","Ec_N",123,52,52,"Ec",16,1,1,1,1,0,0.93631405476465
"7373","1325","Ec_N",123,53,53,"Ec",32,1,1,1,1,1,1
"7374","1325","Ec_N",123,54,54,"Ec",32,1,1,1,1,1,1
"7375","1325","Ec_N",123,55,55,"Ec",32,1,1,1,1,1,1
"7376","1325","Ec_N",123,56,56,"Ec",32,1,1,1,1,1,1
"7377","1325","Ec_N",123,57,57,"Ec",32,1,1,1,1,1,1
"7378","1325","Ec_N",123,58,58,"Ec",32,1,1,1,1,1,1
"7379","1325","Ec_N",123,59,59,"Ec",32,1,1,1,1,1,1
"7380","1325","Ec_N",123,60,60,"Ec",32,1,1,1,1,1,1
"7381","1325","Ec_N",124,1,1,"Ec",1,0,0,0,0,0,0
"7382","1325","Ec_N",124,2,2,"Ec",1,0,0,0,0,0,0
"7383","1325","Ec_N",124,3,3,"Ec",1,0,0,0,0,0,0
"7384","1325","Ec_N",124,4,4,"Ec",1,0,0,0,0,0,0
"7385","1325","Ec_N",124,5,5,"Ec",1,0,0,0,0,0,0
"7386","1325","Ec_N",124,6,6,"Ec",1,0,0,0,0,0,0
"7387","1325","Ec_N",124,7,7,"Ec",1,0,0,0,0,0,0
"7388","1325","Ec_N",124,8,8,"Ec",1,0,0,0,0,0,0
"7389","1325","Ec_N",124,9,9,"Ec",1,0,0,0,0,0,0
"7390","1325","Ec_N",124,10,10,"Ec",1,0,0,0,0,0,0
"7391","1325","Ec_N",124,11,11,"Ec",1,0,0,0,0,0,0
"7392","1325","Ec_N",124,12,12,"Ec",1,0,0,0,0,0,0
"7393","1325","Ec_N",124,13,13,"Ec",1,0,0,0,0,0,0
"7394","1325","Ec_N",124,14,14,"Ec",1,0,0,0,0,0,0
"7395","1325","Ec_N",124,15,15,"Ec",1,0,0,0,0,0,0
"7396","1325","Ec_N",124,16,16,"Ec",5,0,0,1,0,0,0.159629028452195
"7397","1325","Ec_N",124,17,17,"Ec",5,0,0,1,0,0,0.159629028452195
"7398","1325","Ec_N",124,18,18,"Ec",5,0,0,1,0,0,0.159629028452195
"7399","1325","Ec_N",124,19,19,"Ec",5,0,0,1,0,0,0.159629028452195
"7400","1325","Ec_N",124,20,20,"Ec",21,0,0,1,0,1,0.223314973687545
"7401","1325","Ec_N",124,21,21,"Ec",21,0,0,1,0,1,0.223314973687545
"7402","1325","Ec_N",124,22,22,"Ec",21,0,0,1,0,1,0.223314973687545
"7403","1325","Ec_N",124,23,23,"Ec",21,0,0,1,0,1,0.223314973687545
"7404","1325","Ec_N",124,24,24,"Ec",21,0,0,1,0,1,0.223314973687545
"7405","1325","Ec_N",124,25,25,"Ec",21,0,0,1,0,1,0.223314973687545
"7406","1325","Ec_N",124,26,26,"Ec",21,0,0,1,0,1,0.223314973687545
"7407","1325","Ec_N",124,27,27,"Ec",21,0,0,1,0,1,0.223314973687545
"7408","1325","Ec_N",124,28,28,"Ec",21,0,0,1,0,1,0.223314973687545
"7409","1325","Ec_N",124,29,29,"Ec",21,0,0,1,0,1,0.223314973687545
"7410","1325","Ec_N",124,30,30,"Ec",21,0,0,1,0,1,0.223314973687545
"7411","1325","Ec_N",124,31,31,"Ec",21,0,0,1,0,1,0.223314973687545
"7412","1325","Ec_N",124,32,32,"Ec",21,0,0,1,0,1,0.223314973687545
"7413","1325","Ec_N",124,33,33,"Ec",23,0,1,1,0,1,0.57389469344254
"7414","1325","Ec_N",124,34,34,"Ec",23,0,1,1,0,1,0.57389469344254
"7415","1325","Ec_N",124,35,35,"Ec",23,0,1,1,0,1,0.57389469344254
"7416","1325","Ec_N",124,36,36,"Ec",23,0,1,1,0,1,0.57389469344254
"7417","1325","Ec_N",124,37,37,"Ec",24,1,1,1,0,1,0.872975948786018
"7418","1325","Ec_N",124,38,38,"Ec",24,1,1,1,0,1,0.872975948786018
"7419","1325","Ec_N",124,39,39,"Ec",24,1,1,1,0,1,0.872975948786018
"7420","1325","Ec_N",124,40,40,"Ec",24,1,1,1,0,1,0.872975948786018
"7421","1325","Ec_N",124,41,41,"Ec",32,1,1,1,1,1,1
"7422","1325","Ec_N",124,42,42,"Ec",32,1,1,1,1,1,1
"7423","1325","Ec_N",124,43,43,"Ec",32,1,1,1,1,1,1
"7424","1325","Ec_N",124,44,44,"Ec",32,1,1,1,1,1,1
"7425","1325","Ec_N",124,45,45,"Ec",32,1,1,1,1,1,1
"7426","1325","Ec_N",124,46,46,"Ec",32,1,1,1,1,1,1
"7427","1325","Ec_N",124,47,47,"Ec",32,1,1,1,1,1,1
"7428","1325","Ec_N",124,48,48,"Ec",32,1,1,1,1,1,1
"7429","1325","Ec_N",124,49,49,"Ec",32,1,1,1,1,1,1
"7430","1325","Ec_N",124,50,50,"Ec",32,1,1,1,1,1,1
"7431","1325","Ec_N",124,51,51,"Ec",32,1,1,1,1,1,1
"7432","1325","Ec_N",124,52,52,"Ec",32,1,1,1,1,1,1
"7433","1325","Ec_N",124,53,53,"Ec",32,1,1,1,1,1,1
"7434","1325","Ec_N",124,54,54,"Ec",32,1,1,1,1,1,1
"7435","1325","Ec_N",124,55,55,"Ec",32,1,1,1,1,1,1
"7436","1325","Ec_N",124,56,56,"Ec",32,1,1,1,1,1,1
"7437","1325","Ec_N",124,57,57,"Ec",32,1,1,1,1,1,1
"7438","1325","Ec_N",124,58,58,"Ec",32,1,1,1,1,1,1
"7439","1325","Ec_N",124,59,59,"Ec",32,1,1,1,1,1,1
"7440","1325","Ec_N",124,60,60,"Ec",32,1,1,1,1,1,1
"7441","1325","Ec_N",125,1,1,"Ec",1,0,0,0,0,0,0
"7442","1325","Ec_N",125,2,2,"Ec",1,0,0,0,0,0,0
"7443","1325","Ec_N",125,3,3,"Ec",3,0,1,0,0,0,0.420438296247818
"7444","1325","Ec_N",125,4,4,"Ec",3,0,1,0,0,0,0.420438296247818
"7445","1325","Ec_N",125,5,5,"Ec",3,0,1,0,0,0,0.420438296247818
"7446","1325","Ec_N",125,6,6,"Ec",3,0,1,0,0,0,0.420438296247818
"7447","1325","Ec_N",125,7,7,"Ec",3,0,1,0,0,0,0.420438296247818
"7448","1325","Ec_N",125,8,8,"Ec",19,0,1,0,0,1,0.484124241483168
"7449","1325","Ec_N",125,9,9,"Ec",19,0,1,0,0,1,0.484124241483168
"7450","1325","Ec_N",125,10,10,"Ec",19,0,1,0,0,1,0.484124241483168
"7451","1325","Ec_N",125,11,11,"Ec",19,0,1,0,0,1,0.484124241483168
"7452","1325","Ec_N",125,12,12,"Ec",19,0,1,0,0,1,0.484124241483168
"7453","1325","Ec_N",125,13,13,"Ec",19,0,1,0,0,1,0.484124241483168
"7454","1325","Ec_N",125,14,14,"Ec",19,0,1,0,0,1,0.484124241483168
"7455","1325","Ec_N",125,15,15,"Ec",19,0,1,0,0,1,0.484124241483168
"7456","1325","Ec_N",125,16,16,"Ec",19,0,1,0,0,1,0.484124241483168
"7457","1325","Ec_N",125,17,17,"Ec",19,0,1,0,0,1,0.484124241483168
"7458","1325","Ec_N",125,18,18,"Ec",19,0,1,0,0,1,0.484124241483168
"7459","1325","Ec_N",125,19,19,"Ec",19,0,1,0,0,1,0.484124241483168
"7460","1325","Ec_N",125,20,20,"Ec",27,0,1,0,1,1,0.533148725443406
"7461","1325","Ec_N",125,21,21,"Ec",27,0,1,0,1,1,0.533148725443406
"7462","1325","Ec_N",125,22,22,"Ec",27,0,1,0,1,1,0.533148725443406
"7463","1325","Ec_N",125,23,23,"Ec",27,0,1,0,1,1,0.533148725443406
"7464","1325","Ec_N",125,24,24,"Ec",27,0,1,0,1,1,0.533148725443406
"7465","1325","Ec_N",125,25,25,"Ec",27,0,1,0,1,1,0.533148725443406
"7466","1325","Ec_N",125,26,26,"Ec",31,0,1,1,1,1,0.6927777538956
"7467","1325","Ec_N",125,27,27,"Ec",31,0,1,1,1,1,0.6927777538956
"7468","1325","Ec_N",125,28,28,"Ec",31,0,1,1,1,1,0.6927777538956
"7469","1325","Ec_N",125,29,29,"Ec",31,0,1,1,1,1,0.6927777538956
"7470","1325","Ec_N",125,30,30,"Ec",31,0,1,1,1,1,0.6927777538956
"7471","1325","Ec_N",125,31,31,"Ec",31,0,1,1,1,1,0.6927777538956
"7472","1325","Ec_N",125,32,32,"Ec",31,0,1,1,1,1,0.6927777538956
"7473","1325","Ec_N",125,33,33,"Ec",31,0,1,1,1,1,0.6927777538956
"7474","1325","Ec_N",125,34,34,"Ec",31,0,1,1,1,1,0.6927777538956
"7475","1325","Ec_N",125,35,35,"Ec",32,1,1,1,1,1,1
"7476","1325","Ec_N",125,36,36,"Ec",32,1,1,1,1,1,1
"7477","1325","Ec_N",125,37,37,"Ec",32,1,1,1,1,1,1
"7478","1325","Ec_N",125,38,38,"Ec",32,1,1,1,1,1,1
"7479","1325","Ec_N",125,39,39,"Ec",32,1,1,1,1,1,1
"7480","1325","Ec_N",125,40,40,"Ec",32,1,1,1,1,1,1
"7481","1325","Ec_N",125,41,41,"Ec",32,1,1,1,1,1,1
"7482","1325","Ec_N",125,42,42,"Ec",32,1,1,1,1,1,1
"7483","1325","Ec_N",125,43,43,"Ec",32,1,1,1,1,1,1
"7484","1325","Ec_N",125,44,44,"Ec",32,1,1,1,1,1,1
"7485","1325","Ec_N",125,45,45,"Ec",32,1,1,1,1,1,1
"7486","1325","Ec_N",125,46,46,"Ec",32,1,1,1,1,1,1
"7487","1325","Ec_N",125,47,47,"Ec",32,1,1,1,1,1,1
"7488","1325","Ec_N",125,48,48,"Ec",32,1,1,1,1,1,1
"7489","1325","Ec_N",125,49,49,"Ec",32,1,1,1,1,1,1
"7490","1325","Ec_N",125,50,50,"Ec",32,1,1,1,1,1,1
"7491","1325","Ec_N",125,51,51,"Ec",32,1,1,1,1,1,1
"7492","1325","Ec_N",125,52,52,"Ec",32,1,1,1,1,1,1
"7493","1325","Ec_N",125,53,53,"Ec",32,1,1,1,1,1,1
"7494","1325","Ec_N",125,54,54,"Ec",32,1,1,1,1,1,1
"7495","1325","Ec_N",125,55,55,"Ec",32,1,1,1,1,1,1
"7496","1325","Ec_N",125,56,56,"Ec",32,1,1,1,1,1,1
"7497","1325","Ec_N",125,57,57,"Ec",32,1,1,1,1,1,1
"7498","1325","Ec_N",125,58,58,"Ec",32,1,1,1,1,1,1
"7499","1325","Ec_N",125,59,59,"Ec",32,1,1,1,1,1,1
"7500","1325","Ec_N",125,60,60,"Ec",32,1,1,1,1,1,1
"7501","1325","Ec_N",126,1,1,"Ec",1,0,0,0,0,0,0
"7502","1325","Ec_N",126,2,2,"Ec",5,0,0,1,0,0,0.159629028452195
"7503","1325","Ec_N",126,3,3,"Ec",5,0,0,1,0,0,0.159629028452195
"7504","1325","Ec_N",126,4,4,"Ec",5,0,0,1,0,0,0.159629028452195
"7505","1325","Ec_N",126,5,5,"Ec",5,0,0,1,0,0,0.159629028452195
"7506","1325","Ec_N",126,6,6,"Ec",5,0,0,1,0,0,0.159629028452195
"7507","1325","Ec_N",126,7,7,"Ec",7,0,1,1,0,0,0.580067324700012
"7508","1325","Ec_N",126,8,8,"Ec",7,0,1,1,0,0,0.580067324700012
"7509","1325","Ec_N",126,9,9,"Ec",7,0,1,1,0,0,0.580067324700012
"7510","1325","Ec_N",126,10,10,"Ec",7,0,1,1,0,0,0.580067324700012
"7511","1325","Ec_N",126,11,11,"Ec",7,0,1,1,0,0,0.580067324700012
"7512","1325","Ec_N",126,12,12,"Ec",7,0,1,1,0,0,0.580067324700012
"7513","1325","Ec_N",126,13,13,"Ec",7,0,1,1,0,0,0.580067324700012
"7514","1325","Ec_N",126,14,14,"Ec",7,0,1,1,0,0,0.580067324700012
"7515","1325","Ec_N",126,15,15,"Ec",7,0,1,1,0,0,0.580067324700012
"7516","1325","Ec_N",126,16,16,"Ec",15,0,1,1,1,0,0.62909180866025
"7517","1325","Ec_N",126,17,17,"Ec",15,0,1,1,1,0,0.62909180866025
"7518","1325","Ec_N",126,18,18,"Ec",15,0,1,1,1,0,0.62909180866025
"7519","1325","Ec_N",126,19,19,"Ec",15,0,1,1,1,0,0.62909180866025
"7520","1325","Ec_N",126,20,20,"Ec",15,0,1,1,1,0,0.62909180866025
"7521","1325","Ec_N",126,21,21,"Ec",15,0,1,1,1,0,0.62909180866025
"7522","1325","Ec_N",126,22,22,"Ec",15,0,1,1,1,0,0.62909180866025
"7523","1325","Ec_N",126,23,23,"Ec",15,0,1,1,1,0,0.62909180866025
"7524","1325","Ec_N",126,24,24,"Ec",15,0,1,1,1,0,0.62909180866025
"7525","1325","Ec_N",126,25,25,"Ec",15,0,1,1,1,0,0.62909180866025
"7526","1325","Ec_N",126,26,26,"Ec",15,0,1,1,1,0,0.62909180866025
"7527","1325","Ec_N",126,27,27,"Ec",16,1,1,1,1,0,0.93631405476465
"7528","1325","Ec_N",126,28,28,"Ec",16,1,1,1,1,0,0.93631405476465
"7529","1325","Ec_N",126,29,29,"Ec",16,1,1,1,1,0,0.93631405476465
"7530","1325","Ec_N",126,30,30,"Ec",16,1,1,1,1,0,0.93631405476465
"7531","1325","Ec_N",126,31,31,"Ec",16,1,1,1,1,0,0.93631405476465
"7532","1325","Ec_N",126,32,32,"Ec",16,1,1,1,1,0,0.93631405476465
"7533","1325","Ec_N",126,33,33,"Ec",16,1,1,1,1,0,0.93631405476465
"7534","1325","Ec_N",126,34,34,"Ec",32,1,1,1,1,1,1
"7535","1325","Ec_N",126,35,35,"Ec",32,1,1,1,1,1,1
"7536","1325","Ec_N",126,36,36,"Ec",32,1,1,1,1,1,1
"7537","1325","Ec_N",126,37,37,"Ec",32,1,1,1,1,1,1
"7538","1325","Ec_N",126,38,38,"Ec",32,1,1,1,1,1,1
"7539","1325","Ec_N",126,39,39,"Ec",32,1,1,1,1,1,1
"7540","1325","Ec_N",126,40,40,"Ec",32,1,1,1,1,1,1
"7541","1325","Ec_N",126,41,41,"Ec",32,1,1,1,1,1,1
"7542","1325","Ec_N",126,42,42,"Ec",32,1,1,1,1,1,1
"7543","1325","Ec_N",126,43,43,"Ec",32,1,1,1,1,1,1
"7544","1325","Ec_N",126,44,44,"Ec",32,1,1,1,1,1,1
"7545","1325","Ec_N",126,45,45,"Ec",32,1,1,1,1,1,1
"7546","1325","Ec_N",126,46,46,"Ec",32,1,1,1,1,1,1
"7547","1325","Ec_N",126,47,47,"Ec",32,1,1,1,1,1,1
"7548","1325","Ec_N",126,48,48,"Ec",32,1,1,1,1,1,1
"7549","1325","Ec_N",126,49,49,"Ec",32,1,1,1,1,1,1
"7550","1325","Ec_N",126,50,50,"Ec",32,1,1,1,1,1,1
"7551","1325","Ec_N",126,51,51,"Ec",32,1,1,1,1,1,1
"7552","1325","Ec_N",126,52,52,"Ec",32,1,1,1,1,1,1
"7553","1325","Ec_N",126,53,53,"Ec",32,1,1,1,1,1,1
"7554","1325","Ec_N",126,54,54,"Ec",32,1,1,1,1,1,1
"7555","1325","Ec_N",126,55,55,"Ec",32,1,1,1,1,1,1
"7556","1325","Ec_N",126,56,56,"Ec",32,1,1,1,1,1,1
"7557","1325","Ec_N",126,57,57,"Ec",32,1,1,1,1,1,1
"7558","1325","Ec_N",126,58,58,"Ec",32,1,1,1,1,1,1
"7559","1325","Ec_N",126,59,59,"Ec",32,1,1,1,1,1,1
"7560","1325","Ec_N",126,60,60,"Ec",32,1,1,1,1,1,1
"7561","1325","Ec_N",127,1,1,"Ec",1,0,0,0,0,0,0
"7562","1325","Ec_N",127,2,2,"Ec",1,0,0,0,0,0,0
"7563","1325","Ec_N",127,3,3,"Ec",1,0,0,0,0,0,0
"7564","1325","Ec_N",127,4,4,"Ec",2,1,0,0,0,0,0.3072222461044
"7565","1325","Ec_N",127,5,5,"Ec",10,1,0,0,1,0,0.356246730064637
"7566","1325","Ec_N",127,6,6,"Ec",10,1,0,0,1,0,0.356246730064637
"7567","1325","Ec_N",127,7,7,"Ec",10,1,0,0,1,0,0.356246730064637
"7568","1325","Ec_N",127,8,8,"Ec",10,1,0,0,1,0,0.356246730064637
"7569","1325","Ec_N",127,9,9,"Ec",10,1,0,0,1,0,0.356246730064637
"7570","1325","Ec_N",127,10,10,"Ec",10,1,0,0,1,0,0.356246730064637
"7571","1325","Ec_N",127,11,11,"Ec",10,1,0,0,1,0,0.356246730064637
"7572","1325","Ec_N",127,12,12,"Ec",10,1,0,0,1,0,0.356246730064637
"7573","1325","Ec_N",127,13,13,"Ec",10,1,0,0,1,0,0.356246730064637
"7574","1325","Ec_N",127,14,14,"Ec",10,1,0,0,1,0,0.356246730064637
"7575","1325","Ec_N",127,15,15,"Ec",14,1,0,1,1,0,0.479175264165032
"7576","1325","Ec_N",127,16,16,"Ec",14,1,0,1,1,0,0.479175264165032
"7577","1325","Ec_N",127,17,17,"Ec",14,1,0,1,1,0,0.479175264165032
"7578","1325","Ec_N",127,18,18,"Ec",14,1,0,1,1,0,0.479175264165032
"7579","1325","Ec_N",127,19,19,"Ec",14,1,0,1,1,0,0.479175264165032
"7580","1325","Ec_N",127,20,20,"Ec",14,1,0,1,1,0,0.479175264165032
"7581","1325","Ec_N",127,21,21,"Ec",14,1,0,1,1,0,0.479175264165032
"7582","1325","Ec_N",127,22,22,"Ec",14,1,0,1,1,0,0.479175264165032
"7583","1325","Ec_N",127,23,23,"Ec",14,1,0,1,1,0,0.479175264165032
"7584","1325","Ec_N",127,24,24,"Ec",14,1,0,1,1,0,0.479175264165032
"7585","1325","Ec_N",127,25,25,"Ec",14,1,0,1,1,0,0.479175264165032
"7586","1325","Ec_N",127,26,26,"Ec",14,1,0,1,1,0,0.479175264165032
"7587","1325","Ec_N",127,27,27,"Ec",14,1,0,1,1,0,0.479175264165032
"7588","1325","Ec_N",127,28,28,"Ec",14,1,0,1,1,0,0.479175264165032
"7589","1325","Ec_N",127,29,29,"Ec",14,1,0,1,1,0,0.479175264165032
"7590","1325","Ec_N",127,30,30,"Ec",14,1,0,1,1,0,0.479175264165032
"7591","1325","Ec_N",127,31,31,"Ec",14,1,0,1,1,0,0.479175264165032
"7592","1325","Ec_N",127,32,32,"Ec",14,1,0,1,1,0,0.479175264165032
"7593","1325","Ec_N",127,33,33,"Ec",30,1,0,1,1,1,0.579561703752182
"7594","1325","Ec_N",127,34,34,"Ec",32,1,1,1,1,1,1
"7595","1325","Ec_N",127,35,35,"Ec",32,1,1,1,1,1,1
"7596","1325","Ec_N",127,36,36,"Ec",32,1,1,1,1,1,1
"7597","1325","Ec_N",127,37,37,"Ec",32,1,1,1,1,1,1
"7598","1325","Ec_N",127,38,38,"Ec",32,1,1,1,1,1,1
"7599","1325","Ec_N",127,39,39,"Ec",32,1,1,1,1,1,1
"7600","1325","Ec_N",127,40,40,"Ec",32,1,1,1,1,1,1
"7601","1325","Ec_N",127,41,41,"Ec",32,1,1,1,1,1,1
"7602","1325","Ec_N",127,42,42,"Ec",32,1,1,1,1,1,1
"7603","1325","Ec_N",127,43,43,"Ec",32,1,1,1,1,1,1
"7604","1325","Ec_N",127,44,44,"Ec",32,1,1,1,1,1,1
"7605","1325","Ec_N",127,45,45,"Ec",32,1,1,1,1,1,1
"7606","1325","Ec_N",127,46,46,"Ec",32,1,1,1,1,1,1
"7607","1325","Ec_N",127,47,47,"Ec",32,1,1,1,1,1,1
"7608","1325","Ec_N",127,48,48,"Ec",32,1,1,1,1,1,1
"7609","1325","Ec_N",127,49,49,"Ec",32,1,1,1,1,1,1
"7610","1325","Ec_N",127,50,50,"Ec",32,1,1,1,1,1,1
"7611","1325","Ec_N",127,51,51,"Ec",32,1,1,1,1,1,1
"7612","1325","Ec_N",127,52,52,"Ec",32,1,1,1,1,1,1
"7613","1325","Ec_N",127,53,53,"Ec",32,1,1,1,1,1,1
"7614","1325","Ec_N",127,54,54,"Ec",32,1,1,1,1,1,1
"7615","1325","Ec_N",127,55,55,"Ec",32,1,1,1,1,1,1
"7616","1325","Ec_N",127,56,56,"Ec",32,1,1,1,1,1,1
"7617","1325","Ec_N",127,57,57,"Ec",32,1,1,1,1,1,1
"7618","1325","Ec_N",127,58,58,"Ec",32,1,1,1,1,1,1
"7619","1325","Ec_N",127,59,59,"Ec",32,1,1,1,1,1,1
"7620","1325","Ec_N",127,60,60,"Ec",32,1,1,1,1,1,1
"7621","1325","Ec_N",128,1,1,"Ec",1,0,0,0,0,0,0
"7622","1325","Ec_N",128,2,2,"Ec",1,0,0,0,0,0,0
"7623","1325","Ec_N",128,3,3,"Ec",1,0,0,0,0,0,0
"7624","1325","Ec_N",128,4,4,"Ec",1,0,0,0,0,0,0
"7625","1325","Ec_N",128,5,5,"Ec",1,0,0,0,0,0,0
"7626","1325","Ec_N",128,6,6,"Ec",1,0,0,0,0,0,0
"7627","1325","Ec_N",128,7,7,"Ec",1,0,0,0,0,0,0
"7628","1325","Ec_N",128,8,8,"Ec",1,0,0,0,0,0,0
"7629","1325","Ec_N",128,9,9,"Ec",1,0,0,0,0,0,0
"7630","1325","Ec_N",128,10,10,"Ec",1,0,0,0,0,0,0
"7631","1325","Ec_N",128,11,11,"Ec",1,0,0,0,0,0,0
"7632","1325","Ec_N",128,12,12,"Ec",1,0,0,0,0,0,0
"7633","1325","Ec_N",128,13,13,"Ec",1,0,0,0,0,0,0
"7634","1325","Ec_N",128,14,14,"Ec",1,0,0,0,0,0,0
"7635","1325","Ec_N",128,15,15,"Ec",1,0,0,0,0,0,0
"7636","1325","Ec_N",128,16,16,"Ec",1,0,0,0,0,0,0
"7637","1325","Ec_N",128,17,17,"Ec",1,0,0,0,0,0,0
"7638","1325","Ec_N",128,18,18,"Ec",1,0,0,0,0,0,0
"7639","1325","Ec_N",128,19,19,"Ec",1,0,0,0,0,0,0
"7640","1325","Ec_N",128,20,20,"Ec",17,0,0,0,0,1,0.0636859452353503
"7641","1325","Ec_N",128,21,21,"Ec",17,0,0,0,0,1,0.0636859452353503
"7642","1325","Ec_N",128,22,22,"Ec",17,0,0,0,0,1,0.0636859452353503
"7643","1325","Ec_N",128,23,23,"Ec",17,0,0,0,0,1,0.0636859452353503
"7644","1325","Ec_N",128,24,24,"Ec",17,0,0,0,0,1,0.0636859452353503
"7645","1325","Ec_N",128,25,25,"Ec",17,0,0,0,0,1,0.0636859452353503
"7646","1325","Ec_N",128,26,26,"Ec",17,0,0,0,0,1,0.0636859452353503
"7647","1325","Ec_N",128,27,27,"Ec",17,0,0,0,0,1,0.0636859452353503
"7648","1325","Ec_N",128,28,28,"Ec",17,0,0,0,0,1,0.0636859452353503
"7649","1325","Ec_N",128,29,29,"Ec",17,0,0,0,0,1,0.0636859452353503
"7650","1325","Ec_N",128,30,30,"Ec",17,0,0,0,0,1,0.0636859452353503
"7651","1325","Ec_N",128,31,31,"Ec",17,0,0,0,0,1,0.0636859452353503
"7652","1325","Ec_N",128,32,32,"Ec",17,0,0,0,0,1,0.0636859452353503
"7653","1325","Ec_N",128,33,33,"Ec",21,0,0,1,0,1,0.223314973687545
"7654","1325","Ec_N",128,34,34,"Ec",21,0,0,1,0,1,0.223314973687545
"7655","1325","Ec_N",128,35,35,"Ec",21,0,0,1,0,1,0.223314973687545
"7656","1325","Ec_N",128,36,36,"Ec",21,0,0,1,0,1,0.223314973687545
"7657","1325","Ec_N",128,37,37,"Ec",23,0,1,1,0,1,0.57389469344254
"7658","1325","Ec_N",128,38,38,"Ec",23,0,1,1,0,1,0.57389469344254
"7659","1325","Ec_N",128,39,39,"Ec",23,0,1,1,0,1,0.57389469344254
"7660","1325","Ec_N",128,40,40,"Ec",23,0,1,1,0,1,0.57389469344254
"7661","1325","Ec_N",128,41,41,"Ec",23,0,1,1,0,1,0.57389469344254
"7662","1325","Ec_N",128,42,42,"Ec",23,0,1,1,0,1,0.57389469344254
"7663","1325","Ec_N",128,43,43,"Ec",23,0,1,1,0,1,0.57389469344254
"7664","1325","Ec_N",128,44,44,"Ec",23,0,1,1,0,1,0.57389469344254
"7665","1325","Ec_N",128,45,45,"Ec",23,0,1,1,0,1,0.57389469344254
"7666","1325","Ec_N",128,46,46,"Ec",23,0,1,1,0,1,0.57389469344254
"7667","1325","Ec_N",128,47,47,"Ec",23,0,1,1,0,1,0.57389469344254
"7668","1325","Ec_N",128,48,48,"Ec",23,0,1,1,0,1,0.57389469344254
"7669","1325","Ec_N",128,49,49,"Ec",23,0,1,1,0,1,0.57389469344254
"7670","1325","Ec_N",128,50,50,"Ec",23,0,1,1,0,1,0.57389469344254
"7671","1325","Ec_N",128,51,51,"Ec",23,0,1,1,0,1,0.57389469344254
"7672","1325","Ec_N",128,52,52,"Ec",23,0,1,1,0,1,0.57389469344254
"7673","1325","Ec_N",128,53,53,"Ec",24,1,1,1,0,1,0.872975948786018
"7674","1325","Ec_N",128,54,54,"Ec",24,1,1,1,0,1,0.872975948786018
"7675","1325","Ec_N",128,55,55,"Ec",24,1,1,1,0,1,0.872975948786018
"7676","1325","Ec_N",128,56,56,"Ec",24,1,1,1,0,1,0.872975948786018
"7677","1325","Ec_N",128,57,57,"Ec",24,1,1,1,0,1,0.872975948786018
"7678","1325","Ec_N",128,58,58,"Ec",24,1,1,1,0,1,0.872975948786018
"7679","1325","Ec_N",128,59,59,"Ec",24,1,1,1,0,1,0.872975948786018
"7680","1325","Ec_N",128,60,60,"Ec",24,1,1,1,0,1,0.872975948786018
"7681","1325","Ec_N",129,1,1,"Ec",1,0,0,0,0,0,0
"7682","1325","Ec_N",129,2,2,"Ec",1,0,0,0,0,0,0
"7683","1325","Ec_N",129,3,3,"Ec",1,0,0,0,0,0,0
"7684","1325","Ec_N",129,4,4,"Ec",1,0,0,0,0,0,0
"7685","1325","Ec_N",129,5,5,"Ec",1,0,0,0,0,0,0
"7686","1325","Ec_N",129,6,6,"Ec",1,0,0,0,0,0,0
"7687","1325","Ec_N",129,7,7,"Ec",1,0,0,0,0,0,0
"7688","1325","Ec_N",129,8,8,"Ec",1,0,0,0,0,0,0
"7689","1325","Ec_N",129,9,9,"Ec",1,0,0,0,0,0,0
"7690","1325","Ec_N",129,10,10,"Ec",1,0,0,0,0,0,0
"7691","1325","Ec_N",129,11,11,"Ec",1,0,0,0,0,0,0
"7692","1325","Ec_N",129,12,12,"Ec",3,0,1,0,0,0,0.420438296247818
"7693","1325","Ec_N",129,13,13,"Ec",3,0,1,0,0,0,0.420438296247818
"7694","1325","Ec_N",129,14,14,"Ec",3,0,1,0,0,0,0.420438296247818
"7695","1325","Ec_N",129,15,15,"Ec",3,0,1,0,0,0,0.420438296247818
"7696","1325","Ec_N",129,16,16,"Ec",3,0,1,0,0,0,0.420438296247818
"7697","1325","Ec_N",129,17,17,"Ec",19,0,1,0,0,1,0.484124241483168
"7698","1325","Ec_N",129,18,18,"Ec",19,0,1,0,0,1,0.484124241483168
"7699","1325","Ec_N",129,19,19,"Ec",19,0,1,0,0,1,0.484124241483168
"7700","1325","Ec_N",129,20,20,"Ec",19,0,1,0,0,1,0.484124241483168
"7701","1325","Ec_N",129,21,21,"Ec",19,0,1,0,0,1,0.484124241483168
"7702","1325","Ec_N",129,22,22,"Ec",19,0,1,0,0,1,0.484124241483168
"7703","1325","Ec_N",129,23,23,"Ec",19,0,1,0,0,1,0.484124241483168
"7704","1325","Ec_N",129,24,24,"Ec",20,1,1,0,0,1,0.791346487587567
"7705","1325","Ec_N",129,25,25,"Ec",20,1,1,0,0,1,0.791346487587567
"7706","1325","Ec_N",129,26,26,"Ec",20,1,1,0,0,1,0.791346487587567
"7707","1325","Ec_N",129,27,27,"Ec",20,1,1,0,0,1,0.791346487587567
"7708","1325","Ec_N",129,28,28,"Ec",20,1,1,0,0,1,0.791346487587567
"7709","1325","Ec_N",129,29,29,"Ec",20,1,1,0,0,1,0.791346487587567
"7710","1325","Ec_N",129,30,30,"Ec",20,1,1,0,0,1,0.791346487587567
"7711","1325","Ec_N",129,31,31,"Ec",20,1,1,0,0,1,0.791346487587567
"7712","1325","Ec_N",129,32,32,"Ec",20,1,1,0,0,1,0.791346487587567
"7713","1325","Ec_N",129,33,33,"Ec",20,1,1,0,0,1,0.791346487587567
"7714","1325","Ec_N",129,34,34,"Ec",20,1,1,0,0,1,0.791346487587567
"7715","1325","Ec_N",129,35,35,"Ec",20,1,1,0,0,1,0.791346487587567
"7716","1325","Ec_N",129,36,36,"Ec",20,1,1,0,0,1,0.791346487587567
"7717","1325","Ec_N",129,37,37,"Ec",20,1,1,0,0,1,0.791346487587567
"7718","1325","Ec_N",129,38,38,"Ec",20,1,1,0,0,1,0.791346487587567
"7719","1325","Ec_N",129,39,39,"Ec",24,1,1,1,0,1,0.872975948786018
"7720","1325","Ec_N",129,40,40,"Ec",24,1,1,1,0,1,0.872975948786018
"7721","1325","Ec_N",129,41,41,"Ec",24,1,1,1,0,1,0.872975948786018
"7722","1325","Ec_N",129,42,42,"Ec",8,1,1,1,0,0,0.887289570804412
"7723","1325","Ec_N",129,43,43,"Ec",8,1,1,1,0,0,0.887289570804412
"7724","1325","Ec_N",129,44,44,"Ec",8,1,1,1,0,0,0.887289570804412
"7725","1325","Ec_N",129,45,45,"Ec",8,1,1,1,0,0,0.887289570804412
"7726","1325","Ec_N",129,46,46,"Ec",8,1,1,1,0,0,0.887289570804412
"7727","1325","Ec_N",129,47,47,"Ec",8,1,1,1,0,0,0.887289570804412
"7728","1325","Ec_N",129,48,48,"Ec",8,1,1,1,0,0,0.887289570804412
"7729","1325","Ec_N",129,49,49,"Ec",8,1,1,1,0,0,0.887289570804412
"7730","1325","Ec_N",129,50,50,"Ec",8,1,1,1,0,0,0.887289570804412
"7731","1325","Ec_N",129,51,51,"Ec",8,1,1,1,0,0,0.887289570804412
"7732","1325","Ec_N",129,52,52,"Ec",8,1,1,1,0,0,0.887289570804412
"7733","1325","Ec_N",129,53,53,"Ec",8,1,1,1,0,0,0.887289570804412
"7734","1325","Ec_N",129,54,54,"Ec",8,1,1,1,0,0,0.887289570804412
"7735","1325","Ec_N",129,55,55,"Ec",8,1,1,1,0,0,0.887289570804412
"7736","1325","Ec_N",129,56,56,"Ec",8,1,1,1,0,0,0.887289570804412
"7737","1325","Ec_N",129,57,57,"Ec",8,1,1,1,0,0,0.887289570804412
"7738","1325","Ec_N",129,58,58,"Ec",8,1,1,1,0,0,0.887289570804412
"7739","1325","Ec_N",129,59,59,"Ec",8,1,1,1,0,0,0.887289570804412
"7740","1325","Ec_N",129,60,60,"Ec",8,1,1,1,0,0,0.887289570804412
"7741","1325","Ec_N",130,1,1,"Ec",1,0,0,0,0,0,0
"7742","1325","Ec_N",130,2,2,"Ec",1,0,0,0,0,0,0
"7743","1325","Ec_N",130,3,3,"Ec",1,0,0,0,0,0,0
"7744","1325","Ec_N",130,4,4,"Ec",1,0,0,0,0,0,0
"7745","1325","Ec_N",130,5,5,"Ec",1,0,0,0,0,0,0
"7746","1325","Ec_N",130,6,6,"Ec",9,0,0,0,1,0,0.0490244839602376
"7747","1325","Ec_N",130,7,7,"Ec",9,0,0,0,1,0,0.0490244839602376
"7748","1325","Ec_N",130,8,8,"Ec",9,0,0,0,1,0,0.0490244839602376
"7749","1325","Ec_N",130,9,9,"Ec",9,0,0,0,1,0,0.0490244839602376
"7750","1325","Ec_N",130,10,10,"Ec",10,1,0,0,1,0,0.356246730064637
"7751","1325","Ec_N",130,11,11,"Ec",10,1,0,0,1,0,0.356246730064637
"7752","1325","Ec_N",130,12,12,"Ec",10,1,0,0,1,0,0.356246730064637
"7753","1325","Ec_N",130,13,13,"Ec",10,1,0,0,1,0,0.356246730064637
"7754","1325","Ec_N",130,14,14,"Ec",10,1,0,0,1,0,0.356246730064637
"7755","1325","Ec_N",130,15,15,"Ec",12,1,1,0,1,0,0.776685026312455
"7756","1325","Ec_N",130,16,16,"Ec",12,1,1,0,1,0,0.776685026312455
"7757","1325","Ec_N",130,17,17,"Ec",12,1,1,0,1,0,0.776685026312455
"7758","1325","Ec_N",130,18,18,"Ec",12,1,1,0,1,0,0.776685026312455
"7759","1325","Ec_N",130,19,19,"Ec",12,1,1,0,1,0,0.776685026312455
"7760","1325","Ec_N",130,20,20,"Ec",12,1,1,0,1,0,0.776685026312455
"7761","1325","Ec_N",130,21,21,"Ec",12,1,1,0,1,0,0.776685026312455
"7762","1325","Ec_N",130,22,22,"Ec",12,1,1,0,1,0,0.776685026312455
"7763","1325","Ec_N",130,23,23,"Ec",12,1,1,0,1,0,0.776685026312455
"7764","1325","Ec_N",130,24,24,"Ec",12,1,1,0,1,0,0.776685026312455
"7765","1325","Ec_N",130,25,25,"Ec",12,1,1,0,1,0,0.776685026312455
"7766","1325","Ec_N",130,26,26,"Ec",12,1,1,0,1,0,0.776685026312455
"7767","1325","Ec_N",130,27,27,"Ec",12,1,1,0,1,0,0.776685026312455
"7768","1325","Ec_N",130,28,28,"Ec",12,1,1,0,1,0,0.776685026312455
"7769","1325","Ec_N",130,29,29,"Ec",12,1,1,0,1,0,0.776685026312455
"7770","1325","Ec_N",130,30,30,"Ec",12,1,1,0,1,0,0.776685026312455
"7771","1325","Ec_N",130,31,31,"Ec",12,1,1,0,1,0,0.776685026312455
"7772","1325","Ec_N",130,32,32,"Ec",12,1,1,0,1,0,0.776685026312455
"7773","1325","Ec_N",130,33,33,"Ec",12,1,1,0,1,0,0.776685026312455
"7774","1325","Ec_N",130,34,34,"Ec",12,1,1,0,1,0,0.776685026312455
"7775","1325","Ec_N",130,35,35,"Ec",12,1,1,0,1,0,0.776685026312455
"7776","1325","Ec_N",130,36,36,"Ec",12,1,1,0,1,0,0.776685026312455
"7777","1325","Ec_N",130,37,37,"Ec",12,1,1,0,1,0,0.776685026312455
"7778","1325","Ec_N",130,38,38,"Ec",12,1,1,0,1,0,0.776685026312455
"7779","1325","Ec_N",130,39,39,"Ec",12,1,1,0,1,0,0.776685026312455
"7780","1325","Ec_N",130,40,40,"Ec",28,1,1,0,1,1,0.815884725734249
"7781","1325","Ec_N",130,41,41,"Ec",28,1,1,0,1,1,0.815884725734249
"7782","1325","Ec_N",130,42,42,"Ec",28,1,1,0,1,1,0.815884725734249
"7783","1325","Ec_N",130,43,43,"Ec",28,1,1,0,1,1,0.815884725734249
"7784","1325","Ec_N",130,44,44,"Ec",28,1,1,0,1,1,0.815884725734249
"7785","1325","Ec_N",130,45,45,"Ec",28,1,1,0,1,1,0.815884725734249
"7786","1325","Ec_N",130,46,46,"Ec",28,1,1,0,1,1,0.815884725734249
"7787","1325","Ec_N",130,47,47,"Ec",28,1,1,0,1,1,0.815884725734249
"7788","1325","Ec_N",130,48,48,"Ec",28,1,1,0,1,1,0.815884725734249
"7789","1325","Ec_N",130,49,49,"Ec",28,1,1,0,1,1,0.815884725734249
"7790","1325","Ec_N",130,50,50,"Ec",28,1,1,0,1,1,0.815884725734249
"7791","1325","Ec_N",130,51,51,"Ec",28,1,1,0,1,1,0.815884725734249
"7792","1325","Ec_N",130,52,52,"Ec",28,1,1,0,1,1,0.815884725734249
"7793","1325","Ec_N",130,53,53,"Ec",28,1,1,0,1,1,0.815884725734249
"7794","1325","Ec_N",130,54,54,"Ec",28,1,1,0,1,1,0.815884725734249
"7795","1325","Ec_N",130,55,55,"Ec",28,1,1,0,1,1,0.815884725734249
"7796","1325","Ec_N",130,56,56,"Ec",28,1,1,0,1,1,0.815884725734249
"7797","1325","Ec_N",130,57,57,"Ec",28,1,1,0,1,1,0.815884725734249
"7798","1325","Ec_N",130,58,58,"Ec",28,1,1,0,1,1,0.815884725734249
"7799","1325","Ec_N",130,59,59,"Ec",28,1,1,0,1,1,0.815884725734249
"7800","1325","Ec_N",130,60,60,"Ec",28,1,1,0,1,1,0.815884725734249
"7801","1325","Ec_N",131,1,1,"Ec",1,0,0,0,0,0,0
"7802","1325","Ec_N",131,2,2,"Ec",5,0,0,1,0,0,0.159629028452195
"7803","1325","Ec_N",131,3,3,"Ec",5,0,0,1,0,0,0.159629028452195
"7804","1325","Ec_N",131,4,4,"Ec",5,0,0,1,0,0,0.159629028452195
"7805","1325","Ec_N",131,5,5,"Ec",5,0,0,1,0,0,0.159629028452195
"7806","1325","Ec_N",131,6,6,"Ec",5,0,0,1,0,0,0.159629028452195
"7807","1325","Ec_N",131,7,7,"Ec",5,0,0,1,0,0,0.159629028452195
"7808","1325","Ec_N",131,8,8,"Ec",5,0,0,1,0,0,0.159629028452195
"7809","1325","Ec_N",131,9,9,"Ec",7,0,1,1,0,0,0.580067324700012
"7810","1325","Ec_N",131,10,10,"Ec",7,0,1,1,0,0,0.580067324700012
"7811","1325","Ec_N",131,11,11,"Ec",7,0,1,1,0,0,0.580067324700012
"7812","1325","Ec_N",131,12,12,"Ec",7,0,1,1,0,0,0.580067324700012
"7813","1325","Ec_N",131,13,13,"Ec",7,0,1,1,0,0,0.580067324700012
"7814","1325","Ec_N",131,14,14,"Ec",7,0,1,1,0,0,0.580067324700012
"7815","1325","Ec_N",131,15,15,"Ec",7,0,1,1,0,0,0.580067324700012
"7816","1325","Ec_N",131,16,16,"Ec",7,0,1,1,0,0,0.580067324700012
"7817","1325","Ec_N",131,17,17,"Ec",7,0,1,1,0,0,0.580067324700012
"7818","1325","Ec_N",131,18,18,"Ec",7,0,1,1,0,0,0.580067324700012
"7819","1325","Ec_N",131,19,19,"Ec",7,0,1,1,0,0,0.580067324700012
"7820","1325","Ec_N",131,20,20,"Ec",7,0,1,1,0,0,0.580067324700012
"7821","1325","Ec_N",131,21,21,"Ec",8,1,1,1,0,0,0.887289570804412
"7822","1325","Ec_N",131,22,22,"Ec",8,1,1,1,0,0,0.887289570804412
"7823","1325","Ec_N",131,23,23,"Ec",8,1,1,1,0,0,0.887289570804412
"7824","1325","Ec_N",131,24,24,"Ec",8,1,1,1,0,0,0.887289570804412
"7825","1325","Ec_N",131,25,25,"Ec",8,1,1,1,0,0,0.887289570804412
"7826","1325","Ec_N",131,26,26,"Ec",8,1,1,1,0,0,0.887289570804412
"7827","1325","Ec_N",131,27,27,"Ec",8,1,1,1,0,0,0.887289570804412
"7828","1325","Ec_N",131,28,28,"Ec",16,1,1,1,1,0,0.93631405476465
"7829","1325","Ec_N",131,29,29,"Ec",16,1,1,1,1,0,0.93631405476465
"7830","1325","Ec_N",131,30,30,"Ec",16,1,1,1,1,0,0.93631405476465
"7831","1325","Ec_N",131,31,31,"Ec",16,1,1,1,1,0,0.93631405476465
"7832","1325","Ec_N",131,32,32,"Ec",32,1,1,1,1,1,1
"7833","1325","Ec_N",131,33,33,"Ec",32,1,1,1,1,1,1
"7834","1325","Ec_N",131,34,34,"Ec",32,1,1,1,1,1,1
"7835","1325","Ec_N",131,35,35,"Ec",32,1,1,1,1,1,1
"7836","1325","Ec_N",131,36,36,"Ec",32,1,1,1,1,1,1
"7837","1325","Ec_N",131,37,37,"Ec",32,1,1,1,1,1,1
"7838","1325","Ec_N",131,38,38,"Ec",32,1,1,1,1,1,1
"7839","1325","Ec_N",131,39,39,"Ec",32,1,1,1,1,1,1
"7840","1325","Ec_N",131,40,40,"Ec",32,1,1,1,1,1,1
"7841","1325","Ec_N",131,41,41,"Ec",32,1,1,1,1,1,1
"7842","1325","Ec_N",131,42,42,"Ec",32,1,1,1,1,1,1
"7843","1325","Ec_N",131,43,43,"Ec",32,1,1,1,1,1,1
"7844","1325","Ec_N",131,44,44,"Ec",32,1,1,1,1,1,1
"7845","1325","Ec_N",131,45,45,"Ec",32,1,1,1,1,1,1
"7846","1325","Ec_N",131,46,46,"Ec",32,1,1,1,1,1,1
"7847","1325","Ec_N",131,47,47,"Ec",32,1,1,1,1,1,1
"7848","1325","Ec_N",131,48,48,"Ec",32,1,1,1,1,1,1
"7849","1325","Ec_N",131,49,49,"Ec",32,1,1,1,1,1,1
"7850","1325","Ec_N",131,50,50,"Ec",32,1,1,1,1,1,1
"7851","1325","Ec_N",131,51,51,"Ec",32,1,1,1,1,1,1
"7852","1325","Ec_N",131,52,52,"Ec",32,1,1,1,1,1,1
"7853","1325","Ec_N",131,53,53,"Ec",32,1,1,1,1,1,1
"7854","1325","Ec_N",131,54,54,"Ec",32,1,1,1,1,1,1
"7855","1325","Ec_N",131,55,55,"Ec",32,1,1,1,1,1,1
"7856","1325","Ec_N",131,56,56,"Ec",32,1,1,1,1,1,1
"7857","1325","Ec_N",131,57,57,"Ec",32,1,1,1,1,1,1
"7858","1325","Ec_N",131,58,58,"Ec",32,1,1,1,1,1,1
"7859","1325","Ec_N",131,59,59,"Ec",32,1,1,1,1,1,1
"7860","1325","Ec_N",131,60,60,"Ec",32,1,1,1,1,1,1
"7861","1325","Ec_N",132,1,1,"Ec",1,0,0,0,0,0,0
"7862","1325","Ec_N",132,2,2,"Ec",1,0,0,0,0,0,0
"7863","1325","Ec_N",132,3,3,"Ec",1,0,0,0,0,0,0
"7864","1325","Ec_N",132,4,4,"Ec",1,0,0,0,0,0,0
"7865","1325","Ec_N",132,5,5,"Ec",1,0,0,0,0,0,0
"7866","1325","Ec_N",132,6,6,"Ec",1,0,0,0,0,0,0
"7867","1325","Ec_N",132,7,7,"Ec",1,0,0,0,0,0,0
"7868","1325","Ec_N",132,8,8,"Ec",1,0,0,0,0,0,0
"7869","1325","Ec_N",132,9,9,"Ec",1,0,0,0,0,0,0
"7870","1325","Ec_N",132,10,10,"Ec",17,0,0,0,0,1,0.0636859452353503
"7871","1325","Ec_N",132,11,11,"Ec",17,0,0,0,0,1,0.0636859452353503
"7872","1325","Ec_N",132,12,12,"Ec",17,0,0,0,0,1,0.0636859452353503
"7873","1325","Ec_N",132,13,13,"Ec",17,0,0,0,0,1,0.0636859452353503
"7874","1325","Ec_N",132,14,14,"Ec",18,1,0,0,0,1,0.37090819133975
"7875","1325","Ec_N",132,15,15,"Ec",18,1,0,0,0,1,0.37090819133975
"7876","1325","Ec_N",132,16,16,"Ec",22,1,0,1,0,1,0.530537219791945
"7877","1325","Ec_N",132,17,17,"Ec",22,1,0,1,0,1,0.530537219791945
"7878","1325","Ec_N",132,18,18,"Ec",30,1,0,1,1,1,0.579561703752182
"7879","1325","Ec_N",132,19,19,"Ec",30,1,0,1,1,1,0.579561703752182
"7880","1325","Ec_N",132,20,20,"Ec",30,1,0,1,1,1,0.579561703752182
"7881","1325","Ec_N",132,21,21,"Ec",30,1,0,1,1,1,0.579561703752182
"7882","1325","Ec_N",132,22,22,"Ec",30,1,0,1,1,1,0.579561703752182
"7883","1325","Ec_N",132,23,23,"Ec",30,1,0,1,1,1,0.579561703752182
"7884","1325","Ec_N",132,24,24,"Ec",30,1,0,1,1,1,0.579561703752182
"7885","1325","Ec_N",132,25,25,"Ec",30,1,0,1,1,1,0.579561703752182
"7886","1325","Ec_N",132,26,26,"Ec",30,1,0,1,1,1,0.579561703752182
"7887","1325","Ec_N",132,27,27,"Ec",30,1,0,1,1,1,0.579561703752182
"7888","1325","Ec_N",132,28,28,"Ec",30,1,0,1,1,1,0.579561703752182
"7889","1325","Ec_N",132,29,29,"Ec",30,1,0,1,1,1,0.579561703752182
"7890","1325","Ec_N",132,30,30,"Ec",30,1,0,1,1,1,0.579561703752182
"7891","1325","Ec_N",132,31,31,"Ec",30,1,0,1,1,1,0.579561703752182
"7892","1325","Ec_N",132,32,32,"Ec",30,1,0,1,1,1,0.579561703752182
"7893","1325","Ec_N",132,33,33,"Ec",30,1,0,1,1,1,0.579561703752182
"7894","1325","Ec_N",132,34,34,"Ec",30,1,0,1,1,1,0.579561703752182
"7895","1325","Ec_N",132,35,35,"Ec",30,1,0,1,1,1,0.579561703752182
"7896","1325","Ec_N",132,36,36,"Ec",30,1,0,1,1,1,0.579561703752182
"7897","1325","Ec_N",132,37,37,"Ec",30,1,0,1,1,1,0.579561703752182
"7898","1325","Ec_N",132,38,38,"Ec",30,1,0,1,1,1,0.579561703752182
"7899","1325","Ec_N",132,39,39,"Ec",30,1,0,1,1,1,0.579561703752182
"7900","1325","Ec_N",132,40,40,"Ec",30,1,0,1,1,1,0.579561703752182
"7901","1325","Ec_N",132,41,41,"Ec",30,1,0,1,1,1,0.579561703752182
"7902","1325","Ec_N",132,42,42,"Ec",30,1,0,1,1,1,0.579561703752182
"7903","1325","Ec_N",132,43,43,"Ec",30,1,0,1,1,1,0.579561703752182
"7904","1325","Ec_N",132,44,44,"Ec",30,1,0,1,1,1,0.579561703752182
"7905","1325","Ec_N",132,45,45,"Ec",30,1,0,1,1,1,0.579561703752182
"7906","1325","Ec_N",132,46,46,"Ec",30,1,0,1,1,1,0.579561703752182
"7907","1325","Ec_N",132,47,47,"Ec",30,1,0,1,1,1,0.579561703752182
"7908","1325","Ec_N",132,48,48,"Ec",30,1,0,1,1,1,0.579561703752182
"7909","1325","Ec_N",132,49,49,"Ec",30,1,0,1,1,1,0.579561703752182
"7910","1325","Ec_N",132,50,50,"Ec",30,1,0,1,1,1,0.579561703752182
"7911","1325","Ec_N",132,51,51,"Ec",30,1,0,1,1,1,0.579561703752182
"7912","1325","Ec_N",132,52,52,"Ec",30,1,0,1,1,1,0.579561703752182
"7913","1325","Ec_N",132,53,53,"Ec",30,1,0,1,1,1,0.579561703752182
"7914","1325","Ec_N",132,54,54,"Ec",30,1,0,1,1,1,0.579561703752182
"7915","1325","Ec_N",132,55,55,"Ec",30,1,0,1,1,1,0.579561703752182
"7916","1325","Ec_N",132,56,56,"Ec",30,1,0,1,1,1,0.579561703752182
"7917","1325","Ec_N",132,57,57,"Ec",30,1,0,1,1,1,0.579561703752182
"7918","1325","Ec_N",132,58,58,"Ec",30,1,0,1,1,1,0.579561703752182
"7919","1325","Ec_N",132,59,59,"Ec",30,1,0,1,1,1,0.579561703752182
"7920","1325","Ec_N",132,60,60,"Ec",30,1,0,1,1,1,0.579561703752182
"7921","1325","Ec_N",133,1,1,"Ec",1,0,0,0,0,0,0
"7922","1325","Ec_N",133,2,2,"Ec",1,0,0,0,0,0,0
"7923","1325","Ec_N",133,3,3,"Ec",1,0,0,0,0,0,0
"7924","1325","Ec_N",133,4,4,"Ec",1,0,0,0,0,0,0
"7925","1325","Ec_N",133,5,5,"Ec",1,0,0,0,0,0,0
"7926","1325","Ec_N",133,6,6,"Ec",1,0,0,0,0,0,0
"7927","1325","Ec_N",133,7,7,"Ec",9,0,0,0,1,0,0.0490244839602376
"7928","1325","Ec_N",133,8,8,"Ec",9,0,0,0,1,0,0.0490244839602376
"7929","1325","Ec_N",133,9,9,"Ec",9,0,0,0,1,0,0.0490244839602376
"7930","1325","Ec_N",133,10,10,"Ec",25,0,0,0,1,1,0.112710429195588
"7931","1325","Ec_N",133,11,11,"Ec",27,0,1,0,1,1,0.533148725443406
"7932","1325","Ec_N",133,12,12,"Ec",27,0,1,0,1,1,0.533148725443406
"7933","1325","Ec_N",133,13,13,"Ec",27,0,1,0,1,1,0.533148725443406
"7934","1325","Ec_N",133,14,14,"Ec",27,0,1,0,1,1,0.533148725443406
"7935","1325","Ec_N",133,15,15,"Ec",27,0,1,0,1,1,0.533148725443406
"7936","1325","Ec_N",133,16,16,"Ec",27,0,1,0,1,1,0.533148725443406
"7937","1325","Ec_N",133,17,17,"Ec",27,0,1,0,1,1,0.533148725443406
"7938","1325","Ec_N",133,18,18,"Ec",27,0,1,0,1,1,0.533148725443406
"7939","1325","Ec_N",133,19,19,"Ec",27,0,1,0,1,1,0.533148725443406
"7940","1325","Ec_N",133,20,20,"Ec",27,0,1,0,1,1,0.533148725443406
"7941","1325","Ec_N",133,21,21,"Ec",27,0,1,0,1,1,0.533148725443406
"7942","1325","Ec_N",133,22,22,"Ec",27,0,1,0,1,1,0.533148725443406
"7943","1325","Ec_N",133,23,23,"Ec",27,0,1,0,1,1,0.533148725443406
"7944","1325","Ec_N",133,24,24,"Ec",27,0,1,0,1,1,0.533148725443406
"7945","1325","Ec_N",133,25,25,"Ec",27,0,1,0,1,1,0.533148725443406
"7946","1325","Ec_N",133,26,26,"Ec",27,0,1,0,1,1,0.533148725443406
"7947","1325","Ec_N",133,27,27,"Ec",27,0,1,0,1,1,0.533148725443406
"7948","1325","Ec_N",133,28,28,"Ec",27,0,1,0,1,1,0.533148725443406
"7949","1325","Ec_N",133,29,29,"Ec",27,0,1,0,1,1,0.533148725443406
"7950","1325","Ec_N",133,30,30,"Ec",27,0,1,0,1,1,0.533148725443406
"7951","1325","Ec_N",133,31,31,"Ec",27,0,1,0,1,1,0.533148725443406
"7952","1325","Ec_N",133,32,32,"Ec",27,0,1,0,1,1,0.533148725443406
"7953","1325","Ec_N",133,33,33,"Ec",31,0,1,1,1,1,0.6927777538956
"7954","1325","Ec_N",133,34,34,"Ec",31,0,1,1,1,1,0.6927777538956
"7955","1325","Ec_N",133,35,35,"Ec",31,0,1,1,1,1,0.6927777538956
"7956","1325","Ec_N",133,36,36,"Ec",32,1,1,1,1,1,1
"7957","1325","Ec_N",133,37,37,"Ec",32,1,1,1,1,1,1
"7958","1325","Ec_N",133,38,38,"Ec",32,1,1,1,1,1,1
"7959","1325","Ec_N",133,39,39,"Ec",32,1,1,1,1,1,1
"7960","1325","Ec_N",133,40,40,"Ec",32,1,1,1,1,1,1
"7961","1325","Ec_N",133,41,41,"Ec",32,1,1,1,1,1,1
"7962","1325","Ec_N",133,42,42,"Ec",32,1,1,1,1,1,1
"7963","1325","Ec_N",133,43,43,"Ec",32,1,1,1,1,1,1
"7964","1325","Ec_N",133,44,44,"Ec",32,1,1,1,1,1,1
"7965","1325","Ec_N",133,45,45,"Ec",32,1,1,1,1,1,1
"7966","1325","Ec_N",133,46,46,"Ec",32,1,1,1,1,1,1
"7967","1325","Ec_N",133,47,47,"Ec",32,1,1,1,1,1,1
"7968","1325","Ec_N",133,48,48,"Ec",32,1,1,1,1,1,1
"7969","1325","Ec_N",133,49,49,"Ec",32,1,1,1,1,1,1
"7970","1325","Ec_N",133,50,50,"Ec",32,1,1,1,1,1,1
"7971","1325","Ec_N",133,51,51,"Ec",32,1,1,1,1,1,1
"7972","1325","Ec_N",133,52,52,"Ec",32,1,1,1,1,1,1
"7973","1325","Ec_N",133,53,53,"Ec",32,1,1,1,1,1,1
"7974","1325","Ec_N",133,54,54,"Ec",32,1,1,1,1,1,1
"7975","1325","Ec_N",133,55,55,"Ec",32,1,1,1,1,1,1
"7976","1325","Ec_N",133,56,56,"Ec",32,1,1,1,1,1,1
"7977","1325","Ec_N",133,57,57,"Ec",32,1,1,1,1,1,1
"7978","1325","Ec_N",133,58,58,"Ec",32,1,1,1,1,1,1
"7979","1325","Ec_N",133,59,59,"Ec",32,1,1,1,1,1,1
"7980","1325","Ec_N",133,60,60,"Ec",32,1,1,1,1,1,1
"7981","1325","Ec_N",134,1,1,"Ec",1,0,0,0,0,0,0
"7982","1325","Ec_N",134,2,2,"Ec",1,0,0,0,0,0,0
"7983","1325","Ec_N",134,3,3,"Ec",1,0,0,0,0,0,0
"7984","1325","Ec_N",134,4,4,"Ec",1,0,0,0,0,0,0
"7985","1325","Ec_N",134,5,5,"Ec",1,0,0,0,0,0,0
"7986","1325","Ec_N",134,6,6,"Ec",2,1,0,0,0,0,0.3072222461044
"7987","1325","Ec_N",134,7,7,"Ec",2,1,0,0,0,0,0.3072222461044
"7988","1325","Ec_N",134,8,8,"Ec",4,1,1,0,0,0,0.727660542352217
"7989","1325","Ec_N",134,9,9,"Ec",4,1,1,0,0,0,0.727660542352217
"7990","1325","Ec_N",134,10,10,"Ec",4,1,1,0,0,0,0.727660542352217
"7991","1325","Ec_N",134,11,11,"Ec",4,1,1,0,0,0,0.727660542352217
"7992","1325","Ec_N",134,12,12,"Ec",4,1,1,0,0,0,0.727660542352217
"7993","1325","Ec_N",134,13,13,"Ec",4,1,1,0,0,0,0.727660542352217
"7994","1325","Ec_N",134,14,14,"Ec",4,1,1,0,0,0,0.727660542352217
"7995","1325","Ec_N",134,15,15,"Ec",12,1,1,0,1,0,0.776685026312455
"7996","1325","Ec_N",134,16,16,"Ec",12,1,1,0,1,0,0.776685026312455
"7997","1325","Ec_N",134,17,17,"Ec",12,1,1,0,1,0,0.776685026312455
"7998","1325","Ec_N",134,18,18,"Ec",12,1,1,0,1,0,0.776685026312455
"7999","1325","Ec_N",134,19,19,"Ec",12,1,1,0,1,0,0.776685026312455
"8000","1325","Ec_N",134,20,20,"Ec",12,1,1,0,1,0,0.776685026312455
"8001","1325","Ec_N",134,21,21,"Ec",12,1,1,0,1,0,0.776685026312455
"8002","1325","Ec_N",134,22,22,"Ec",12,1,1,0,1,0,0.776685026312455
"8003","1325","Ec_N",134,23,23,"Ec",12,1,1,0,1,0,0.776685026312455
"8004","1325","Ec_N",134,24,24,"Ec",12,1,1,0,1,0,0.776685026312455
"8005","1325","Ec_N",134,25,25,"Ec",12,1,1,0,1,0,0.776685026312455
"8006","1325","Ec_N",134,26,26,"Ec",12,1,1,0,1,0,0.776685026312455
"8007","1325","Ec_N",134,27,27,"Ec",12,1,1,0,1,0,0.776685026312455
"8008","1325","Ec_N",134,28,28,"Ec",12,1,1,0,1,0,0.776685026312455
"8009","1325","Ec_N",134,29,29,"Ec",12,1,1,0,1,0,0.776685026312455
"8010","1325","Ec_N",134,30,30,"Ec",28,1,1,0,1,1,0.815884725734249
"8011","1325","Ec_N",134,31,31,"Ec",28,1,1,0,1,1,0.815884725734249
"8012","1325","Ec_N",134,32,32,"Ec",28,1,1,0,1,1,0.815884725734249
"8013","1325","Ec_N",134,33,33,"Ec",28,1,1,0,1,1,0.815884725734249
"8014","1325","Ec_N",134,34,34,"Ec",28,1,1,0,1,1,0.815884725734249
"8015","1325","Ec_N",134,35,35,"Ec",28,1,1,0,1,1,0.815884725734249
"8016","1325","Ec_N",134,36,36,"Ec",28,1,1,0,1,1,0.815884725734249
"8017","1325","Ec_N",134,37,37,"Ec",28,1,1,0,1,1,0.815884725734249
"8018","1325","Ec_N",134,38,38,"Ec",28,1,1,0,1,1,0.815884725734249
"8019","1325","Ec_N",134,39,39,"Ec",28,1,1,0,1,1,0.815884725734249
"8020","1325","Ec_N",134,40,40,"Ec",32,1,1,1,1,1,1
"8021","1325","Ec_N",134,41,41,"Ec",32,1,1,1,1,1,1
"8022","1325","Ec_N",134,42,42,"Ec",32,1,1,1,1,1,1
"8023","1325","Ec_N",134,43,43,"Ec",32,1,1,1,1,1,1
"8024","1325","Ec_N",134,44,44,"Ec",32,1,1,1,1,1,1
"8025","1325","Ec_N",134,45,45,"Ec",32,1,1,1,1,1,1
"8026","1325","Ec_N",134,46,46,"Ec",32,1,1,1,1,1,1
"8027","1325","Ec_N",134,47,47,"Ec",32,1,1,1,1,1,1
"8028","1325","Ec_N",134,48,48,"Ec",32,1,1,1,1,1,1
"8029","1325","Ec_N",134,49,49,"Ec",32,1,1,1,1,1,1
"8030","1325","Ec_N",134,50,50,"Ec",32,1,1,1,1,1,1
"8031","1325","Ec_N",134,51,51,"Ec",32,1,1,1,1,1,1
"8032","1325","Ec_N",134,52,52,"Ec",32,1,1,1,1,1,1
"8033","1325","Ec_N",134,53,53,"Ec",32,1,1,1,1,1,1
"8034","1325","Ec_N",134,54,54,"Ec",32,1,1,1,1,1,1
"8035","1325","Ec_N",134,55,55,"Ec",32,1,1,1,1,1,1
"8036","1325","Ec_N",134,56,56,"Ec",32,1,1,1,1,1,1
"8037","1325","Ec_N",134,57,57,"Ec",32,1,1,1,1,1,1
"8038","1325","Ec_N",134,58,58,"Ec",32,1,1,1,1,1,1
"8039","1325","Ec_N",134,59,59,"Ec",32,1,1,1,1,1,1
"8040","1325","Ec_N",134,60,60,"Ec",32,1,1,1,1,1,1
"8041","1325","Ec_N",135,1,1,"Ec",1,0,0,0,0,0,0
"8042","1325","Ec_N",135,2,2,"Ec",1,0,0,0,0,0,0
"8043","1325","Ec_N",135,3,3,"Ec",1,0,0,0,0,0,0
"8044","1325","Ec_N",135,4,4,"Ec",1,0,0,0,0,0,0
"8045","1325","Ec_N",135,5,5,"Ec",3,0,1,0,0,0,0.420438296247818
"8046","1325","Ec_N",135,6,6,"Ec",19,0,1,0,0,1,0.484124241483168
"8047","1325","Ec_N",135,7,7,"Ec",23,0,1,1,0,1,0.57389469344254
"8048","1325","Ec_N",135,8,8,"Ec",23,0,1,1,0,1,0.57389469344254
"8049","1325","Ec_N",135,9,9,"Ec",23,0,1,1,0,1,0.57389469344254
"8050","1325","Ec_N",135,10,10,"Ec",23,0,1,1,0,1,0.57389469344254
"8051","1325","Ec_N",135,11,11,"Ec",23,0,1,1,0,1,0.57389469344254
"8052","1325","Ec_N",135,12,12,"Ec",23,0,1,1,0,1,0.57389469344254
"8053","1325","Ec_N",135,13,13,"Ec",24,1,1,1,0,1,0.872975948786018
"8054","1325","Ec_N",135,14,14,"Ec",24,1,1,1,0,1,0.872975948786018
"8055","1325","Ec_N",135,15,15,"Ec",24,1,1,1,0,1,0.872975948786018
"8056","1325","Ec_N",135,16,16,"Ec",32,1,1,1,1,1,1
"8057","1325","Ec_N",135,17,17,"Ec",32,1,1,1,1,1,1
"8058","1325","Ec_N",135,18,18,"Ec",32,1,1,1,1,1,1
"8059","1325","Ec_N",135,19,19,"Ec",32,1,1,1,1,1,1
"8060","1325","Ec_N",135,20,20,"Ec",32,1,1,1,1,1,1
"8061","1325","Ec_N",135,21,21,"Ec",32,1,1,1,1,1,1
"8062","1325","Ec_N",135,22,22,"Ec",32,1,1,1,1,1,1
"8063","1325","Ec_N",135,23,23,"Ec",32,1,1,1,1,1,1
"8064","1325","Ec_N",135,24,24,"Ec",32,1,1,1,1,1,1
"8065","1325","Ec_N",135,25,25,"Ec",32,1,1,1,1,1,1
"8066","1325","Ec_N",135,26,26,"Ec",32,1,1,1,1,1,1
"8067","1325","Ec_N",135,27,27,"Ec",32,1,1,1,1,1,1
"8068","1325","Ec_N",135,28,28,"Ec",32,1,1,1,1,1,1
"8069","1325","Ec_N",135,29,29,"Ec",32,1,1,1,1,1,1
"8070","1325","Ec_N",135,30,30,"Ec",32,1,1,1,1,1,1
"8071","1325","Ec_N",135,31,31,"Ec",32,1,1,1,1,1,1
"8072","1325","Ec_N",135,32,32,"Ec",32,1,1,1,1,1,1
"8073","1325","Ec_N",135,33,33,"Ec",32,1,1,1,1,1,1
"8074","1325","Ec_N",135,34,34,"Ec",32,1,1,1,1,1,1
"8075","1325","Ec_N",135,35,35,"Ec",32,1,1,1,1,1,1
"8076","1325","Ec_N",135,36,36,"Ec",32,1,1,1,1,1,1
"8077","1325","Ec_N",135,37,37,"Ec",32,1,1,1,1,1,1
"8078","1325","Ec_N",135,38,38,"Ec",32,1,1,1,1,1,1
"8079","1325","Ec_N",135,39,39,"Ec",32,1,1,1,1,1,1
"8080","1325","Ec_N",135,40,40,"Ec",32,1,1,1,1,1,1
"8081","1325","Ec_N",135,41,41,"Ec",32,1,1,1,1,1,1
"8082","1325","Ec_N",135,42,42,"Ec",32,1,1,1,1,1,1
"8083","1325","Ec_N",135,43,43,"Ec",32,1,1,1,1,1,1
"8084","1325","Ec_N",135,44,44,"Ec",32,1,1,1,1,1,1
"8085","1325","Ec_N",135,45,45,"Ec",32,1,1,1,1,1,1
"8086","1325","Ec_N",135,46,46,"Ec",32,1,1,1,1,1,1
"8087","1325","Ec_N",135,47,47,"Ec",32,1,1,1,1,1,1
"8088","1325","Ec_N",135,48,48,"Ec",32,1,1,1,1,1,1
"8089","1325","Ec_N",135,49,49,"Ec",32,1,1,1,1,1,1
"8090","1325","Ec_N",135,50,50,"Ec",32,1,1,1,1,1,1
"8091","1325","Ec_N",135,51,51,"Ec",32,1,1,1,1,1,1
"8092","1325","Ec_N",135,52,52,"Ec",32,1,1,1,1,1,1
"8093","1325","Ec_N",135,53,53,"Ec",32,1,1,1,1,1,1
"8094","1325","Ec_N",135,54,54,"Ec",32,1,1,1,1,1,1
"8095","1325","Ec_N",135,55,55,"Ec",32,1,1,1,1,1,1
"8096","1325","Ec_N",135,56,56,"Ec",32,1,1,1,1,1,1
"8097","1325","Ec_N",135,57,57,"Ec",32,1,1,1,1,1,1
"8098","1325","Ec_N",135,58,58,"Ec",32,1,1,1,1,1,1
"8099","1325","Ec_N",135,59,59,"Ec",32,1,1,1,1,1,1
"8100","1325","Ec_N",135,60,60,"Ec",32,1,1,1,1,1,1
"8101","1325","Ec_N",136,1,1,"Ec",1,0,0,0,0,0,0
"8102","1325","Ec_N",136,2,2,"Ec",17,0,0,0,0,1,0.0636859452353503
"8103","1325","Ec_N",136,3,3,"Ec",17,0,0,0,0,1,0.0636859452353503
"8104","1325","Ec_N",136,4,4,"Ec",17,0,0,0,0,1,0.0636859452353503
"8105","1325","Ec_N",136,5,5,"Ec",17,0,0,0,0,1,0.0636859452353503
"8106","1325","Ec_N",136,6,6,"Ec",17,0,0,0,0,1,0.0636859452353503
"8107","1325","Ec_N",136,7,7,"Ec",17,0,0,0,0,1,0.0636859452353503
"8108","1325","Ec_N",136,8,8,"Ec",18,1,0,0,0,1,0.37090819133975
"8109","1325","Ec_N",136,9,9,"Ec",18,1,0,0,0,1,0.37090819133975
"8110","1325","Ec_N",136,10,10,"Ec",18,1,0,0,0,1,0.37090819133975
"8111","1325","Ec_N",136,11,11,"Ec",18,1,0,0,0,1,0.37090819133975
"8112","1325","Ec_N",136,12,12,"Ec",18,1,0,0,0,1,0.37090819133975
"8113","1325","Ec_N",136,13,13,"Ec",18,1,0,0,0,1,0.37090819133975
"8114","1325","Ec_N",136,14,14,"Ec",18,1,0,0,0,1,0.37090819133975
"8115","1325","Ec_N",136,15,15,"Ec",18,1,0,0,0,1,0.37090819133975
"8116","1325","Ec_N",136,16,16,"Ec",18,1,0,0,0,1,0.37090819133975
"8117","1325","Ec_N",136,17,17,"Ec",18,1,0,0,0,1,0.37090819133975
"8118","1325","Ec_N",136,18,18,"Ec",18,1,0,0,0,1,0.37090819133975
"8119","1325","Ec_N",136,19,19,"Ec",18,1,0,0,0,1,0.37090819133975
"8120","1325","Ec_N",136,20,20,"Ec",18,1,0,0,0,1,0.37090819133975
"8121","1325","Ec_N",136,21,21,"Ec",18,1,0,0,0,1,0.37090819133975
"8122","1325","Ec_N",136,22,22,"Ec",18,1,0,0,0,1,0.37090819133975
"8123","1325","Ec_N",136,23,23,"Ec",18,1,0,0,0,1,0.37090819133975
"8124","1325","Ec_N",136,24,24,"Ec",18,1,0,0,0,1,0.37090819133975
"8125","1325","Ec_N",136,25,25,"Ec",18,1,0,0,0,1,0.37090819133975
"8126","1325","Ec_N",136,26,26,"Ec",18,1,0,0,0,1,0.37090819133975
"8127","1325","Ec_N",136,27,27,"Ec",18,1,0,0,0,1,0.37090819133975
"8128","1325","Ec_N",136,28,28,"Ec",18,1,0,0,0,1,0.37090819133975
"8129","1325","Ec_N",136,29,29,"Ec",18,1,0,0,0,1,0.37090819133975
"8130","1325","Ec_N",136,30,30,"Ec",18,1,0,0,0,1,0.37090819133975
"8131","1325","Ec_N",136,31,31,"Ec",18,1,0,0,0,1,0.37090819133975
"8132","1325","Ec_N",136,32,32,"Ec",18,1,0,0,0,1,0.37090819133975
"8133","1325","Ec_N",136,33,33,"Ec",18,1,0,0,0,1,0.37090819133975
"8134","1325","Ec_N",136,34,34,"Ec",22,1,0,1,0,1,0.530537219791945
"8135","1325","Ec_N",136,35,35,"Ec",24,1,1,1,0,1,0.872975948786018
"8136","1325","Ec_N",136,36,36,"Ec",24,1,1,1,0,1,0.872975948786018
"8137","1325","Ec_N",136,37,37,"Ec",24,1,1,1,0,1,0.872975948786018
"8138","1325","Ec_N",136,38,38,"Ec",24,1,1,1,0,1,0.872975948786018
"8139","1325","Ec_N",136,39,39,"Ec",24,1,1,1,0,1,0.872975948786018
"8140","1325","Ec_N",136,40,40,"Ec",24,1,1,1,0,1,0.872975948786018
"8141","1325","Ec_N",136,41,41,"Ec",24,1,1,1,0,1,0.872975948786018
"8142","1325","Ec_N",136,42,42,"Ec",24,1,1,1,0,1,0.872975948786018
"8143","1325","Ec_N",136,43,43,"Ec",24,1,1,1,0,1,0.872975948786018
"8144","1325","Ec_N",136,44,44,"Ec",24,1,1,1,0,1,0.872975948786018
"8145","1325","Ec_N",136,45,45,"Ec",24,1,1,1,0,1,0.872975948786018
"8146","1325","Ec_N",136,46,46,"Ec",24,1,1,1,0,1,0.872975948786018
"8147","1325","Ec_N",136,47,47,"Ec",24,1,1,1,0,1,0.872975948786018
"8148","1325","Ec_N",136,48,48,"Ec",24,1,1,1,0,1,0.872975948786018
"8149","1325","Ec_N",136,49,49,"Ec",24,1,1,1,0,1,0.872975948786018
"8150","1325","Ec_N",136,50,50,"Ec",24,1,1,1,0,1,0.872975948786018
"8151","1325","Ec_N",136,51,51,"Ec",24,1,1,1,0,1,0.872975948786018
"8152","1325","Ec_N",136,52,52,"Ec",24,1,1,1,0,1,0.872975948786018
"8153","1325","Ec_N",136,53,53,"Ec",24,1,1,1,0,1,0.872975948786018
"8154","1325","Ec_N",136,54,54,"Ec",24,1,1,1,0,1,0.872975948786018
"8155","1325","Ec_N",136,55,55,"Ec",24,1,1,1,0,1,0.872975948786018
"8156","1325","Ec_N",136,56,56,"Ec",24,1,1,1,0,1,0.872975948786018
"8157","1325","Ec_N",136,57,57,"Ec",24,1,1,1,0,1,0.872975948786018
"8158","1325","Ec_N",136,58,58,"Ec",24,1,1,1,0,1,0.872975948786018
"8159","1325","Ec_N",136,59,59,"Ec",24,1,1,1,0,1,0.872975948786018
"8160","1325","Ec_N",136,60,60,"Ec",24,1,1,1,0,1,0.872975948786018
"8161","1325","Ec_N",137,1,1,"Ec",1,0,0,0,0,0,0
"8162","1325","Ec_N",137,2,2,"Ec",1,0,0,0,0,0,0
"8163","1325","Ec_N",137,3,3,"Ec",9,0,0,0,1,0,0.0490244839602376
"8164","1325","Ec_N",137,4,4,"Ec",9,0,0,0,1,0,0.0490244839602376
"8165","1325","Ec_N",137,5,5,"Ec",9,0,0,0,1,0,0.0490244839602376
"8166","1325","Ec_N",137,6,6,"Ec",13,0,0,1,1,0,0.208653512412432
"8167","1325","Ec_N",137,7,7,"Ec",13,0,0,1,1,0,0.208653512412432
"8168","1325","Ec_N",137,8,8,"Ec",13,0,0,1,1,0,0.208653512412432
"8169","1325","Ec_N",137,9,9,"Ec",13,0,0,1,1,0,0.208653512412432
"8170","1325","Ec_N",137,10,10,"Ec",13,0,0,1,1,0,0.208653512412432
"8171","1325","Ec_N",137,11,11,"Ec",13,0,0,1,1,0,0.208653512412432
"8172","1325","Ec_N",137,12,12,"Ec",13,0,0,1,1,0,0.208653512412432
"8173","1325","Ec_N",137,13,13,"Ec",14,1,0,1,1,0,0.479175264165032
"8174","1325","Ec_N",137,14,14,"Ec",14,1,0,1,1,0,0.479175264165032
"8175","1325","Ec_N",137,15,15,"Ec",14,1,0,1,1,0,0.479175264165032
"8176","1325","Ec_N",137,16,16,"Ec",14,1,0,1,1,0,0.479175264165032
"8177","1325","Ec_N",137,17,17,"Ec",30,1,0,1,1,1,0.579561703752182
"8178","1325","Ec_N",137,18,18,"Ec",30,1,0,1,1,1,0.579561703752182
"8179","1325","Ec_N",137,19,19,"Ec",30,1,0,1,1,1,0.579561703752182
"8180","1325","Ec_N",137,20,20,"Ec",32,1,1,1,1,1,1
"8181","1325","Ec_N",137,21,21,"Ec",32,1,1,1,1,1,1
"8182","1325","Ec_N",137,22,22,"Ec",32,1,1,1,1,1,1
"8183","1325","Ec_N",137,23,23,"Ec",32,1,1,1,1,1,1
"8184","1325","Ec_N",137,24,24,"Ec",32,1,1,1,1,1,1
"8185","1325","Ec_N",137,25,25,"Ec",32,1,1,1,1,1,1
"8186","1325","Ec_N",137,26,26,"Ec",32,1,1,1,1,1,1
"8187","1325","Ec_N",137,27,27,"Ec",32,1,1,1,1,1,1
"8188","1325","Ec_N",137,28,28,"Ec",32,1,1,1,1,1,1
"8189","1325","Ec_N",137,29,29,"Ec",32,1,1,1,1,1,1
"8190","1325","Ec_N",137,30,30,"Ec",32,1,1,1,1,1,1
"8191","1325","Ec_N",137,31,31,"Ec",32,1,1,1,1,1,1
"8192","1325","Ec_N",137,32,32,"Ec",32,1,1,1,1,1,1
"8193","1325","Ec_N",137,33,33,"Ec",32,1,1,1,1,1,1
"8194","1325","Ec_N",137,34,34,"Ec",32,1,1,1,1,1,1
"8195","1325","Ec_N",137,35,35,"Ec",32,1,1,1,1,1,1
"8196","1325","Ec_N",137,36,36,"Ec",32,1,1,1,1,1,1
"8197","1325","Ec_N",137,37,37,"Ec",32,1,1,1,1,1,1
"8198","1325","Ec_N",137,38,38,"Ec",32,1,1,1,1,1,1
"8199","1325","Ec_N",137,39,39,"Ec",32,1,1,1,1,1,1
"8200","1325","Ec_N",137,40,40,"Ec",32,1,1,1,1,1,1
"8201","1325","Ec_N",137,41,41,"Ec",32,1,1,1,1,1,1
"8202","1325","Ec_N",137,42,42,"Ec",32,1,1,1,1,1,1
"8203","1325","Ec_N",137,43,43,"Ec",32,1,1,1,1,1,1
"8204","1325","Ec_N",137,44,44,"Ec",32,1,1,1,1,1,1
"8205","1325","Ec_N",137,45,45,"Ec",32,1,1,1,1,1,1
"8206","1325","Ec_N",137,46,46,"Ec",32,1,1,1,1,1,1
"8207","1325","Ec_N",137,47,47,"Ec",32,1,1,1,1,1,1
"8208","1325","Ec_N",137,48,48,"Ec",32,1,1,1,1,1,1
"8209","1325","Ec_N",137,49,49,"Ec",32,1,1,1,1,1,1
"8210","1325","Ec_N",137,50,50,"Ec",32,1,1,1,1,1,1
"8211","1325","Ec_N",137,51,51,"Ec",32,1,1,1,1,1,1
"8212","1325","Ec_N",137,52,52,"Ec",32,1,1,1,1,1,1
"8213","1325","Ec_N",137,53,53,"Ec",32,1,1,1,1,1,1
"8214","1325","Ec_N",137,54,54,"Ec",32,1,1,1,1,1,1
"8215","1325","Ec_N",137,55,55,"Ec",32,1,1,1,1,1,1
"8216","1325","Ec_N",137,56,56,"Ec",32,1,1,1,1,1,1
"8217","1325","Ec_N",137,57,57,"Ec",32,1,1,1,1,1,1
"8218","1325","Ec_N",137,58,58,"Ec",32,1,1,1,1,1,1
"8219","1325","Ec_N",137,59,59,"Ec",32,1,1,1,1,1,1
"8220","1325","Ec_N",137,60,60,"Ec",32,1,1,1,1,1,1
"8221","1325","Ec_N",138,1,1,"Ec",1,0,0,0,0,0,0
"8222","1325","Ec_N",138,2,2,"Ec",1,0,0,0,0,0,0
"8223","1325","Ec_N",138,3,3,"Ec",1,0,0,0,0,0,0
"8224","1325","Ec_N",138,4,4,"Ec",1,0,0,0,0,0,0
"8225","1325","Ec_N",138,5,5,"Ec",1,0,0,0,0,0,0
"8226","1325","Ec_N",138,6,6,"Ec",1,0,0,0,0,0,0
"8227","1325","Ec_N",138,7,7,"Ec",1,0,0,0,0,0,0
"8228","1325","Ec_N",138,8,8,"Ec",17,0,0,0,0,1,0.0636859452353503
"8229","1325","Ec_N",138,9,9,"Ec",17,0,0,0,0,1,0.0636859452353503
"8230","1325","Ec_N",138,10,10,"Ec",17,0,0,0,0,1,0.0636859452353503
"8231","1325","Ec_N",138,11,11,"Ec",17,0,0,0,0,1,0.0636859452353503
"8232","1325","Ec_N",138,12,12,"Ec",17,0,0,0,0,1,0.0636859452353503
"8233","1325","Ec_N",138,13,13,"Ec",17,0,0,0,0,1,0.0636859452353503
"8234","1325","Ec_N",138,14,14,"Ec",17,0,0,0,0,1,0.0636859452353503
"8235","1325","Ec_N",138,15,15,"Ec",17,0,0,0,0,1,0.0636859452353503
"8236","1325","Ec_N",138,16,16,"Ec",17,0,0,0,0,1,0.0636859452353503
"8237","1325","Ec_N",138,17,17,"Ec",17,0,0,0,0,1,0.0636859452353503
"8238","1325","Ec_N",138,18,18,"Ec",17,0,0,0,0,1,0.0636859452353503
"8239","1325","Ec_N",138,19,19,"Ec",17,0,0,0,0,1,0.0636859452353503
"8240","1325","Ec_N",138,20,20,"Ec",17,0,0,0,0,1,0.0636859452353503
"8241","1325","Ec_N",138,21,21,"Ec",17,0,0,0,0,1,0.0636859452353503
"8242","1325","Ec_N",138,22,22,"Ec",17,0,0,0,0,1,0.0636859452353503
"8243","1325","Ec_N",138,23,23,"Ec",17,0,0,0,0,1,0.0636859452353503
"8244","1325","Ec_N",138,24,24,"Ec",17,0,0,0,0,1,0.0636859452353503
"8245","1325","Ec_N",138,25,25,"Ec",17,0,0,0,0,1,0.0636859452353503
"8246","1325","Ec_N",138,26,26,"Ec",17,0,0,0,0,1,0.0636859452353503
"8247","1325","Ec_N",138,27,27,"Ec",17,0,0,0,0,1,0.0636859452353503
"8248","1325","Ec_N",138,28,28,"Ec",17,0,0,0,0,1,0.0636859452353503
"8249","1325","Ec_N",138,29,29,"Ec",17,0,0,0,0,1,0.0636859452353503
"8250","1325","Ec_N",138,30,30,"Ec",17,0,0,0,0,1,0.0636859452353503
"8251","1325","Ec_N",138,31,31,"Ec",17,0,0,0,0,1,0.0636859452353503
"8252","1325","Ec_N",138,32,32,"Ec",17,0,0,0,0,1,0.0636859452353503
"8253","1325","Ec_N",138,33,33,"Ec",19,0,1,0,0,1,0.484124241483168
"8254","1325","Ec_N",138,34,34,"Ec",27,0,1,0,1,1,0.533148725443406
"8255","1325","Ec_N",138,35,35,"Ec",27,0,1,0,1,1,0.533148725443406
"8256","1325","Ec_N",138,36,36,"Ec",27,0,1,0,1,1,0.533148725443406
"8257","1325","Ec_N",138,37,37,"Ec",27,0,1,0,1,1,0.533148725443406
"8258","1325","Ec_N",138,38,38,"Ec",28,1,1,0,1,1,0.815884725734249
"8259","1325","Ec_N",138,39,39,"Ec",28,1,1,0,1,1,0.815884725734249
"8260","1325","Ec_N",138,40,40,"Ec",28,1,1,0,1,1,0.815884725734249
"8261","1325","Ec_N",138,41,41,"Ec",28,1,1,0,1,1,0.815884725734249
"8262","1325","Ec_N",138,42,42,"Ec",28,1,1,0,1,1,0.815884725734249
"8263","1325","Ec_N",138,43,43,"Ec",28,1,1,0,1,1,0.815884725734249
"8264","1325","Ec_N",138,44,44,"Ec",28,1,1,0,1,1,0.815884725734249
"8265","1325","Ec_N",138,45,45,"Ec",32,1,1,1,1,1,1
"8266","1325","Ec_N",138,46,46,"Ec",32,1,1,1,1,1,1
"8267","1325","Ec_N",138,47,47,"Ec",32,1,1,1,1,1,1
"8268","1325","Ec_N",138,48,48,"Ec",32,1,1,1,1,1,1
"8269","1325","Ec_N",138,49,49,"Ec",32,1,1,1,1,1,1
"8270","1325","Ec_N",138,50,50,"Ec",32,1,1,1,1,1,1
"8271","1325","Ec_N",138,51,51,"Ec",32,1,1,1,1,1,1
"8272","1325","Ec_N",138,52,52,"Ec",32,1,1,1,1,1,1
"8273","1325","Ec_N",138,53,53,"Ec",32,1,1,1,1,1,1
"8274","1325","Ec_N",138,54,54,"Ec",32,1,1,1,1,1,1
"8275","1325","Ec_N",138,55,55,"Ec",32,1,1,1,1,1,1
"8276","1325","Ec_N",138,56,56,"Ec",32,1,1,1,1,1,1
"8277","1325","Ec_N",138,57,57,"Ec",32,1,1,1,1,1,1
"8278","1325","Ec_N",138,58,58,"Ec",32,1,1,1,1,1,1
"8279","1325","Ec_N",138,59,59,"Ec",32,1,1,1,1,1,1
"8280","1325","Ec_N",138,60,60,"Ec",32,1,1,1,1,1,1
"8281","1325","Ec_N",139,1,1,"Ec",1,0,0,0,0,0,0
"8282","1325","Ec_N",139,2,2,"Ec",1,0,0,0,0,0,0
"8283","1325","Ec_N",139,3,3,"Ec",3,0,1,0,0,0,0.420438296247818
"8284","1325","Ec_N",139,4,4,"Ec",3,0,1,0,0,0,0.420438296247818
"8285","1325","Ec_N",139,5,5,"Ec",3,0,1,0,0,0,0.420438296247818
"8286","1325","Ec_N",139,6,6,"Ec",19,0,1,0,0,1,0.484124241483168
"8287","1325","Ec_N",139,7,7,"Ec",19,0,1,0,0,1,0.484124241483168
"8288","1325","Ec_N",139,8,8,"Ec",19,0,1,0,0,1,0.484124241483168
"8289","1325","Ec_N",139,9,9,"Ec",19,0,1,0,0,1,0.484124241483168
"8290","1325","Ec_N",139,10,10,"Ec",19,0,1,0,0,1,0.484124241483168
"8291","1325","Ec_N",139,11,11,"Ec",19,0,1,0,0,1,0.484124241483168
"8292","1325","Ec_N",139,12,12,"Ec",19,0,1,0,0,1,0.484124241483168
"8293","1325","Ec_N",139,13,13,"Ec",19,0,1,0,0,1,0.484124241483168
"8294","1325","Ec_N",139,14,14,"Ec",19,0,1,0,0,1,0.484124241483168
"8295","1325","Ec_N",139,15,15,"Ec",19,0,1,0,0,1,0.484124241483168
"8296","1325","Ec_N",139,16,16,"Ec",23,0,1,1,0,1,0.57389469344254
"8297","1325","Ec_N",139,17,17,"Ec",23,0,1,1,0,1,0.57389469344254
"8298","1325","Ec_N",139,18,18,"Ec",23,0,1,1,0,1,0.57389469344254
"8299","1325","Ec_N",139,19,19,"Ec",23,0,1,1,0,1,0.57389469344254
"8300","1325","Ec_N",139,20,20,"Ec",31,0,1,1,1,1,0.6927777538956
"8301","1325","Ec_N",139,21,21,"Ec",31,0,1,1,1,1,0.6927777538956
"8302","1325","Ec_N",139,22,22,"Ec",31,0,1,1,1,1,0.6927777538956
"8303","1325","Ec_N",139,23,23,"Ec",31,0,1,1,1,1,0.6927777538956
"8304","1325","Ec_N",139,24,24,"Ec",31,0,1,1,1,1,0.6927777538956
"8305","1325","Ec_N",139,25,25,"Ec",31,0,1,1,1,1,0.6927777538956
"8306","1325","Ec_N",139,26,26,"Ec",31,0,1,1,1,1,0.6927777538956
"8307","1325","Ec_N",139,27,27,"Ec",31,0,1,1,1,1,0.6927777538956
"8308","1325","Ec_N",139,28,28,"Ec",31,0,1,1,1,1,0.6927777538956
"8309","1325","Ec_N",139,29,29,"Ec",31,0,1,1,1,1,0.6927777538956
"8310","1325","Ec_N",139,30,30,"Ec",31,0,1,1,1,1,0.6927777538956
"8311","1325","Ec_N",139,31,31,"Ec",31,0,1,1,1,1,0.6927777538956
"8312","1325","Ec_N",139,32,32,"Ec",31,0,1,1,1,1,0.6927777538956
"8313","1325","Ec_N",139,33,33,"Ec",31,0,1,1,1,1,0.6927777538956
"8314","1325","Ec_N",139,34,34,"Ec",31,0,1,1,1,1,0.6927777538956
"8315","1325","Ec_N",139,35,35,"Ec",31,0,1,1,1,1,0.6927777538956
"8316","1325","Ec_N",139,36,36,"Ec",31,0,1,1,1,1,0.6927777538956
"8317","1325","Ec_N",139,37,37,"Ec",31,0,1,1,1,1,0.6927777538956
"8318","1325","Ec_N",139,38,38,"Ec",31,0,1,1,1,1,0.6927777538956
"8319","1325","Ec_N",139,39,39,"Ec",31,0,1,1,1,1,0.6927777538956
"8320","1325","Ec_N",139,40,40,"Ec",31,0,1,1,1,1,0.6927777538956
"8321","1325","Ec_N",139,41,41,"Ec",31,0,1,1,1,1,0.6927777538956
"8322","1325","Ec_N",139,42,42,"Ec",31,0,1,1,1,1,0.6927777538956
"8323","1325","Ec_N",139,43,43,"Ec",31,0,1,1,1,1,0.6927777538956
"8324","1325","Ec_N",139,44,44,"Ec",31,0,1,1,1,1,0.6927777538956
"8325","1325","Ec_N",139,45,45,"Ec",31,0,1,1,1,1,0.6927777538956
"8326","1325","Ec_N",139,46,46,"Ec",31,0,1,1,1,1,0.6927777538956
"8327","1325","Ec_N",139,47,47,"Ec",31,0,1,1,1,1,0.6927777538956
"8328","1325","Ec_N",139,48,48,"Ec",31,0,1,1,1,1,0.6927777538956
"8329","1325","Ec_N",139,49,49,"Ec",31,0,1,1,1,1,0.6927777538956
"8330","1325","Ec_N",139,50,50,"Ec",31,0,1,1,1,1,0.6927777538956
"8331","1325","Ec_N",139,51,51,"Ec",31,0,1,1,1,1,0.6927777538956
"8332","1325","Ec_N",139,52,52,"Ec",31,0,1,1,1,1,0.6927777538956
"8333","1325","Ec_N",139,53,53,"Ec",31,0,1,1,1,1,0.6927777538956
"8334","1325","Ec_N",139,54,54,"Ec",31,0,1,1,1,1,0.6927777538956
"8335","1325","Ec_N",139,55,55,"Ec",31,0,1,1,1,1,0.6927777538956
"8336","1325","Ec_N",139,56,56,"Ec",31,0,1,1,1,1,0.6927777538956
"8337","1325","Ec_N",139,57,57,"Ec",31,0,1,1,1,1,0.6927777538956
"8338","1325","Ec_N",139,58,58,"Ec",31,0,1,1,1,1,0.6927777538956
"8339","1325","Ec_N",139,59,59,"Ec",31,0,1,1,1,1,0.6927777538956
"8340","1325","Ec_N",139,60,60,"Ec",31,0,1,1,1,1,0.6927777538956
"8341","1325","Ec_N",140,1,1,"Ec",1,0,0,0,0,0,0
"8342","1325","Ec_N",140,2,2,"Ec",1,0,0,0,0,0,0
"8343","1325","Ec_N",140,3,3,"Ec",1,0,0,0,0,0,0
"8344","1325","Ec_N",140,4,4,"Ec",1,0,0,0,0,0,0
"8345","1325","Ec_N",140,5,5,"Ec",1,0,0,0,0,0,0
"8346","1325","Ec_N",140,6,6,"Ec",1,0,0,0,0,0,0
"8347","1325","Ec_N",140,7,7,"Ec",1,0,0,0,0,0,0
"8348","1325","Ec_N",140,8,8,"Ec",1,0,0,0,0,0,0
"8349","1325","Ec_N",140,9,9,"Ec",1,0,0,0,0,0,0
"8350","1325","Ec_N",140,10,10,"Ec",5,0,0,1,0,0,0.159629028452195
"8351","1325","Ec_N",140,11,11,"Ec",7,0,1,1,0,0,0.580067324700012
"8352","1325","Ec_N",140,12,12,"Ec",7,0,1,1,0,0,0.580067324700012
"8353","1325","Ec_N",140,13,13,"Ec",7,0,1,1,0,0,0.580067324700012
"8354","1325","Ec_N",140,14,14,"Ec",7,0,1,1,0,0,0.580067324700012
"8355","1325","Ec_N",140,15,15,"Ec",8,1,1,1,0,0,0.887289570804412
"8356","1325","Ec_N",140,16,16,"Ec",8,1,1,1,0,0,0.887289570804412
"8357","1325","Ec_N",140,17,17,"Ec",8,1,1,1,0,0,0.887289570804412
"8358","1325","Ec_N",140,18,18,"Ec",8,1,1,1,0,0,0.887289570804412
"8359","1325","Ec_N",140,19,19,"Ec",8,1,1,1,0,0,0.887289570804412
"8360","1325","Ec_N",140,20,20,"Ec",8,1,1,1,0,0,0.887289570804412
"8361","1325","Ec_N",140,21,21,"Ec",8,1,1,1,0,0,0.887289570804412
"8362","1325","Ec_N",140,22,22,"Ec",8,1,1,1,0,0,0.887289570804412
"8363","1325","Ec_N",140,23,23,"Ec",16,1,1,1,1,0,0.93631405476465
"8364","1325","Ec_N",140,24,24,"Ec",16,1,1,1,1,0,0.93631405476465
"8365","1325","Ec_N",140,25,25,"Ec",16,1,1,1,1,0,0.93631405476465
"8366","1325","Ec_N",140,26,26,"Ec",16,1,1,1,1,0,0.93631405476465
"8367","1325","Ec_N",140,27,27,"Ec",16,1,1,1,1,0,0.93631405476465
"8368","1325","Ec_N",140,28,28,"Ec",16,1,1,1,1,0,0.93631405476465
"8369","1325","Ec_N",140,29,29,"Ec",16,1,1,1,1,0,0.93631405476465
"8370","1325","Ec_N",140,30,30,"Ec",16,1,1,1,1,0,0.93631405476465
"8371","1325","Ec_N",140,31,31,"Ec",16,1,1,1,1,0,0.93631405476465
"8372","1325","Ec_N",140,32,32,"Ec",16,1,1,1,1,0,0.93631405476465
"8373","1325","Ec_N",140,33,33,"Ec",16,1,1,1,1,0,0.93631405476465
"8374","1325","Ec_N",140,34,34,"Ec",16,1,1,1,1,0,0.93631405476465
"8375","1325","Ec_N",140,35,35,"Ec",16,1,1,1,1,0,0.93631405476465
"8376","1325","Ec_N",140,36,36,"Ec",16,1,1,1,1,0,0.93631405476465
"8377","1325","Ec_N",140,37,37,"Ec",32,1,1,1,1,1,1
"8378","1325","Ec_N",140,38,38,"Ec",32,1,1,1,1,1,1
"8379","1325","Ec_N",140,39,39,"Ec",32,1,1,1,1,1,1
"8380","1325","Ec_N",140,40,40,"Ec",32,1,1,1,1,1,1
"8381","1325","Ec_N",140,41,41,"Ec",32,1,1,1,1,1,1
"8382","1325","Ec_N",140,42,42,"Ec",32,1,1,1,1,1,1
"8383","1325","Ec_N",140,43,43,"Ec",32,1,1,1,1,1,1
"8384","1325","Ec_N",140,44,44,"Ec",32,1,1,1,1,1,1
"8385","1325","Ec_N",140,45,45,"Ec",32,1,1,1,1,1,1
"8386","1325","Ec_N",140,46,46,"Ec",32,1,1,1,1,1,1
"8387","1325","Ec_N",140,47,47,"Ec",32,1,1,1,1,1,1
"8388","1325","Ec_N",140,48,48,"Ec",32,1,1,1,1,1,1
"8389","1325","Ec_N",140,49,49,"Ec",32,1,1,1,1,1,1
"8390","1325","Ec_N",140,50,50,"Ec",32,1,1,1,1,1,1
"8391","1325","Ec_N",140,51,51,"Ec",32,1,1,1,1,1,1
"8392","1325","Ec_N",140,52,52,"Ec",32,1,1,1,1,1,1
"8393","1325","Ec_N",140,53,53,"Ec",32,1,1,1,1,1,1
"8394","1325","Ec_N",140,54,54,"Ec",32,1,1,1,1,1,1
"8395","1325","Ec_N",140,55,55,"Ec",32,1,1,1,1,1,1
"8396","1325","Ec_N",140,56,56,"Ec",32,1,1,1,1,1,1
"8397","1325","Ec_N",140,57,57,"Ec",32,1,1,1,1,1,1
"8398","1325","Ec_N",140,58,58,"Ec",32,1,1,1,1,1,1
"8399","1325","Ec_N",140,59,59,"Ec",32,1,1,1,1,1,1
"8400","1325","Ec_N",140,60,60,"Ec",32,1,1,1,1,1,1
"8401","1325","Ec_N",141,1,1,"Ec",1,0,0,0,0,0,0
"8402","1325","Ec_N",141,2,2,"Ec",3,0,1,0,0,0,0.420438296247818
"8403","1325","Ec_N",141,3,3,"Ec",3,0,1,0,0,0,0.420438296247818
"8404","1325","Ec_N",141,4,4,"Ec",3,0,1,0,0,0,0.420438296247818
"8405","1325","Ec_N",141,5,5,"Ec",3,0,1,0,0,0,0.420438296247818
"8406","1325","Ec_N",141,6,6,"Ec",19,0,1,0,0,1,0.484124241483168
"8407","1325","Ec_N",141,7,7,"Ec",19,0,1,0,0,1,0.484124241483168
"8408","1325","Ec_N",141,8,8,"Ec",19,0,1,0,0,1,0.484124241483168
"8409","1325","Ec_N",141,9,9,"Ec",19,0,1,0,0,1,0.484124241483168
"8410","1325","Ec_N",141,10,10,"Ec",19,0,1,0,0,1,0.484124241483168
"8411","1325","Ec_N",141,11,11,"Ec",19,0,1,0,0,1,0.484124241483168
"8412","1325","Ec_N",141,12,12,"Ec",19,0,1,0,0,1,0.484124241483168
"8413","1325","Ec_N",141,13,13,"Ec",19,0,1,0,0,1,0.484124241483168
"8414","1325","Ec_N",141,14,14,"Ec",19,0,1,0,0,1,0.484124241483168
"8415","1325","Ec_N",141,15,15,"Ec",23,0,1,1,0,1,0.57389469344254
"8416","1325","Ec_N",141,16,16,"Ec",7,0,1,1,0,0,0.580067324700012
"8417","1325","Ec_N",141,17,17,"Ec",7,0,1,1,0,0,0.580067324700012
"8418","1325","Ec_N",141,18,18,"Ec",7,0,1,1,0,0,0.580067324700012
"8419","1325","Ec_N",141,19,19,"Ec",7,0,1,1,0,0,0.580067324700012
"8420","1325","Ec_N",141,20,20,"Ec",7,0,1,1,0,0,0.580067324700012
"8421","1325","Ec_N",141,21,21,"Ec",7,0,1,1,0,0,0.580067324700012
"8422","1325","Ec_N",141,22,22,"Ec",7,0,1,1,0,0,0.580067324700012
"8423","1325","Ec_N",141,23,23,"Ec",7,0,1,1,0,0,0.580067324700012
"8424","1325","Ec_N",141,24,24,"Ec",7,0,1,1,0,0,0.580067324700012
"8425","1325","Ec_N",141,25,25,"Ec",7,0,1,1,0,0,0.580067324700012
"8426","1325","Ec_N",141,26,26,"Ec",7,0,1,1,0,0,0.580067324700012
"8427","1325","Ec_N",141,27,27,"Ec",7,0,1,1,0,0,0.580067324700012
"8428","1325","Ec_N",141,28,28,"Ec",7,0,1,1,0,0,0.580067324700012
"8429","1325","Ec_N",141,29,29,"Ec",15,0,1,1,1,0,0.62909180866025
"8430","1325","Ec_N",141,30,30,"Ec",15,0,1,1,1,0,0.62909180866025
"8431","1325","Ec_N",141,31,31,"Ec",15,0,1,1,1,0,0.62909180866025
"8432","1325","Ec_N",141,32,32,"Ec",15,0,1,1,1,0,0.62909180866025
"8433","1325","Ec_N",141,33,33,"Ec",15,0,1,1,1,0,0.62909180866025
"8434","1325","Ec_N",141,34,34,"Ec",15,0,1,1,1,0,0.62909180866025
"8435","1325","Ec_N",141,35,35,"Ec",15,0,1,1,1,0,0.62909180866025
"8436","1325","Ec_N",141,36,36,"Ec",31,0,1,1,1,1,0.6927777538956
"8437","1325","Ec_N",141,37,37,"Ec",31,0,1,1,1,1,0.6927777538956
"8438","1325","Ec_N",141,38,38,"Ec",31,0,1,1,1,1,0.6927777538956
"8439","1325","Ec_N",141,39,39,"Ec",31,0,1,1,1,1,0.6927777538956
"8440","1325","Ec_N",141,40,40,"Ec",31,0,1,1,1,1,0.6927777538956
"8441","1325","Ec_N",141,41,41,"Ec",31,0,1,1,1,1,0.6927777538956
"8442","1325","Ec_N",141,42,42,"Ec",31,0,1,1,1,1,0.6927777538956
"8443","1325","Ec_N",141,43,43,"Ec",31,0,1,1,1,1,0.6927777538956
"8444","1325","Ec_N",141,44,44,"Ec",31,0,1,1,1,1,0.6927777538956
"8445","1325","Ec_N",141,45,45,"Ec",31,0,1,1,1,1,0.6927777538956
"8446","1325","Ec_N",141,46,46,"Ec",31,0,1,1,1,1,0.6927777538956
"8447","1325","Ec_N",141,47,47,"Ec",31,0,1,1,1,1,0.6927777538956
"8448","1325","Ec_N",141,48,48,"Ec",31,0,1,1,1,1,0.6927777538956
"8449","1325","Ec_N",141,49,49,"Ec",31,0,1,1,1,1,0.6927777538956
"8450","1325","Ec_N",141,50,50,"Ec",31,0,1,1,1,1,0.6927777538956
"8451","1325","Ec_N",141,51,51,"Ec",31,0,1,1,1,1,0.6927777538956
"8452","1325","Ec_N",141,52,52,"Ec",31,0,1,1,1,1,0.6927777538956
"8453","1325","Ec_N",141,53,53,"Ec",31,0,1,1,1,1,0.6927777538956
"8454","1325","Ec_N",141,54,54,"Ec",31,0,1,1,1,1,0.6927777538956
"8455","1325","Ec_N",141,55,55,"Ec",31,0,1,1,1,1,0.6927777538956
"8456","1325","Ec_N",141,56,56,"Ec",31,0,1,1,1,1,0.6927777538956
"8457","1325","Ec_N",141,57,57,"Ec",31,0,1,1,1,1,0.6927777538956
"8458","1325","Ec_N",141,58,58,"Ec",31,0,1,1,1,1,0.6927777538956
"8459","1325","Ec_N",141,59,59,"Ec",31,0,1,1,1,1,0.6927777538956
"8460","1325","Ec_N",141,60,60,"Ec",31,0,1,1,1,1,0.6927777538956
"8461","1325","Ec_N",142,1,1,"Ec",1,0,0,0,0,0,0
"8462","1325","Ec_N",142,2,2,"Ec",1,0,0,0,0,0,0
"8463","1325","Ec_N",142,3,3,"Ec",1,0,0,0,0,0,0
"8464","1325","Ec_N",142,4,4,"Ec",1,0,0,0,0,0,0
"8465","1325","Ec_N",142,5,5,"Ec",1,0,0,0,0,0,0
"8466","1325","Ec_N",142,6,6,"Ec",1,0,0,0,0,0,0
"8467","1325","Ec_N",142,7,7,"Ec",3,0,1,0,0,0,0.420438296247818
"8468","1325","Ec_N",142,8,8,"Ec",3,0,1,0,0,0,0.420438296247818
"8469","1325","Ec_N",142,9,9,"Ec",3,0,1,0,0,0,0.420438296247818
"8470","1325","Ec_N",142,10,10,"Ec",3,0,1,0,0,0,0.420438296247818
"8471","1325","Ec_N",142,11,11,"Ec",3,0,1,0,0,0,0.420438296247818
"8472","1325","Ec_N",142,12,12,"Ec",3,0,1,0,0,0,0.420438296247818
"8473","1325","Ec_N",142,13,13,"Ec",3,0,1,0,0,0,0.420438296247818
"8474","1325","Ec_N",142,14,14,"Ec",3,0,1,0,0,0,0.420438296247818
"8475","1325","Ec_N",142,15,15,"Ec",3,0,1,0,0,0,0.420438296247818
"8476","1325","Ec_N",142,16,16,"Ec",3,0,1,0,0,0,0.420438296247818
"8477","1325","Ec_N",142,17,17,"Ec",3,0,1,0,0,0,0.420438296247818
"8478","1325","Ec_N",142,18,18,"Ec",3,0,1,0,0,0,0.420438296247818
"8479","1325","Ec_N",142,19,19,"Ec",11,0,1,0,1,0,0.503461616060769
"8480","1325","Ec_N",142,20,20,"Ec",11,0,1,0,1,0,0.503461616060769
"8481","1325","Ec_N",142,21,21,"Ec",11,0,1,0,1,0,0.503461616060769
"8482","1325","Ec_N",142,22,22,"Ec",11,0,1,0,1,0,0.503461616060769
"8483","1325","Ec_N",142,23,23,"Ec",11,0,1,0,1,0,0.503461616060769
"8484","1325","Ec_N",142,24,24,"Ec",27,0,1,0,1,1,0.533148725443406
"8485","1325","Ec_N",142,25,25,"Ec",27,0,1,0,1,1,0.533148725443406
"8486","1325","Ec_N",142,26,26,"Ec",27,0,1,0,1,1,0.533148725443406
"8487","1325","Ec_N",142,27,27,"Ec",28,1,1,0,1,1,0.815884725734249
"8488","1325","Ec_N",142,28,28,"Ec",28,1,1,0,1,1,0.815884725734249
"8489","1325","Ec_N",142,29,29,"Ec",28,1,1,0,1,1,0.815884725734249
"8490","1325","Ec_N",142,30,30,"Ec",28,1,1,0,1,1,0.815884725734249
"8491","1325","Ec_N",142,31,31,"Ec",28,1,1,0,1,1,0.815884725734249
"8492","1325","Ec_N",142,32,32,"Ec",28,1,1,0,1,1,0.815884725734249
"8493","1325","Ec_N",142,33,33,"Ec",28,1,1,0,1,1,0.815884725734249
"8494","1325","Ec_N",142,34,34,"Ec",28,1,1,0,1,1,0.815884725734249
"8495","1325","Ec_N",142,35,35,"Ec",28,1,1,0,1,1,0.815884725734249
"8496","1325","Ec_N",142,36,36,"Ec",28,1,1,0,1,1,0.815884725734249
"8497","1325","Ec_N",142,37,37,"Ec",28,1,1,0,1,1,0.815884725734249
"8498","1325","Ec_N",142,38,38,"Ec",28,1,1,0,1,1,0.815884725734249
"8499","1325","Ec_N",142,39,39,"Ec",28,1,1,0,1,1,0.815884725734249
"8500","1325","Ec_N",142,40,40,"Ec",28,1,1,0,1,1,0.815884725734249
"8501","1325","Ec_N",142,41,41,"Ec",28,1,1,0,1,1,0.815884725734249
"8502","1325","Ec_N",142,42,42,"Ec",28,1,1,0,1,1,0.815884725734249
"8503","1325","Ec_N",142,43,43,"Ec",28,1,1,0,1,1,0.815884725734249
"8504","1325","Ec_N",142,44,44,"Ec",32,1,1,1,1,1,1
"8505","1325","Ec_N",142,45,45,"Ec",32,1,1,1,1,1,1
"8506","1325","Ec_N",142,46,46,"Ec",32,1,1,1,1,1,1
"8507","1325","Ec_N",142,47,47,"Ec",32,1,1,1,1,1,1
"8508","1325","Ec_N",142,48,48,"Ec",32,1,1,1,1,1,1
"8509","1325","Ec_N",142,49,49,"Ec",32,1,1,1,1,1,1
"8510","1325","Ec_N",142,50,50,"Ec",32,1,1,1,1,1,1
"8511","1325","Ec_N",142,51,51,"Ec",32,1,1,1,1,1,1
"8512","1325","Ec_N",142,52,52,"Ec",32,1,1,1,1,1,1
"8513","1325","Ec_N",142,53,53,"Ec",32,1,1,1,1,1,1
"8514","1325","Ec_N",142,54,54,"Ec",32,1,1,1,1,1,1
"8515","1325","Ec_N",142,55,55,"Ec",32,1,1,1,1,1,1
"8516","1325","Ec_N",142,56,56,"Ec",32,1,1,1,1,1,1
"8517","1325","Ec_N",142,57,57,"Ec",32,1,1,1,1,1,1
"8518","1325","Ec_N",142,58,58,"Ec",32,1,1,1,1,1,1
"8519","1325","Ec_N",142,59,59,"Ec",32,1,1,1,1,1,1
"8520","1325","Ec_N",142,60,60,"Ec",32,1,1,1,1,1,1
"8521","1325","Ec_N",143,1,1,"Ec",1,0,0,0,0,0,0
"8522","1325","Ec_N",143,2,2,"Ec",1,0,0,0,0,0,0
"8523","1325","Ec_N",143,3,3,"Ec",1,0,0,0,0,0,0
"8524","1325","Ec_N",143,4,4,"Ec",1,0,0,0,0,0,0
"8525","1325","Ec_N",143,5,5,"Ec",1,0,0,0,0,0,0
"8526","1325","Ec_N",143,6,6,"Ec",1,0,0,0,0,0,0
"8527","1325","Ec_N",143,7,7,"Ec",1,0,0,0,0,0,0
"8528","1325","Ec_N",143,8,8,"Ec",1,0,0,0,0,0,0
"8529","1325","Ec_N",143,9,9,"Ec",1,0,0,0,0,0,0
"8530","1325","Ec_N",143,10,10,"Ec",1,0,0,0,0,0,0
"8531","1325","Ec_N",143,11,11,"Ec",1,0,0,0,0,0,0
"8532","1325","Ec_N",143,12,12,"Ec",1,0,0,0,0,0,0
"8533","1325","Ec_N",143,13,13,"Ec",1,0,0,0,0,0,0
"8534","1325","Ec_N",143,14,14,"Ec",3,0,1,0,0,0,0.420438296247818
"8535","1325","Ec_N",143,15,15,"Ec",3,0,1,0,0,0,0.420438296247818
"8536","1325","Ec_N",143,16,16,"Ec",3,0,1,0,0,0,0.420438296247818
"8537","1325","Ec_N",143,17,17,"Ec",4,1,1,0,0,0,0.727660542352217
"8538","1325","Ec_N",143,18,18,"Ec",4,1,1,0,0,0,0.727660542352217
"8539","1325","Ec_N",143,19,19,"Ec",4,1,1,0,0,0,0.727660542352217
"8540","1325","Ec_N",143,20,20,"Ec",4,1,1,0,0,0,0.727660542352217
"8541","1325","Ec_N",143,21,21,"Ec",20,1,1,0,0,1,0.791346487587567
"8542","1325","Ec_N",143,22,22,"Ec",20,1,1,0,0,1,0.791346487587567
"8543","1325","Ec_N",143,23,23,"Ec",20,1,1,0,0,1,0.791346487587567
"8544","1325","Ec_N",143,24,24,"Ec",28,1,1,0,1,1,0.815884725734249
"8545","1325","Ec_N",143,25,25,"Ec",28,1,1,0,1,1,0.815884725734249
"8546","1325","Ec_N",143,26,26,"Ec",28,1,1,0,1,1,0.815884725734249
"8547","1325","Ec_N",143,27,27,"Ec",28,1,1,0,1,1,0.815884725734249
"8548","1325","Ec_N",143,28,28,"Ec",28,1,1,0,1,1,0.815884725734249
"8549","1325","Ec_N",143,29,29,"Ec",28,1,1,0,1,1,0.815884725734249
"8550","1325","Ec_N",143,30,30,"Ec",28,1,1,0,1,1,0.815884725734249
"8551","1325","Ec_N",143,31,31,"Ec",28,1,1,0,1,1,0.815884725734249
"8552","1325","Ec_N",143,32,32,"Ec",28,1,1,0,1,1,0.815884725734249
"8553","1325","Ec_N",143,33,33,"Ec",28,1,1,0,1,1,0.815884725734249
"8554","1325","Ec_N",143,34,34,"Ec",28,1,1,0,1,1,0.815884725734249
"8555","1325","Ec_N",143,35,35,"Ec",28,1,1,0,1,1,0.815884725734249
"8556","1325","Ec_N",143,36,36,"Ec",28,1,1,0,1,1,0.815884725734249
"8557","1325","Ec_N",143,37,37,"Ec",28,1,1,0,1,1,0.815884725734249
"8558","1325","Ec_N",143,38,38,"Ec",28,1,1,0,1,1,0.815884725734249
"8559","1325","Ec_N",143,39,39,"Ec",28,1,1,0,1,1,0.815884725734249
"8560","1325","Ec_N",143,40,40,"Ec",28,1,1,0,1,1,0.815884725734249
"8561","1325","Ec_N",143,41,41,"Ec",28,1,1,0,1,1,0.815884725734249
"8562","1325","Ec_N",143,42,42,"Ec",28,1,1,0,1,1,0.815884725734249
"8563","1325","Ec_N",143,43,43,"Ec",28,1,1,0,1,1,0.815884725734249
"8564","1325","Ec_N",143,44,44,"Ec",28,1,1,0,1,1,0.815884725734249
"8565","1325","Ec_N",143,45,45,"Ec",28,1,1,0,1,1,0.815884725734249
"8566","1325","Ec_N",143,46,46,"Ec",28,1,1,0,1,1,0.815884725734249
"8567","1325","Ec_N",143,47,47,"Ec",28,1,1,0,1,1,0.815884725734249
"8568","1325","Ec_N",143,48,48,"Ec",28,1,1,0,1,1,0.815884725734249
"8569","1325","Ec_N",143,49,49,"Ec",28,1,1,0,1,1,0.815884725734249
"8570","1325","Ec_N",143,50,50,"Ec",28,1,1,0,1,1,0.815884725734249
"8571","1325","Ec_N",143,51,51,"Ec",28,1,1,0,1,1,0.815884725734249
"8572","1325","Ec_N",143,52,52,"Ec",28,1,1,0,1,1,0.815884725734249
"8573","1325","Ec_N",143,53,53,"Ec",28,1,1,0,1,1,0.815884725734249
"8574","1325","Ec_N",143,54,54,"Ec",28,1,1,0,1,1,0.815884725734249
"8575","1325","Ec_N",143,55,55,"Ec",28,1,1,0,1,1,0.815884725734249
"8576","1325","Ec_N",143,56,56,"Ec",28,1,1,0,1,1,0.815884725734249
"8577","1325","Ec_N",143,57,57,"Ec",28,1,1,0,1,1,0.815884725734249
"8578","1325","Ec_N",143,58,58,"Ec",28,1,1,0,1,1,0.815884725734249
"8579","1325","Ec_N",143,59,59,"Ec",28,1,1,0,1,1,0.815884725734249
"8580","1325","Ec_N",143,60,60,"Ec",28,1,1,0,1,1,0.815884725734249
"8581","1325","Ec_N",144,1,1,"Ec",1,0,0,0,0,0,0
"8582","1325","Ec_N",144,2,2,"Ec",1,0,0,0,0,0,0
"8583","1325","Ec_N",144,3,3,"Ec",3,0,1,0,0,0,0.420438296247818
"8584","1325","Ec_N",144,4,4,"Ec",3,0,1,0,0,0,0.420438296247818
"8585","1325","Ec_N",144,5,5,"Ec",3,0,1,0,0,0,0.420438296247818
"8586","1325","Ec_N",144,6,6,"Ec",4,1,1,0,0,0,0.727660542352217
"8587","1325","Ec_N",144,7,7,"Ec",4,1,1,0,0,0,0.727660542352217
"8588","1325","Ec_N",144,8,8,"Ec",4,1,1,0,0,0,0.727660542352217
"8589","1325","Ec_N",144,9,9,"Ec",4,1,1,0,0,0,0.727660542352217
"8590","1325","Ec_N",144,10,10,"Ec",4,1,1,0,0,0,0.727660542352217
"8591","1325","Ec_N",144,11,11,"Ec",4,1,1,0,0,0,0.727660542352217
"8592","1325","Ec_N",144,12,12,"Ec",4,1,1,0,0,0,0.727660542352217
"8593","1325","Ec_N",144,13,13,"Ec",4,1,1,0,0,0,0.727660542352217
"8594","1325","Ec_N",144,14,14,"Ec",4,1,1,0,0,0,0.727660542352217
"8595","1325","Ec_N",144,15,15,"Ec",4,1,1,0,0,0,0.727660542352217
"8596","1325","Ec_N",144,16,16,"Ec",4,1,1,0,0,0,0.727660542352217
"8597","1325","Ec_N",144,17,17,"Ec",4,1,1,0,0,0,0.727660542352217
"8598","1325","Ec_N",144,18,18,"Ec",12,1,1,0,1,0,0.776685026312455
"8599","1325","Ec_N",144,19,19,"Ec",28,1,1,0,1,1,0.815884725734249
"8600","1325","Ec_N",144,20,20,"Ec",28,1,1,0,1,1,0.815884725734249
"8601","1325","Ec_N",144,21,21,"Ec",28,1,1,0,1,1,0.815884725734249
"8602","1325","Ec_N",144,22,22,"Ec",28,1,1,0,1,1,0.815884725734249
"8603","1325","Ec_N",144,23,23,"Ec",28,1,1,0,1,1,0.815884725734249
"8604","1325","Ec_N",144,24,24,"Ec",28,1,1,0,1,1,0.815884725734249
"8605","1325","Ec_N",144,25,25,"Ec",28,1,1,0,1,1,0.815884725734249
"8606","1325","Ec_N",144,26,26,"Ec",28,1,1,0,1,1,0.815884725734249
"8607","1325","Ec_N",144,27,27,"Ec",28,1,1,0,1,1,0.815884725734249
"8608","1325","Ec_N",144,28,28,"Ec",28,1,1,0,1,1,0.815884725734249
"8609","1325","Ec_N",144,29,29,"Ec",28,1,1,0,1,1,0.815884725734249
"8610","1325","Ec_N",144,30,30,"Ec",28,1,1,0,1,1,0.815884725734249
"8611","1325","Ec_N",144,31,31,"Ec",28,1,1,0,1,1,0.815884725734249
"8612","1325","Ec_N",144,32,32,"Ec",28,1,1,0,1,1,0.815884725734249
"8613","1325","Ec_N",144,33,33,"Ec",28,1,1,0,1,1,0.815884725734249
"8614","1325","Ec_N",144,34,34,"Ec",28,1,1,0,1,1,0.815884725734249
"8615","1325","Ec_N",144,35,35,"Ec",28,1,1,0,1,1,0.815884725734249
"8616","1325","Ec_N",144,36,36,"Ec",28,1,1,0,1,1,0.815884725734249
"8617","1325","Ec_N",144,37,37,"Ec",28,1,1,0,1,1,0.815884725734249
"8618","1325","Ec_N",144,38,38,"Ec",28,1,1,0,1,1,0.815884725734249
"8619","1325","Ec_N",144,39,39,"Ec",28,1,1,0,1,1,0.815884725734249
"8620","1325","Ec_N",144,40,40,"Ec",28,1,1,0,1,1,0.815884725734249
"8621","1325","Ec_N",144,41,41,"Ec",28,1,1,0,1,1,0.815884725734249
"8622","1325","Ec_N",144,42,42,"Ec",28,1,1,0,1,1,0.815884725734249
"8623","1325","Ec_N",144,43,43,"Ec",32,1,1,1,1,1,1
"8624","1325","Ec_N",144,44,44,"Ec",32,1,1,1,1,1,1
"8625","1325","Ec_N",144,45,45,"Ec",32,1,1,1,1,1,1
"8626","1325","Ec_N",144,46,46,"Ec",32,1,1,1,1,1,1
"8627","1325","Ec_N",144,47,47,"Ec",32,1,1,1,1,1,1
"8628","1325","Ec_N",144,48,48,"Ec",32,1,1,1,1,1,1
"8629","1325","Ec_N",144,49,49,"Ec",32,1,1,1,1,1,1
"8630","1325","Ec_N",144,50,50,"Ec",32,1,1,1,1,1,1
"8631","1325","Ec_N",144,51,51,"Ec",32,1,1,1,1,1,1
"8632","1325","Ec_N",144,52,52,"Ec",32,1,1,1,1,1,1
"8633","1325","Ec_N",144,53,53,"Ec",32,1,1,1,1,1,1
"8634","1325","Ec_N",144,54,54,"Ec",32,1,1,1,1,1,1
"8635","1325","Ec_N",144,55,55,"Ec",32,1,1,1,1,1,1
"8636","1325","Ec_N",144,56,56,"Ec",32,1,1,1,1,1,1
"8637","1325","Ec_N",144,57,57,"Ec",32,1,1,1,1,1,1
"8638","1325","Ec_N",144,58,58,"Ec",32,1,1,1,1,1,1
"8639","1325","Ec_N",144,59,59,"Ec",32,1,1,1,1,1,1
"8640","1325","Ec_N",144,60,60,"Ec",32,1,1,1,1,1,1
"8641","1325","Ec_N",145,1,1,"Ec",1,0,0,0,0,0,0
"8642","1325","Ec_N",145,2,2,"Ec",1,0,0,0,0,0,0
"8643","1325","Ec_N",145,3,3,"Ec",9,0,0,0,1,0,0.0490244839602376
"8644","1325","Ec_N",145,4,4,"Ec",9,0,0,0,1,0,0.0490244839602376
"8645","1325","Ec_N",145,5,5,"Ec",9,0,0,0,1,0,0.0490244839602376
"8646","1325","Ec_N",145,6,6,"Ec",11,0,1,0,1,0,0.503461616060769
"8647","1325","Ec_N",145,7,7,"Ec",11,0,1,0,1,0,0.503461616060769
"8648","1325","Ec_N",145,8,8,"Ec",11,0,1,0,1,0,0.503461616060769
"8649","1325","Ec_N",145,9,9,"Ec",15,0,1,1,1,0,0.62909180866025
"8650","1325","Ec_N",145,10,10,"Ec",15,0,1,1,1,0,0.62909180866025
"8651","1325","Ec_N",145,11,11,"Ec",31,0,1,1,1,1,0.6927777538956
"8652","1325","Ec_N",145,12,12,"Ec",31,0,1,1,1,1,0.6927777538956
"8653","1325","Ec_N",145,13,13,"Ec",31,0,1,1,1,1,0.6927777538956
"8654","1325","Ec_N",145,14,14,"Ec",31,0,1,1,1,1,0.6927777538956
"8655","1325","Ec_N",145,15,15,"Ec",31,0,1,1,1,1,0.6927777538956
"8656","1325","Ec_N",145,16,16,"Ec",31,0,1,1,1,1,0.6927777538956
"8657","1325","Ec_N",145,17,17,"Ec",31,0,1,1,1,1,0.6927777538956
"8658","1325","Ec_N",145,18,18,"Ec",31,0,1,1,1,1,0.6927777538956
"8659","1325","Ec_N",145,19,19,"Ec",31,0,1,1,1,1,0.6927777538956
"8660","1325","Ec_N",145,20,20,"Ec",31,0,1,1,1,1,0.6927777538956
"8661","1325","Ec_N",145,21,21,"Ec",32,1,1,1,1,1,1
"8662","1325","Ec_N",145,22,22,"Ec",32,1,1,1,1,1,1
"8663","1325","Ec_N",145,23,23,"Ec",32,1,1,1,1,1,1
"8664","1325","Ec_N",145,24,24,"Ec",32,1,1,1,1,1,1
"8665","1325","Ec_N",145,25,25,"Ec",32,1,1,1,1,1,1
"8666","1325","Ec_N",145,26,26,"Ec",32,1,1,1,1,1,1
"8667","1325","Ec_N",145,27,27,"Ec",32,1,1,1,1,1,1
"8668","1325","Ec_N",145,28,28,"Ec",32,1,1,1,1,1,1
"8669","1325","Ec_N",145,29,29,"Ec",32,1,1,1,1,1,1
"8670","1325","Ec_N",145,30,30,"Ec",32,1,1,1,1,1,1
"8671","1325","Ec_N",145,31,31,"Ec",32,1,1,1,1,1,1
"8672","1325","Ec_N",145,32,32,"Ec",32,1,1,1,1,1,1
"8673","1325","Ec_N",145,33,33,"Ec",32,1,1,1,1,1,1
"8674","1325","Ec_N",145,34,34,"Ec",32,1,1,1,1,1,1
"8675","1325","Ec_N",145,35,35,"Ec",32,1,1,1,1,1,1
"8676","1325","Ec_N",145,36,36,"Ec",32,1,1,1,1,1,1
"8677","1325","Ec_N",145,37,37,"Ec",32,1,1,1,1,1,1
"8678","1325","Ec_N",145,38,38,"Ec",32,1,1,1,1,1,1
"8679","1325","Ec_N",145,39,39,"Ec",32,1,1,1,1,1,1
"8680","1325","Ec_N",145,40,40,"Ec",32,1,1,1,1,1,1
"8681","1325","Ec_N",145,41,41,"Ec",32,1,1,1,1,1,1
"8682","1325","Ec_N",145,42,42,"Ec",32,1,1,1,1,1,1
"8683","1325","Ec_N",145,43,43,"Ec",32,1,1,1,1,1,1
"8684","1325","Ec_N",145,44,44,"Ec",32,1,1,1,1,1,1
"8685","1325","Ec_N",145,45,45,"Ec",32,1,1,1,1,1,1
"8686","1325","Ec_N",145,46,46,"Ec",32,1,1,1,1,1,1
"8687","1325","Ec_N",145,47,47,"Ec",32,1,1,1,1,1,1
"8688","1325","Ec_N",145,48,48,"Ec",32,1,1,1,1,1,1
"8689","1325","Ec_N",145,49,49,"Ec",32,1,1,1,1,1,1
"8690","1325","Ec_N",145,50,50,"Ec",32,1,1,1,1,1,1
"8691","1325","Ec_N",145,51,51,"Ec",32,1,1,1,1,1,1
"8692","1325","Ec_N",145,52,52,"Ec",32,1,1,1,1,1,1
"8693","1325","Ec_N",145,53,53,"Ec",32,1,1,1,1,1,1
"8694","1325","Ec_N",145,54,54,"Ec",32,1,1,1,1,1,1
"8695","1325","Ec_N",145,55,55,"Ec",32,1,1,1,1,1,1
"8696","1325","Ec_N",145,56,56,"Ec",32,1,1,1,1,1,1
"8697","1325","Ec_N",145,57,57,"Ec",32,1,1,1,1,1,1
"8698","1325","Ec_N",145,58,58,"Ec",32,1,1,1,1,1,1
"8699","1325","Ec_N",145,59,59,"Ec",32,1,1,1,1,1,1
"8700","1325","Ec_N",145,60,60,"Ec",32,1,1,1,1,1,1
"8701","1325","Ec_N",146,1,1,"Ec",1,0,0,0,0,0,0
"8702","1325","Ec_N",146,2,2,"Ec",1,0,0,0,0,0,0
"8703","1325","Ec_N",146,3,3,"Ec",1,0,0,0,0,0,0
"8704","1325","Ec_N",146,4,4,"Ec",1,0,0,0,0,0,0
"8705","1325","Ec_N",146,5,5,"Ec",3,0,1,0,0,0,0.420438296247818
"8706","1325","Ec_N",146,6,6,"Ec",3,0,1,0,0,0,0.420438296247818
"8707","1325","Ec_N",146,7,7,"Ec",3,0,1,0,0,0,0.420438296247818
"8708","1325","Ec_N",146,8,8,"Ec",3,0,1,0,0,0,0.420438296247818
"8709","1325","Ec_N",146,9,9,"Ec",3,0,1,0,0,0,0.420438296247818
"8710","1325","Ec_N",146,10,10,"Ec",3,0,1,0,0,0,0.420438296247818
"8711","1325","Ec_N",146,11,11,"Ec",3,0,1,0,0,0,0.420438296247818
"8712","1325","Ec_N",146,12,12,"Ec",3,0,1,0,0,0,0.420438296247818
"8713","1325","Ec_N",146,13,13,"Ec",3,0,1,0,0,0,0.420438296247818
"8714","1325","Ec_N",146,14,14,"Ec",3,0,1,0,0,0,0.420438296247818
"8715","1325","Ec_N",146,15,15,"Ec",19,0,1,0,0,1,0.484124241483168
"8716","1325","Ec_N",146,16,16,"Ec",19,0,1,0,0,1,0.484124241483168
"8717","1325","Ec_N",146,17,17,"Ec",19,0,1,0,0,1,0.484124241483168
"8718","1325","Ec_N",146,18,18,"Ec",19,0,1,0,0,1,0.484124241483168
"8719","1325","Ec_N",146,19,19,"Ec",23,0,1,1,0,1,0.57389469344254
"8720","1325","Ec_N",146,20,20,"Ec",23,0,1,1,0,1,0.57389469344254
"8721","1325","Ec_N",146,21,21,"Ec",23,0,1,1,0,1,0.57389469344254
"8722","1325","Ec_N",146,22,22,"Ec",23,0,1,1,0,1,0.57389469344254
"8723","1325","Ec_N",146,23,23,"Ec",23,0,1,1,0,1,0.57389469344254
"8724","1325","Ec_N",146,24,24,"Ec",23,0,1,1,0,1,0.57389469344254
"8725","1325","Ec_N",146,25,25,"Ec",31,0,1,1,1,1,0.6927777538956
"8726","1325","Ec_N",146,26,26,"Ec",31,0,1,1,1,1,0.6927777538956
"8727","1325","Ec_N",146,27,27,"Ec",31,0,1,1,1,1,0.6927777538956
"8728","1325","Ec_N",146,28,28,"Ec",31,0,1,1,1,1,0.6927777538956
"8729","1325","Ec_N",146,29,29,"Ec",32,1,1,1,1,1,1
"8730","1325","Ec_N",146,30,30,"Ec",32,1,1,1,1,1,1
"8731","1325","Ec_N",146,31,31,"Ec",32,1,1,1,1,1,1
"8732","1325","Ec_N",146,32,32,"Ec",32,1,1,1,1,1,1
"8733","1325","Ec_N",146,33,33,"Ec",32,1,1,1,1,1,1
"8734","1325","Ec_N",146,34,34,"Ec",32,1,1,1,1,1,1
"8735","1325","Ec_N",146,35,35,"Ec",32,1,1,1,1,1,1
"8736","1325","Ec_N",146,36,36,"Ec",32,1,1,1,1,1,1
"8737","1325","Ec_N",146,37,37,"Ec",32,1,1,1,1,1,1
"8738","1325","Ec_N",146,38,38,"Ec",32,1,1,1,1,1,1
"8739","1325","Ec_N",146,39,39,"Ec",32,1,1,1,1,1,1
"8740","1325","Ec_N",146,40,40,"Ec",32,1,1,1,1,1,1
"8741","1325","Ec_N",146,41,41,"Ec",32,1,1,1,1,1,1
"8742","1325","Ec_N",146,42,42,"Ec",32,1,1,1,1,1,1
"8743","1325","Ec_N",146,43,43,"Ec",32,1,1,1,1,1,1
"8744","1325","Ec_N",146,44,44,"Ec",32,1,1,1,1,1,1
"8745","1325","Ec_N",146,45,45,"Ec",32,1,1,1,1,1,1
"8746","1325","Ec_N",146,46,46,"Ec",32,1,1,1,1,1,1
"8747","1325","Ec_N",146,47,47,"Ec",32,1,1,1,1,1,1
"8748","1325","Ec_N",146,48,48,"Ec",32,1,1,1,1,1,1
"8749","1325","Ec_N",146,49,49,"Ec",32,1,1,1,1,1,1
"8750","1325","Ec_N",146,50,50,"Ec",32,1,1,1,1,1,1
"8751","1325","Ec_N",146,51,51,"Ec",32,1,1,1,1,1,1
"8752","1325","Ec_N",146,52,52,"Ec",32,1,1,1,1,1,1
"8753","1325","Ec_N",146,53,53,"Ec",32,1,1,1,1,1,1
"8754","1325","Ec_N",146,54,54,"Ec",32,1,1,1,1,1,1
"8755","1325","Ec_N",146,55,55,"Ec",32,1,1,1,1,1,1
"8756","1325","Ec_N",146,56,56,"Ec",32,1,1,1,1,1,1
"8757","1325","Ec_N",146,57,57,"Ec",32,1,1,1,1,1,1
"8758","1325","Ec_N",146,58,58,"Ec",32,1,1,1,1,1,1
"8759","1325","Ec_N",146,59,59,"Ec",32,1,1,1,1,1,1
"8760","1325","Ec_N",146,60,60,"Ec",32,1,1,1,1,1,1
"8761","1325","Ec_N",147,1,1,"Ec",1,0,0,0,0,0,0
"8762","1325","Ec_N",147,2,2,"Ec",1,0,0,0,0,0,0
"8763","1325","Ec_N",147,3,3,"Ec",1,0,0,0,0,0,0
"8764","1325","Ec_N",147,4,4,"Ec",2,1,0,0,0,0,0.3072222461044
"8765","1325","Ec_N",147,5,5,"Ec",2,1,0,0,0,0,0.3072222461044
"8766","1325","Ec_N",147,6,6,"Ec",6,1,0,1,0,0,0.466851274556594
"8767","1325","Ec_N",147,7,7,"Ec",6,1,0,1,0,0,0.466851274556594
"8768","1325","Ec_N",147,8,8,"Ec",6,1,0,1,0,0,0.466851274556594
"8769","1325","Ec_N",147,9,9,"Ec",6,1,0,1,0,0,0.466851274556594
"8770","1325","Ec_N",147,10,10,"Ec",6,1,0,1,0,0,0.466851274556594
"8771","1325","Ec_N",147,11,11,"Ec",6,1,0,1,0,0,0.466851274556594
"8772","1325","Ec_N",147,12,12,"Ec",6,1,0,1,0,0,0.466851274556594
"8773","1325","Ec_N",147,13,13,"Ec",6,1,0,1,0,0,0.466851274556594
"8774","1325","Ec_N",147,14,14,"Ec",6,1,0,1,0,0,0.466851274556594
"8775","1325","Ec_N",147,15,15,"Ec",8,1,1,1,0,0,0.887289570804412
"8776","1325","Ec_N",147,16,16,"Ec",8,1,1,1,0,0,0.887289570804412
"8777","1325","Ec_N",147,17,17,"Ec",8,1,1,1,0,0,0.887289570804412
"8778","1325","Ec_N",147,18,18,"Ec",8,1,1,1,0,0,0.887289570804412
"8779","1325","Ec_N",147,19,19,"Ec",8,1,1,1,0,0,0.887289570804412
"8780","1325","Ec_N",147,20,20,"Ec",8,1,1,1,0,0,0.887289570804412
"8781","1325","Ec_N",147,21,21,"Ec",8,1,1,1,0,0,0.887289570804412
"8782","1325","Ec_N",147,22,22,"Ec",8,1,1,1,0,0,0.887289570804412
"8783","1325","Ec_N",147,23,23,"Ec",8,1,1,1,0,0,0.887289570804412
"8784","1325","Ec_N",147,24,24,"Ec",8,1,1,1,0,0,0.887289570804412
"8785","1325","Ec_N",147,25,25,"Ec",8,1,1,1,0,0,0.887289570804412
"8786","1325","Ec_N",147,26,26,"Ec",8,1,1,1,0,0,0.887289570804412
"8787","1325","Ec_N",147,27,27,"Ec",8,1,1,1,0,0,0.887289570804412
"8788","1325","Ec_N",147,28,28,"Ec",8,1,1,1,0,0,0.887289570804412
"8789","1325","Ec_N",147,29,29,"Ec",8,1,1,1,0,0,0.887289570804412
"8790","1325","Ec_N",147,30,30,"Ec",8,1,1,1,0,0,0.887289570804412
"8791","1325","Ec_N",147,31,31,"Ec",8,1,1,1,0,0,0.887289570804412
"8792","1325","Ec_N",147,32,32,"Ec",8,1,1,1,0,0,0.887289570804412
"8793","1325","Ec_N",147,33,33,"Ec",8,1,1,1,0,0,0.887289570804412
"8794","1325","Ec_N",147,34,34,"Ec",8,1,1,1,0,0,0.887289570804412
"8795","1325","Ec_N",147,35,35,"Ec",8,1,1,1,0,0,0.887289570804412
"8796","1325","Ec_N",147,36,36,"Ec",8,1,1,1,0,0,0.887289570804412
"8797","1325","Ec_N",147,37,37,"Ec",8,1,1,1,0,0,0.887289570804412
"8798","1325","Ec_N",147,38,38,"Ec",8,1,1,1,0,0,0.887289570804412
"8799","1325","Ec_N",147,39,39,"Ec",8,1,1,1,0,0,0.887289570804412
"8800","1325","Ec_N",147,40,40,"Ec",8,1,1,1,0,0,0.887289570804412
"8801","1325","Ec_N",147,41,41,"Ec",8,1,1,1,0,0,0.887289570804412
"8802","1325","Ec_N",147,42,42,"Ec",16,1,1,1,1,0,0.93631405476465
"8803","1325","Ec_N",147,43,43,"Ec",16,1,1,1,1,0,0.93631405476465
"8804","1325","Ec_N",147,44,44,"Ec",16,1,1,1,1,0,0.93631405476465
"8805","1325","Ec_N",147,45,45,"Ec",16,1,1,1,1,0,0.93631405476465
"8806","1325","Ec_N",147,46,46,"Ec",16,1,1,1,1,0,0.93631405476465
"8807","1325","Ec_N",147,47,47,"Ec",16,1,1,1,1,0,0.93631405476465
"8808","1325","Ec_N",147,48,48,"Ec",16,1,1,1,1,0,0.93631405476465
"8809","1325","Ec_N",147,49,49,"Ec",16,1,1,1,1,0,0.93631405476465
"8810","1325","Ec_N",147,50,50,"Ec",16,1,1,1,1,0,0.93631405476465
"8811","1325","Ec_N",147,51,51,"Ec",16,1,1,1,1,0,0.93631405476465
"8812","1325","Ec_N",147,52,52,"Ec",16,1,1,1,1,0,0.93631405476465
"8813","1325","Ec_N",147,53,53,"Ec",16,1,1,1,1,0,0.93631405476465
"8814","1325","Ec_N",147,54,54,"Ec",16,1,1,1,1,0,0.93631405476465
"8815","1325","Ec_N",147,55,55,"Ec",16,1,1,1,1,0,0.93631405476465
"8816","1325","Ec_N",147,56,56,"Ec",16,1,1,1,1,0,0.93631405476465
"8817","1325","Ec_N",147,57,57,"Ec",16,1,1,1,1,0,0.93631405476465
"8818","1325","Ec_N",147,58,58,"Ec",16,1,1,1,1,0,0.93631405476465
"8819","1325","Ec_N",147,59,59,"Ec",16,1,1,1,1,0,0.93631405476465
"8820","1325","Ec_N",147,60,60,"Ec",16,1,1,1,1,0,0.93631405476465
"8821","1325","Ec_N",148,1,1,"Ec",1,0,0,0,0,0,0
"8822","1325","Ec_N",148,2,2,"Ec",1,0,0,0,0,0,0
"8823","1325","Ec_N",148,3,3,"Ec",1,0,0,0,0,0,0
"8824","1325","Ec_N",148,4,4,"Ec",3,0,1,0,0,0,0.420438296247818
"8825","1325","Ec_N",148,5,5,"Ec",3,0,1,0,0,0,0.420438296247818
"8826","1325","Ec_N",148,6,6,"Ec",3,0,1,0,0,0,0.420438296247818
"8827","1325","Ec_N",148,7,7,"Ec",7,0,1,1,0,0,0.580067324700012
"8828","1325","Ec_N",148,8,8,"Ec",7,0,1,1,0,0,0.580067324700012
"8829","1325","Ec_N",148,9,9,"Ec",7,0,1,1,0,0,0.580067324700012
"8830","1325","Ec_N",148,10,10,"Ec",7,0,1,1,0,0,0.580067324700012
"8831","1325","Ec_N",148,11,11,"Ec",7,0,1,1,0,0,0.580067324700012
"8832","1325","Ec_N",148,12,12,"Ec",7,0,1,1,0,0,0.580067324700012
"8833","1325","Ec_N",148,13,13,"Ec",7,0,1,1,0,0,0.580067324700012
"8834","1325","Ec_N",148,14,14,"Ec",7,0,1,1,0,0,0.580067324700012
"8835","1325","Ec_N",148,15,15,"Ec",7,0,1,1,0,0,0.580067324700012
"8836","1325","Ec_N",148,16,16,"Ec",7,0,1,1,0,0,0.580067324700012
"8837","1325","Ec_N",148,17,17,"Ec",7,0,1,1,0,0,0.580067324700012
"8838","1325","Ec_N",148,18,18,"Ec",7,0,1,1,0,0,0.580067324700012
"8839","1325","Ec_N",148,19,19,"Ec",7,0,1,1,0,0,0.580067324700012
"8840","1325","Ec_N",148,20,20,"Ec",7,0,1,1,0,0,0.580067324700012
"8841","1325","Ec_N",148,21,21,"Ec",7,0,1,1,0,0,0.580067324700012
"8842","1325","Ec_N",148,22,22,"Ec",7,0,1,1,0,0,0.580067324700012
"8843","1325","Ec_N",148,23,23,"Ec",7,0,1,1,0,0,0.580067324700012
"8844","1325","Ec_N",148,24,24,"Ec",7,0,1,1,0,0,0.580067324700012
"8845","1325","Ec_N",148,25,25,"Ec",7,0,1,1,0,0,0.580067324700012
"8846","1325","Ec_N",148,26,26,"Ec",7,0,1,1,0,0,0.580067324700012
"8847","1325","Ec_N",148,27,27,"Ec",7,0,1,1,0,0,0.580067324700012
"8848","1325","Ec_N",148,28,28,"Ec",7,0,1,1,0,0,0.580067324700012
"8849","1325","Ec_N",148,29,29,"Ec",7,0,1,1,0,0,0.580067324700012
"8850","1325","Ec_N",148,30,30,"Ec",8,1,1,1,0,0,0.887289570804412
"8851","1325","Ec_N",148,31,31,"Ec",8,1,1,1,0,0,0.887289570804412
"8852","1325","Ec_N",148,32,32,"Ec",8,1,1,1,0,0,0.887289570804412
"8853","1325","Ec_N",148,33,33,"Ec",8,1,1,1,0,0,0.887289570804412
"8854","1325","Ec_N",148,34,34,"Ec",8,1,1,1,0,0,0.887289570804412
"8855","1325","Ec_N",148,35,35,"Ec",8,1,1,1,0,0,0.887289570804412
"8856","1325","Ec_N",148,36,36,"Ec",8,1,1,1,0,0,0.887289570804412
"8857","1325","Ec_N",148,37,37,"Ec",8,1,1,1,0,0,0.887289570804412
"8858","1325","Ec_N",148,38,38,"Ec",8,1,1,1,0,0,0.887289570804412
"8859","1325","Ec_N",148,39,39,"Ec",8,1,1,1,0,0,0.887289570804412
"8860","1325","Ec_N",148,40,40,"Ec",8,1,1,1,0,0,0.887289570804412
"8861","1325","Ec_N",148,41,41,"Ec",8,1,1,1,0,0,0.887289570804412
"8862","1325","Ec_N",148,42,42,"Ec",8,1,1,1,0,0,0.887289570804412
"8863","1325","Ec_N",148,43,43,"Ec",8,1,1,1,0,0,0.887289570804412
"8864","1325","Ec_N",148,44,44,"Ec",8,1,1,1,0,0,0.887289570804412
"8865","1325","Ec_N",148,45,45,"Ec",8,1,1,1,0,0,0.887289570804412
"8866","1325","Ec_N",148,46,46,"Ec",8,1,1,1,0,0,0.887289570804412
"8867","1325","Ec_N",148,47,47,"Ec",8,1,1,1,0,0,0.887289570804412
"8868","1325","Ec_N",148,48,48,"Ec",8,1,1,1,0,0,0.887289570804412
"8869","1325","Ec_N",148,49,49,"Ec",8,1,1,1,0,0,0.887289570804412
"8870","1325","Ec_N",148,50,50,"Ec",8,1,1,1,0,0,0.887289570804412
"8871","1325","Ec_N",148,51,51,"Ec",8,1,1,1,0,0,0.887289570804412
"8872","1325","Ec_N",148,52,52,"Ec",8,1,1,1,0,0,0.887289570804412
"8873","1325","Ec_N",148,53,53,"Ec",8,1,1,1,0,0,0.887289570804412
"8874","1325","Ec_N",148,54,54,"Ec",8,1,1,1,0,0,0.887289570804412
"8875","1325","Ec_N",148,55,55,"Ec",8,1,1,1,0,0,0.887289570804412
"8876","1325","Ec_N",148,56,56,"Ec",8,1,1,1,0,0,0.887289570804412
"8877","1325","Ec_N",148,57,57,"Ec",8,1,1,1,0,0,0.887289570804412
"8878","1325","Ec_N",148,58,58,"Ec",16,1,1,1,1,0,0.93631405476465
"8879","1325","Ec_N",148,59,59,"Ec",32,1,1,1,1,1,1
"8880","1325","Ec_N",148,60,60,"Ec",32,1,1,1,1,1,1
"8881","1325","Ec_N",149,1,1,"Ec",1,0,0,0,0,0,0
"8882","1325","Ec_N",149,2,2,"Ec",1,0,0,0,0,0,0
"8883","1325","Ec_N",149,3,3,"Ec",1,0,0,0,0,0,0
"8884","1325","Ec_N",149,4,4,"Ec",1,0,0,0,0,0,0
"8885","1325","Ec_N",149,5,5,"Ec",1,0,0,0,0,0,0
"8886","1325","Ec_N",149,6,6,"Ec",1,0,0,0,0,0,0
"8887","1325","Ec_N",149,7,7,"Ec",3,0,1,0,0,0,0.420438296247818
"8888","1325","Ec_N",149,8,8,"Ec",3,0,1,0,0,0,0.420438296247818
"8889","1325","Ec_N",149,9,9,"Ec",3,0,1,0,0,0,0.420438296247818
"8890","1325","Ec_N",149,10,10,"Ec",11,0,1,0,1,0,0.503461616060769
"8891","1325","Ec_N",149,11,11,"Ec",11,0,1,0,1,0,0.503461616060769
"8892","1325","Ec_N",149,12,12,"Ec",11,0,1,0,1,0,0.503461616060769
"8893","1325","Ec_N",149,13,13,"Ec",11,0,1,0,1,0,0.503461616060769
"8894","1325","Ec_N",149,14,14,"Ec",11,0,1,0,1,0,0.503461616060769
"8895","1325","Ec_N",149,15,15,"Ec",11,0,1,0,1,0,0.503461616060769
"8896","1325","Ec_N",149,16,16,"Ec",11,0,1,0,1,0,0.503461616060769
"8897","1325","Ec_N",149,17,17,"Ec",12,1,1,0,1,0,0.776685026312455
"8898","1325","Ec_N",149,18,18,"Ec",12,1,1,0,1,0,0.776685026312455
"8899","1325","Ec_N",149,19,19,"Ec",12,1,1,0,1,0,0.776685026312455
"8900","1325","Ec_N",149,20,20,"Ec",12,1,1,0,1,0,0.776685026312455
"8901","1325","Ec_N",149,21,21,"Ec",12,1,1,0,1,0,0.776685026312455
"8902","1325","Ec_N",149,22,22,"Ec",12,1,1,0,1,0,0.776685026312455
"8903","1325","Ec_N",149,23,23,"Ec",12,1,1,0,1,0,0.776685026312455
"8904","1325","Ec_N",149,24,24,"Ec",12,1,1,0,1,0,0.776685026312455
"8905","1325","Ec_N",149,25,25,"Ec",12,1,1,0,1,0,0.776685026312455
"8906","1325","Ec_N",149,26,26,"Ec",12,1,1,0,1,0,0.776685026312455
"8907","1325","Ec_N",149,27,27,"Ec",12,1,1,0,1,0,0.776685026312455
"8908","1325","Ec_N",149,28,28,"Ec",12,1,1,0,1,0,0.776685026312455
"8909","1325","Ec_N",149,29,29,"Ec",12,1,1,0,1,0,0.776685026312455
"8910","1325","Ec_N",149,30,30,"Ec",12,1,1,0,1,0,0.776685026312455
"8911","1325","Ec_N",149,31,31,"Ec",12,1,1,0,1,0,0.776685026312455
"8912","1325","Ec_N",149,32,32,"Ec",12,1,1,0,1,0,0.776685026312455
"8913","1325","Ec_N",149,33,33,"Ec",12,1,1,0,1,0,0.776685026312455
"8914","1325","Ec_N",149,34,34,"Ec",12,1,1,0,1,0,0.776685026312455
"8915","1325","Ec_N",149,35,35,"Ec",12,1,1,0,1,0,0.776685026312455
"8916","1325","Ec_N",149,36,36,"Ec",12,1,1,0,1,0,0.776685026312455
"8917","1325","Ec_N",149,37,37,"Ec",12,1,1,0,1,0,0.776685026312455
"8918","1325","Ec_N",149,38,38,"Ec",12,1,1,0,1,0,0.776685026312455
"8919","1325","Ec_N",149,39,39,"Ec",12,1,1,0,1,0,0.776685026312455
"8920","1325","Ec_N",149,40,40,"Ec",12,1,1,0,1,0,0.776685026312455
"8921","1325","Ec_N",149,41,41,"Ec",12,1,1,0,1,0,0.776685026312455
"8922","1325","Ec_N",149,42,42,"Ec",12,1,1,0,1,0,0.776685026312455
"8923","1325","Ec_N",149,43,43,"Ec",12,1,1,0,1,0,0.776685026312455
"8924","1325","Ec_N",149,44,44,"Ec",12,1,1,0,1,0,0.776685026312455
"8925","1325","Ec_N",149,45,45,"Ec",12,1,1,0,1,0,0.776685026312455
"8926","1325","Ec_N",149,46,46,"Ec",12,1,1,0,1,0,0.776685026312455
"8927","1325","Ec_N",149,47,47,"Ec",12,1,1,0,1,0,0.776685026312455
"8928","1325","Ec_N",149,48,48,"Ec",12,1,1,0,1,0,0.776685026312455
"8929","1325","Ec_N",149,49,49,"Ec",12,1,1,0,1,0,0.776685026312455
"8930","1325","Ec_N",149,50,50,"Ec",12,1,1,0,1,0,0.776685026312455
"8931","1325","Ec_N",149,51,51,"Ec",12,1,1,0,1,0,0.776685026312455
"8932","1325","Ec_N",149,52,52,"Ec",12,1,1,0,1,0,0.776685026312455
"8933","1325","Ec_N",149,53,53,"Ec",12,1,1,0,1,0,0.776685026312455
"8934","1325","Ec_N",149,54,54,"Ec",12,1,1,0,1,0,0.776685026312455
"8935","1325","Ec_N",149,55,55,"Ec",12,1,1,0,1,0,0.776685026312455
"8936","1325","Ec_N",149,56,56,"Ec",16,1,1,1,1,0,0.93631405476465
"8937","1325","Ec_N",149,57,57,"Ec",16,1,1,1,1,0,0.93631405476465
"8938","1325","Ec_N",149,58,58,"Ec",16,1,1,1,1,0,0.93631405476465
"8939","1325","Ec_N",149,59,59,"Ec",16,1,1,1,1,0,0.93631405476465
"8940","1325","Ec_N",149,60,60,"Ec",16,1,1,1,1,0,0.93631405476465
"8941","1325","Ec_N",150,1,1,"Ec",1,0,0,0,0,0,0
"8942","1325","Ec_N",150,2,2,"Ec",1,0,0,0,0,0,0
"8943","1325","Ec_N",150,3,3,"Ec",3,0,1,0,0,0,0.420438296247818
"8944","1325","Ec_N",150,4,4,"Ec",3,0,1,0,0,0,0.420438296247818
"8945","1325","Ec_N",150,5,5,"Ec",11,0,1,0,1,0,0.503461616060769
"8946","1325","Ec_N",150,6,6,"Ec",11,0,1,0,1,0,0.503461616060769
"8947","1325","Ec_N",150,7,7,"Ec",11,0,1,0,1,0,0.503461616060769
"8948","1325","Ec_N",150,8,8,"Ec",11,0,1,0,1,0,0.503461616060769
"8949","1325","Ec_N",150,9,9,"Ec",12,1,1,0,1,0,0.776685026312455
"8950","1325","Ec_N",150,10,10,"Ec",12,1,1,0,1,0,0.776685026312455
"8951","1325","Ec_N",150,11,11,"Ec",12,1,1,0,1,0,0.776685026312455
"8952","1325","Ec_N",150,12,12,"Ec",12,1,1,0,1,0,0.776685026312455
"8953","1325","Ec_N",150,13,13,"Ec",12,1,1,0,1,0,0.776685026312455
"8954","1325","Ec_N",150,14,14,"Ec",12,1,1,0,1,0,0.776685026312455
"8955","1325","Ec_N",150,15,15,"Ec",12,1,1,0,1,0,0.776685026312455
"8956","1325","Ec_N",150,16,16,"Ec",12,1,1,0,1,0,0.776685026312455
"8957","1325","Ec_N",150,17,17,"Ec",12,1,1,0,1,0,0.776685026312455
"8958","1325","Ec_N",150,18,18,"Ec",12,1,1,0,1,0,0.776685026312455
"8959","1325","Ec_N",150,19,19,"Ec",12,1,1,0,1,0,0.776685026312455
"8960","1325","Ec_N",150,20,20,"Ec",12,1,1,0,1,0,0.776685026312455
"8961","1325","Ec_N",150,21,21,"Ec",12,1,1,0,1,0,0.776685026312455
"8962","1325","Ec_N",150,22,22,"Ec",12,1,1,0,1,0,0.776685026312455
"8963","1325","Ec_N",150,23,23,"Ec",12,1,1,0,1,0,0.776685026312455
"8964","1325","Ec_N",150,24,24,"Ec",12,1,1,0,1,0,0.776685026312455
"8965","1325","Ec_N",150,25,25,"Ec",12,1,1,0,1,0,0.776685026312455
"8966","1325","Ec_N",150,26,26,"Ec",12,1,1,0,1,0,0.776685026312455
"8967","1325","Ec_N",150,27,27,"Ec",12,1,1,0,1,0,0.776685026312455
"8968","1325","Ec_N",150,28,28,"Ec",12,1,1,0,1,0,0.776685026312455
"8969","1325","Ec_N",150,29,29,"Ec",16,1,1,1,1,0,0.93631405476465
"8970","1325","Ec_N",150,30,30,"Ec",16,1,1,1,1,0,0.93631405476465
"8971","1325","Ec_N",150,31,31,"Ec",16,1,1,1,1,0,0.93631405476465
"8972","1325","Ec_N",150,32,32,"Ec",16,1,1,1,1,0,0.93631405476465
"8973","1325","Ec_N",150,33,33,"Ec",16,1,1,1,1,0,0.93631405476465
"8974","1325","Ec_N",150,34,34,"Ec",16,1,1,1,1,0,0.93631405476465
"8975","1325","Ec_N",150,35,35,"Ec",16,1,1,1,1,0,0.93631405476465
"8976","1325","Ec_N",150,36,36,"Ec",16,1,1,1,1,0,0.93631405476465
"8977","1325","Ec_N",150,37,37,"Ec",16,1,1,1,1,0,0.93631405476465
"8978","1325","Ec_N",150,38,38,"Ec",16,1,1,1,1,0,0.93631405476465
"8979","1325","Ec_N",150,39,39,"Ec",16,1,1,1,1,0,0.93631405476465
"8980","1325","Ec_N",150,40,40,"Ec",16,1,1,1,1,0,0.93631405476465
"8981","1325","Ec_N",150,41,41,"Ec",16,1,1,1,1,0,0.93631405476465
"8982","1325","Ec_N",150,42,42,"Ec",16,1,1,1,1,0,0.93631405476465
"8983","1325","Ec_N",150,43,43,"Ec",16,1,1,1,1,0,0.93631405476465
"8984","1325","Ec_N",150,44,44,"Ec",16,1,1,1,1,0,0.93631405476465
"8985","1325","Ec_N",150,45,45,"Ec",16,1,1,1,1,0,0.93631405476465
"8986","1325","Ec_N",150,46,46,"Ec",16,1,1,1,1,0,0.93631405476465
"8987","1325","Ec_N",150,47,47,"Ec",16,1,1,1,1,0,0.93631405476465
"8988","1325","Ec_N",150,48,48,"Ec",16,1,1,1,1,0,0.93631405476465
"8989","1325","Ec_N",150,49,49,"Ec",32,1,1,1,1,1,1
"8990","1325","Ec_N",150,50,50,"Ec",32,1,1,1,1,1,1
"8991","1325","Ec_N",150,51,51,"Ec",32,1,1,1,1,1,1
"8992","1325","Ec_N",150,52,52,"Ec",32,1,1,1,1,1,1
"8993","1325","Ec_N",150,53,53,"Ec",32,1,1,1,1,1,1
"8994","1325","Ec_N",150,54,54,"Ec",32,1,1,1,1,1,1
"8995","1325","Ec_N",150,55,55,"Ec",32,1,1,1,1,1,1
"8996","1325","Ec_N",150,56,56,"Ec",32,1,1,1,1,1,1
"8997","1325","Ec_N",150,57,57,"Ec",32,1,1,1,1,1,1
"8998","1325","Ec_N",150,58,58,"Ec",32,1,1,1,1,1,1
"8999","1325","Ec_N",150,59,59,"Ec",32,1,1,1,1,1,1
"9000","1325","Ec_N",150,60,60,"Ec",32,1,1,1,1,1,1
"9001","1325","Ec_N",151,1,1,"Ec",1,0,0,0,0,0,0
"9002","1325","Ec_N",151,2,2,"Ec",3,0,1,0,0,0,0.420438296247818
"9003","1325","Ec_N",151,3,3,"Ec",3,0,1,0,0,0,0.420438296247818
"9004","1325","Ec_N",151,4,4,"Ec",3,0,1,0,0,0,0.420438296247818
"9005","1325","Ec_N",151,5,5,"Ec",3,0,1,0,0,0,0.420438296247818
"9006","1325","Ec_N",151,6,6,"Ec",3,0,1,0,0,0,0.420438296247818
"9007","1325","Ec_N",151,7,7,"Ec",4,1,1,0,0,0,0.727660542352217
"9008","1325","Ec_N",151,8,8,"Ec",4,1,1,0,0,0,0.727660542352217
"9009","1325","Ec_N",151,9,9,"Ec",4,1,1,0,0,0,0.727660542352217
"9010","1325","Ec_N",151,10,10,"Ec",12,1,1,0,1,0,0.776685026312455
"9011","1325","Ec_N",151,11,11,"Ec",12,1,1,0,1,0,0.776685026312455
"9012","1325","Ec_N",151,12,12,"Ec",12,1,1,0,1,0,0.776685026312455
"9013","1325","Ec_N",151,13,13,"Ec",12,1,1,0,1,0,0.776685026312455
"9014","1325","Ec_N",151,14,14,"Ec",12,1,1,0,1,0,0.776685026312455
"9015","1325","Ec_N",151,15,15,"Ec",12,1,1,0,1,0,0.776685026312455
"9016","1325","Ec_N",151,16,16,"Ec",12,1,1,0,1,0,0.776685026312455
"9017","1325","Ec_N",151,17,17,"Ec",12,1,1,0,1,0,0.776685026312455
"9018","1325","Ec_N",151,18,18,"Ec",12,1,1,0,1,0,0.776685026312455
"9019","1325","Ec_N",151,19,19,"Ec",12,1,1,0,1,0,0.776685026312455
"9020","1325","Ec_N",151,20,20,"Ec",12,1,1,0,1,0,0.776685026312455
"9021","1325","Ec_N",151,21,21,"Ec",12,1,1,0,1,0,0.776685026312455
"9022","1325","Ec_N",151,22,22,"Ec",12,1,1,0,1,0,0.776685026312455
"9023","1325","Ec_N",151,23,23,"Ec",12,1,1,0,1,0,0.776685026312455
"9024","1325","Ec_N",151,24,24,"Ec",12,1,1,0,1,0,0.776685026312455
"9025","1325","Ec_N",151,25,25,"Ec",12,1,1,0,1,0,0.776685026312455
"9026","1325","Ec_N",151,26,26,"Ec",12,1,1,0,1,0,0.776685026312455
"9027","1325","Ec_N",151,27,27,"Ec",12,1,1,0,1,0,0.776685026312455
"9028","1325","Ec_N",151,28,28,"Ec",12,1,1,0,1,0,0.776685026312455
"9029","1325","Ec_N",151,29,29,"Ec",12,1,1,0,1,0,0.776685026312455
"9030","1325","Ec_N",151,30,30,"Ec",12,1,1,0,1,0,0.776685026312455
"9031","1325","Ec_N",151,31,31,"Ec",12,1,1,0,1,0,0.776685026312455
"9032","1325","Ec_N",151,32,32,"Ec",12,1,1,0,1,0,0.776685026312455
"9033","1325","Ec_N",151,33,33,"Ec",12,1,1,0,1,0,0.776685026312455
"9034","1325","Ec_N",151,34,34,"Ec",12,1,1,0,1,0,0.776685026312455
"9035","1325","Ec_N",151,35,35,"Ec",12,1,1,0,1,0,0.776685026312455
"9036","1325","Ec_N",151,36,36,"Ec",12,1,1,0,1,0,0.776685026312455
"9037","1325","Ec_N",151,37,37,"Ec",12,1,1,0,1,0,0.776685026312455
"9038","1325","Ec_N",151,38,38,"Ec",12,1,1,0,1,0,0.776685026312455
"9039","1325","Ec_N",151,39,39,"Ec",12,1,1,0,1,0,0.776685026312455
"9040","1325","Ec_N",151,40,40,"Ec",12,1,1,0,1,0,0.776685026312455
"9041","1325","Ec_N",151,41,41,"Ec",12,1,1,0,1,0,0.776685026312455
"9042","1325","Ec_N",151,42,42,"Ec",12,1,1,0,1,0,0.776685026312455
"9043","1325","Ec_N",151,43,43,"Ec",12,1,1,0,1,0,0.776685026312455
"9044","1325","Ec_N",151,44,44,"Ec",12,1,1,0,1,0,0.776685026312455
"9045","1325","Ec_N",151,45,45,"Ec",12,1,1,0,1,0,0.776685026312455
"9046","1325","Ec_N",151,46,46,"Ec",12,1,1,0,1,0,0.776685026312455
"9047","1325","Ec_N",151,47,47,"Ec",12,1,1,0,1,0,0.776685026312455
"9048","1325","Ec_N",151,48,48,"Ec",12,1,1,0,1,0,0.776685026312455
"9049","1325","Ec_N",151,49,49,"Ec",12,1,1,0,1,0,0.776685026312455
"9050","1325","Ec_N",151,50,50,"Ec",12,1,1,0,1,0,0.776685026312455
"9051","1325","Ec_N",151,51,51,"Ec",12,1,1,0,1,0,0.776685026312455
"9052","1325","Ec_N",151,52,52,"Ec",12,1,1,0,1,0,0.776685026312455
"9053","1325","Ec_N",151,53,53,"Ec",16,1,1,1,1,0,0.93631405476465
"9054","1325","Ec_N",151,54,54,"Ec",16,1,1,1,1,0,0.93631405476465
"9055","1325","Ec_N",151,55,55,"Ec",16,1,1,1,1,0,0.93631405476465
"9056","1325","Ec_N",151,56,56,"Ec",16,1,1,1,1,0,0.93631405476465
"9057","1325","Ec_N",151,57,57,"Ec",32,1,1,1,1,1,1
"9058","1325","Ec_N",151,58,58,"Ec",32,1,1,1,1,1,1
"9059","1325","Ec_N",151,59,59,"Ec",32,1,1,1,1,1,1
"9060","1325","Ec_N",151,60,60,"Ec",32,1,1,1,1,1,1
"9061","1325","Ec_N",152,1,1,"Ec",1,0,0,0,0,0,0
"9062","1325","Ec_N",152,2,2,"Ec",1,0,0,0,0,0,0
"9063","1325","Ec_N",152,3,3,"Ec",1,0,0,0,0,0,0
"9064","1325","Ec_N",152,4,4,"Ec",1,0,0,0,0,0,0
"9065","1325","Ec_N",152,5,5,"Ec",1,0,0,0,0,0,0
"9066","1325","Ec_N",152,6,6,"Ec",1,0,0,0,0,0,0
"9067","1325","Ec_N",152,7,7,"Ec",1,0,0,0,0,0,0
"9068","1325","Ec_N",152,8,8,"Ec",9,0,0,0,1,0,0.0490244839602376
"9069","1325","Ec_N",152,9,9,"Ec",9,0,0,0,1,0,0.0490244839602376
"9070","1325","Ec_N",152,10,10,"Ec",9,0,0,0,1,0,0.0490244839602376
"9071","1325","Ec_N",152,11,11,"Ec",9,0,0,0,1,0,0.0490244839602376
"9072","1325","Ec_N",152,12,12,"Ec",9,0,0,0,1,0,0.0490244839602376
"9073","1325","Ec_N",152,13,13,"Ec",9,0,0,0,1,0,0.0490244839602376
"9074","1325","Ec_N",152,14,14,"Ec",9,0,0,0,1,0,0.0490244839602376
"9075","1325","Ec_N",152,15,15,"Ec",9,0,0,0,1,0,0.0490244839602376
"9076","1325","Ec_N",152,16,16,"Ec",9,0,0,0,1,0,0.0490244839602376
"9077","1325","Ec_N",152,17,17,"Ec",9,0,0,0,1,0,0.0490244839602376
"9078","1325","Ec_N",152,18,18,"Ec",9,0,0,0,1,0,0.0490244839602376
"9079","1325","Ec_N",152,19,19,"Ec",9,0,0,0,1,0,0.0490244839602376
"9080","1325","Ec_N",152,20,20,"Ec",9,0,0,0,1,0,0.0490244839602376
"9081","1325","Ec_N",152,21,21,"Ec",9,0,0,0,1,0,0.0490244839602376
"9082","1325","Ec_N",152,22,22,"Ec",9,0,0,0,1,0,0.0490244839602376
"9083","1325","Ec_N",152,23,23,"Ec",9,0,0,0,1,0,0.0490244839602376
"9084","1325","Ec_N",152,24,24,"Ec",9,0,0,0,1,0,0.0490244839602376
"9085","1325","Ec_N",152,25,25,"Ec",11,0,1,0,1,0,0.503461616060769
"9086","1325","Ec_N",152,26,26,"Ec",11,0,1,0,1,0,0.503461616060769
"9087","1325","Ec_N",152,27,27,"Ec",11,0,1,0,1,0,0.503461616060769
"9088","1325","Ec_N",152,28,28,"Ec",12,1,1,0,1,0,0.776685026312455
"9089","1325","Ec_N",152,29,29,"Ec",12,1,1,0,1,0,0.776685026312455
"9090","1325","Ec_N",152,30,30,"Ec",12,1,1,0,1,0,0.776685026312455
"9091","1325","Ec_N",152,31,31,"Ec",12,1,1,0,1,0,0.776685026312455
"9092","1325","Ec_N",152,32,32,"Ec",12,1,1,0,1,0,0.776685026312455
"9093","1325","Ec_N",152,33,33,"Ec",12,1,1,0,1,0,0.776685026312455
"9094","1325","Ec_N",152,34,34,"Ec",12,1,1,0,1,0,0.776685026312455
"9095","1325","Ec_N",152,35,35,"Ec",28,1,1,0,1,1,0.815884725734249
"9096","1325","Ec_N",152,36,36,"Ec",28,1,1,0,1,1,0.815884725734249
"9097","1325","Ec_N",152,37,37,"Ec",28,1,1,0,1,1,0.815884725734249
"9098","1325","Ec_N",152,38,38,"Ec",28,1,1,0,1,1,0.815884725734249
"9099","1325","Ec_N",152,39,39,"Ec",28,1,1,0,1,1,0.815884725734249
"9100","1325","Ec_N",152,40,40,"Ec",28,1,1,0,1,1,0.815884725734249
"9101","1325","Ec_N",152,41,41,"Ec",28,1,1,0,1,1,0.815884725734249
"9102","1325","Ec_N",152,42,42,"Ec",28,1,1,0,1,1,0.815884725734249
"9103","1325","Ec_N",152,43,43,"Ec",28,1,1,0,1,1,0.815884725734249
"9104","1325","Ec_N",152,44,44,"Ec",28,1,1,0,1,1,0.815884725734249
"9105","1325","Ec_N",152,45,45,"Ec",28,1,1,0,1,1,0.815884725734249
"9106","1325","Ec_N",152,46,46,"Ec",28,1,1,0,1,1,0.815884725734249
"9107","1325","Ec_N",152,47,47,"Ec",28,1,1,0,1,1,0.815884725734249
"9108","1325","Ec_N",152,48,48,"Ec",28,1,1,0,1,1,0.815884725734249
"9109","1325","Ec_N",152,49,49,"Ec",28,1,1,0,1,1,0.815884725734249
"9110","1325","Ec_N",152,50,50,"Ec",28,1,1,0,1,1,0.815884725734249
"9111","1325","Ec_N",152,51,51,"Ec",28,1,1,0,1,1,0.815884725734249
"9112","1325","Ec_N",152,52,52,"Ec",28,1,1,0,1,1,0.815884725734249
"9113","1325","Ec_N",152,53,53,"Ec",28,1,1,0,1,1,0.815884725734249
"9114","1325","Ec_N",152,54,54,"Ec",28,1,1,0,1,1,0.815884725734249
"9115","1325","Ec_N",152,55,55,"Ec",28,1,1,0,1,1,0.815884725734249
"9116","1325","Ec_N",152,56,56,"Ec",32,1,1,1,1,1,1
"9117","1325","Ec_N",152,57,57,"Ec",32,1,1,1,1,1,1
"9118","1325","Ec_N",152,58,58,"Ec",32,1,1,1,1,1,1
"9119","1325","Ec_N",152,59,59,"Ec",32,1,1,1,1,1,1
"9120","1325","Ec_N",152,60,60,"Ec",32,1,1,1,1,1,1
"9121","1325","Ec_N",153,1,1,"Ec",1,0,0,0,0,0,0
"9122","1325","Ec_N",153,2,2,"Ec",1,0,0,0,0,0,0
"9123","1325","Ec_N",153,3,3,"Ec",1,0,0,0,0,0,0
"9124","1325","Ec_N",153,4,4,"Ec",1,0,0,0,0,0,0
"9125","1325","Ec_N",153,5,5,"Ec",1,0,0,0,0,0,0
"9126","1325","Ec_N",153,6,6,"Ec",1,0,0,0,0,0,0
"9127","1325","Ec_N",153,7,7,"Ec",1,0,0,0,0,0,0
"9128","1325","Ec_N",153,8,8,"Ec",1,0,0,0,0,0,0
"9129","1325","Ec_N",153,9,9,"Ec",1,0,0,0,0,0,0
"9130","1325","Ec_N",153,10,10,"Ec",2,1,0,0,0,0,0.3072222461044
"9131","1325","Ec_N",153,11,11,"Ec",2,1,0,0,0,0,0.3072222461044
"9132","1325","Ec_N",153,12,12,"Ec",2,1,0,0,0,0,0.3072222461044
"9133","1325","Ec_N",153,13,13,"Ec",2,1,0,0,0,0,0.3072222461044
"9134","1325","Ec_N",153,14,14,"Ec",2,1,0,0,0,0,0.3072222461044
"9135","1325","Ec_N",153,15,15,"Ec",18,1,0,0,0,1,0.37090819133975
"9136","1325","Ec_N",153,16,16,"Ec",18,1,0,0,0,1,0.37090819133975
"9137","1325","Ec_N",153,17,17,"Ec",18,1,0,0,0,1,0.37090819133975
"9138","1325","Ec_N",153,18,18,"Ec",18,1,0,0,0,1,0.37090819133975
"9139","1325","Ec_N",153,19,19,"Ec",26,1,0,0,1,1,0.419932675299988
"9140","1325","Ec_N",153,20,20,"Ec",26,1,0,0,1,1,0.419932675299988
"9141","1325","Ec_N",153,21,21,"Ec",26,1,0,0,1,1,0.419932675299988
"9142","1325","Ec_N",153,22,22,"Ec",26,1,0,0,1,1,0.419932675299988
"9143","1325","Ec_N",153,23,23,"Ec",26,1,0,0,1,1,0.419932675299988
"9144","1325","Ec_N",153,24,24,"Ec",26,1,0,0,1,1,0.419932675299988
"9145","1325","Ec_N",153,25,25,"Ec",26,1,0,0,1,1,0.419932675299988
"9146","1325","Ec_N",153,26,26,"Ec",26,1,0,0,1,1,0.419932675299988
"9147","1325","Ec_N",153,27,27,"Ec",26,1,0,0,1,1,0.419932675299988
"9148","1325","Ec_N",153,28,28,"Ec",26,1,0,0,1,1,0.419932675299988
"9149","1325","Ec_N",153,29,29,"Ec",26,1,0,0,1,1,0.419932675299988
"9150","1325","Ec_N",153,30,30,"Ec",26,1,0,0,1,1,0.419932675299988
"9151","1325","Ec_N",153,31,31,"Ec",26,1,0,0,1,1,0.419932675299988
"9152","1325","Ec_N",153,32,32,"Ec",26,1,0,0,1,1,0.419932675299988
"9153","1325","Ec_N",153,33,33,"Ec",26,1,0,0,1,1,0.419932675299988
"9154","1325","Ec_N",153,34,34,"Ec",26,1,0,0,1,1,0.419932675299988
"9155","1325","Ec_N",153,35,35,"Ec",26,1,0,0,1,1,0.419932675299988
"9156","1325","Ec_N",153,36,36,"Ec",26,1,0,0,1,1,0.419932675299988
"9157","1325","Ec_N",153,37,37,"Ec",26,1,0,0,1,1,0.419932675299988
"9158","1325","Ec_N",153,38,38,"Ec",26,1,0,0,1,1,0.419932675299988
"9159","1325","Ec_N",153,39,39,"Ec",26,1,0,0,1,1,0.419932675299988
"9160","1325","Ec_N",153,40,40,"Ec",26,1,0,0,1,1,0.419932675299988
"9161","1325","Ec_N",153,41,41,"Ec",30,1,0,1,1,1,0.579561703752182
"9162","1325","Ec_N",153,42,42,"Ec",30,1,0,1,1,1,0.579561703752182
"9163","1325","Ec_N",153,43,43,"Ec",30,1,0,1,1,1,0.579561703752182
"9164","1325","Ec_N",153,44,44,"Ec",30,1,0,1,1,1,0.579561703752182
"9165","1325","Ec_N",153,45,45,"Ec",30,1,0,1,1,1,0.579561703752182
"9166","1325","Ec_N",153,46,46,"Ec",30,1,0,1,1,1,0.579561703752182
"9167","1325","Ec_N",153,47,47,"Ec",30,1,0,1,1,1,0.579561703752182
"9168","1325","Ec_N",153,48,48,"Ec",30,1,0,1,1,1,0.579561703752182
"9169","1325","Ec_N",153,49,49,"Ec",30,1,0,1,1,1,0.579561703752182
"9170","1325","Ec_N",153,50,50,"Ec",30,1,0,1,1,1,0.579561703752182
"9171","1325","Ec_N",153,51,51,"Ec",30,1,0,1,1,1,0.579561703752182
"9172","1325","Ec_N",153,52,52,"Ec",30,1,0,1,1,1,0.579561703752182
"9173","1325","Ec_N",153,53,53,"Ec",30,1,0,1,1,1,0.579561703752182
"9174","1325","Ec_N",153,54,54,"Ec",32,1,1,1,1,1,1
"9175","1325","Ec_N",153,55,55,"Ec",32,1,1,1,1,1,1
"9176","1325","Ec_N",153,56,56,"Ec",32,1,1,1,1,1,1
"9177","1325","Ec_N",153,57,57,"Ec",32,1,1,1,1,1,1
"9178","1325","Ec_N",153,58,58,"Ec",32,1,1,1,1,1,1
"9179","1325","Ec_N",153,59,59,"Ec",32,1,1,1,1,1,1
"9180","1325","Ec_N",153,60,60,"Ec",32,1,1,1,1,1,1
"9181","1325","Ec_N",154,1,1,"Ec",1,0,0,0,0,0,0
"9182","1325","Ec_N",154,2,2,"Ec",1,0,0,0,0,0,0
"9183","1325","Ec_N",154,3,3,"Ec",1,0,0,0,0,0,0
"9184","1325","Ec_N",154,4,4,"Ec",1,0,0,0,0,0,0
"9185","1325","Ec_N",154,5,5,"Ec",2,1,0,0,0,0,0.3072222461044
"9186","1325","Ec_N",154,6,6,"Ec",2,1,0,0,0,0,0.3072222461044
"9187","1325","Ec_N",154,7,7,"Ec",2,1,0,0,0,0,0.3072222461044
"9188","1325","Ec_N",154,8,8,"Ec",2,1,0,0,0,0,0.3072222461044
"9189","1325","Ec_N",154,9,9,"Ec",2,1,0,0,0,0,0.3072222461044
"9190","1325","Ec_N",154,10,10,"Ec",2,1,0,0,0,0,0.3072222461044
"9191","1325","Ec_N",154,11,11,"Ec",2,1,0,0,0,0,0.3072222461044
"9192","1325","Ec_N",154,12,12,"Ec",2,1,0,0,0,0,0.3072222461044
"9193","1325","Ec_N",154,13,13,"Ec",2,1,0,0,0,0,0.3072222461044
"9194","1325","Ec_N",154,14,14,"Ec",2,1,0,0,0,0,0.3072222461044
"9195","1325","Ec_N",154,15,15,"Ec",2,1,0,0,0,0,0.3072222461044
"9196","1325","Ec_N",154,16,16,"Ec",18,1,0,0,0,1,0.37090819133975
"9197","1325","Ec_N",154,17,17,"Ec",18,1,0,0,0,1,0.37090819133975
"9198","1325","Ec_N",154,18,18,"Ec",18,1,0,0,0,1,0.37090819133975
"9199","1325","Ec_N",154,19,19,"Ec",18,1,0,0,0,1,0.37090819133975
"9200","1325","Ec_N",154,20,20,"Ec",18,1,0,0,0,1,0.37090819133975
"9201","1325","Ec_N",154,21,21,"Ec",18,1,0,0,0,1,0.37090819133975
"9202","1325","Ec_N",154,22,22,"Ec",20,1,1,0,0,1,0.791346487587567
"9203","1325","Ec_N",154,23,23,"Ec",20,1,1,0,0,1,0.791346487587567
"9204","1325","Ec_N",154,24,24,"Ec",20,1,1,0,0,1,0.791346487587567
"9205","1325","Ec_N",154,25,25,"Ec",20,1,1,0,0,1,0.791346487587567
"9206","1325","Ec_N",154,26,26,"Ec",20,1,1,0,0,1,0.791346487587567
"9207","1325","Ec_N",154,27,27,"Ec",20,1,1,0,0,1,0.791346487587567
"9208","1325","Ec_N",154,28,28,"Ec",20,1,1,0,0,1,0.791346487587567
"9209","1325","Ec_N",154,29,29,"Ec",20,1,1,0,0,1,0.791346487587567
"9210","1325","Ec_N",154,30,30,"Ec",20,1,1,0,0,1,0.791346487587567
"9211","1325","Ec_N",154,31,31,"Ec",20,1,1,0,0,1,0.791346487587567
"9212","1325","Ec_N",154,32,32,"Ec",20,1,1,0,0,1,0.791346487587567
"9213","1325","Ec_N",154,33,33,"Ec",20,1,1,0,0,1,0.791346487587567
"9214","1325","Ec_N",154,34,34,"Ec",20,1,1,0,0,1,0.791346487587567
"9215","1325","Ec_N",154,35,35,"Ec",20,1,1,0,0,1,0.791346487587567
"9216","1325","Ec_N",154,36,36,"Ec",20,1,1,0,0,1,0.791346487587567
"9217","1325","Ec_N",154,37,37,"Ec",20,1,1,0,0,1,0.791346487587567
"9218","1325","Ec_N",154,38,38,"Ec",20,1,1,0,0,1,0.791346487587567
"9219","1325","Ec_N",154,39,39,"Ec",20,1,1,0,0,1,0.791346487587567
"9220","1325","Ec_N",154,40,40,"Ec",20,1,1,0,0,1,0.791346487587567
"9221","1325","Ec_N",154,41,41,"Ec",20,1,1,0,0,1,0.791346487587567
"9222","1325","Ec_N",154,42,42,"Ec",20,1,1,0,0,1,0.791346487587567
"9223","1325","Ec_N",154,43,43,"Ec",20,1,1,0,0,1,0.791346487587567
"9224","1325","Ec_N",154,44,44,"Ec",20,1,1,0,0,1,0.791346487587567
"9225","1325","Ec_N",154,45,45,"Ec",20,1,1,0,0,1,0.791346487587567
"9226","1325","Ec_N",154,46,46,"Ec",20,1,1,0,0,1,0.791346487587567
"9227","1325","Ec_N",154,47,47,"Ec",20,1,1,0,0,1,0.791346487587567
"9228","1325","Ec_N",154,48,48,"Ec",20,1,1,0,0,1,0.791346487587567
"9229","1325","Ec_N",154,49,49,"Ec",20,1,1,0,0,1,0.791346487587567
"9230","1325","Ec_N",154,50,50,"Ec",20,1,1,0,0,1,0.791346487587567
"9231","1325","Ec_N",154,51,51,"Ec",20,1,1,0,0,1,0.791346487587567
"9232","1325","Ec_N",154,52,52,"Ec",20,1,1,0,0,1,0.791346487587567
"9233","1325","Ec_N",154,53,53,"Ec",20,1,1,0,0,1,0.791346487587567
"9234","1325","Ec_N",154,54,54,"Ec",20,1,1,0,0,1,0.791346487587567
"9235","1325","Ec_N",154,55,55,"Ec",20,1,1,0,0,1,0.791346487587567
"9236","1325","Ec_N",154,56,56,"Ec",24,1,1,1,0,1,0.872975948786018
"9237","1325","Ec_N",154,57,57,"Ec",24,1,1,1,0,1,0.872975948786018
"9238","1325","Ec_N",154,58,58,"Ec",24,1,1,1,0,1,0.872975948786018
"9239","1325","Ec_N",154,59,59,"Ec",8,1,1,1,0,0,0.887289570804412
"9240","1325","Ec_N",154,60,60,"Ec",8,1,1,1,0,0,0.887289570804412
"9241","1325","Ec_N",155,1,1,"Ec",1,0,0,0,0,0,0
"9242","1325","Ec_N",155,2,2,"Ec",1,0,0,0,0,0,0
"9243","1325","Ec_N",155,3,3,"Ec",1,0,0,0,0,0,0
"9244","1325","Ec_N",155,4,4,"Ec",9,0,0,0,1,0,0.0490244839602376
"9245","1325","Ec_N",155,5,5,"Ec",13,0,0,1,1,0,0.208653512412432
"9246","1325","Ec_N",155,6,6,"Ec",13,0,0,1,1,0,0.208653512412432
"9247","1325","Ec_N",155,7,7,"Ec",13,0,0,1,1,0,0.208653512412432
"9248","1325","Ec_N",155,8,8,"Ec",13,0,0,1,1,0,0.208653512412432
"9249","1325","Ec_N",155,9,9,"Ec",13,0,0,1,1,0,0.208653512412432
"9250","1325","Ec_N",155,10,10,"Ec",13,0,0,1,1,0,0.208653512412432
"9251","1325","Ec_N",155,11,11,"Ec",13,0,0,1,1,0,0.208653512412432
"9252","1325","Ec_N",155,12,12,"Ec",13,0,0,1,1,0,0.208653512412432
"9253","1325","Ec_N",155,13,13,"Ec",13,0,0,1,1,0,0.208653512412432
"9254","1325","Ec_N",155,14,14,"Ec",15,0,1,1,1,0,0.62909180866025
"9255","1325","Ec_N",155,15,15,"Ec",15,0,1,1,1,0,0.62909180866025
"9256","1325","Ec_N",155,16,16,"Ec",15,0,1,1,1,0,0.62909180866025
"9257","1325","Ec_N",155,17,17,"Ec",15,0,1,1,1,0,0.62909180866025
"9258","1325","Ec_N",155,18,18,"Ec",15,0,1,1,1,0,0.62909180866025
"9259","1325","Ec_N",155,19,19,"Ec",15,0,1,1,1,0,0.62909180866025
"9260","1325","Ec_N",155,20,20,"Ec",15,0,1,1,1,0,0.62909180866025
"9261","1325","Ec_N",155,21,21,"Ec",15,0,1,1,1,0,0.62909180866025
"9262","1325","Ec_N",155,22,22,"Ec",16,1,1,1,1,0,0.93631405476465
"9263","1325","Ec_N",155,23,23,"Ec",32,1,1,1,1,1,1
"9264","1325","Ec_N",155,24,24,"Ec",32,1,1,1,1,1,1
"9265","1325","Ec_N",155,25,25,"Ec",32,1,1,1,1,1,1
"9266","1325","Ec_N",155,26,26,"Ec",32,1,1,1,1,1,1
"9267","1325","Ec_N",155,27,27,"Ec",32,1,1,1,1,1,1
"9268","1325","Ec_N",155,28,28,"Ec",32,1,1,1,1,1,1
"9269","1325","Ec_N",155,29,29,"Ec",32,1,1,1,1,1,1
"9270","1325","Ec_N",155,30,30,"Ec",32,1,1,1,1,1,1
"9271","1325","Ec_N",155,31,31,"Ec",32,1,1,1,1,1,1
"9272","1325","Ec_N",155,32,32,"Ec",32,1,1,1,1,1,1
"9273","1325","Ec_N",155,33,33,"Ec",32,1,1,1,1,1,1
"9274","1325","Ec_N",155,34,34,"Ec",32,1,1,1,1,1,1
"9275","1325","Ec_N",155,35,35,"Ec",32,1,1,1,1,1,1
"9276","1325","Ec_N",155,36,36,"Ec",32,1,1,1,1,1,1
"9277","1325","Ec_N",155,37,37,"Ec",32,1,1,1,1,1,1
"9278","1325","Ec_N",155,38,38,"Ec",32,1,1,1,1,1,1
"9279","1325","Ec_N",155,39,39,"Ec",32,1,1,1,1,1,1
"9280","1325","Ec_N",155,40,40,"Ec",32,1,1,1,1,1,1
"9281","1325","Ec_N",155,41,41,"Ec",32,1,1,1,1,1,1
"9282","1325","Ec_N",155,42,42,"Ec",32,1,1,1,1,1,1
"9283","1325","Ec_N",155,43,43,"Ec",32,1,1,1,1,1,1
"9284","1325","Ec_N",155,44,44,"Ec",32,1,1,1,1,1,1
"9285","1325","Ec_N",155,45,45,"Ec",32,1,1,1,1,1,1
"9286","1325","Ec_N",155,46,46,"Ec",32,1,1,1,1,1,1
"9287","1325","Ec_N",155,47,47,"Ec",32,1,1,1,1,1,1
"9288","1325","Ec_N",155,48,48,"Ec",32,1,1,1,1,1,1
"9289","1325","Ec_N",155,49,49,"Ec",32,1,1,1,1,1,1
"9290","1325","Ec_N",155,50,50,"Ec",32,1,1,1,1,1,1
"9291","1325","Ec_N",155,51,51,"Ec",32,1,1,1,1,1,1
"9292","1325","Ec_N",155,52,52,"Ec",32,1,1,1,1,1,1
"9293","1325","Ec_N",155,53,53,"Ec",32,1,1,1,1,1,1
"9294","1325","Ec_N",155,54,54,"Ec",32,1,1,1,1,1,1
"9295","1325","Ec_N",155,55,55,"Ec",32,1,1,1,1,1,1
"9296","1325","Ec_N",155,56,56,"Ec",32,1,1,1,1,1,1
"9297","1325","Ec_N",155,57,57,"Ec",32,1,1,1,1,1,1
"9298","1325","Ec_N",155,58,58,"Ec",32,1,1,1,1,1,1
"9299","1325","Ec_N",155,59,59,"Ec",32,1,1,1,1,1,1
"9300","1325","Ec_N",155,60,60,"Ec",32,1,1,1,1,1,1
"9301","1325","Ec_N",156,1,1,"Ec",1,0,0,0,0,0,0
"9302","1325","Ec_N",156,2,2,"Ec",1,0,0,0,0,0,0
"9303","1325","Ec_N",156,3,3,"Ec",1,0,0,0,0,0,0
"9304","1325","Ec_N",156,4,4,"Ec",9,0,0,0,1,0,0.0490244839602376
"9305","1325","Ec_N",156,5,5,"Ec",9,0,0,0,1,0,0.0490244839602376
"9306","1325","Ec_N",156,6,6,"Ec",11,0,1,0,1,0,0.503461616060769
"9307","1325","Ec_N",156,7,7,"Ec",11,0,1,0,1,0,0.503461616060769
"9308","1325","Ec_N",156,8,8,"Ec",11,0,1,0,1,0,0.503461616060769
"9309","1325","Ec_N",156,9,9,"Ec",11,0,1,0,1,0,0.503461616060769
"9310","1325","Ec_N",156,10,10,"Ec",11,0,1,0,1,0,0.503461616060769
"9311","1325","Ec_N",156,11,11,"Ec",11,0,1,0,1,0,0.503461616060769
"9312","1325","Ec_N",156,12,12,"Ec",11,0,1,0,1,0,0.503461616060769
"9313","1325","Ec_N",156,13,13,"Ec",11,0,1,0,1,0,0.503461616060769
"9314","1325","Ec_N",156,14,14,"Ec",11,0,1,0,1,0,0.503461616060769
"9315","1325","Ec_N",156,15,15,"Ec",11,0,1,0,1,0,0.503461616060769
"9316","1325","Ec_N",156,16,16,"Ec",11,0,1,0,1,0,0.503461616060769
"9317","1325","Ec_N",156,17,17,"Ec",11,0,1,0,1,0,0.503461616060769
"9318","1325","Ec_N",156,18,18,"Ec",15,0,1,1,1,0,0.62909180866025
"9319","1325","Ec_N",156,19,19,"Ec",15,0,1,1,1,0,0.62909180866025
"9320","1325","Ec_N",156,20,20,"Ec",15,0,1,1,1,0,0.62909180866025
"9321","1325","Ec_N",156,21,21,"Ec",15,0,1,1,1,0,0.62909180866025
"9322","1325","Ec_N",156,22,22,"Ec",15,0,1,1,1,0,0.62909180866025
"9323","1325","Ec_N",156,23,23,"Ec",15,0,1,1,1,0,0.62909180866025
"9324","1325","Ec_N",156,24,24,"Ec",15,0,1,1,1,0,0.62909180866025
"9325","1325","Ec_N",156,25,25,"Ec",15,0,1,1,1,0,0.62909180866025
"9326","1325","Ec_N",156,26,26,"Ec",15,0,1,1,1,0,0.62909180866025
"9327","1325","Ec_N",156,27,27,"Ec",15,0,1,1,1,0,0.62909180866025
"9328","1325","Ec_N",156,28,28,"Ec",15,0,1,1,1,0,0.62909180866025
"9329","1325","Ec_N",156,29,29,"Ec",16,1,1,1,1,0,0.93631405476465
"9330","1325","Ec_N",156,30,30,"Ec",16,1,1,1,1,0,0.93631405476465
"9331","1325","Ec_N",156,31,31,"Ec",16,1,1,1,1,0,0.93631405476465
"9332","1325","Ec_N",156,32,32,"Ec",16,1,1,1,1,0,0.93631405476465
"9333","1325","Ec_N",156,33,33,"Ec",16,1,1,1,1,0,0.93631405476465
"9334","1325","Ec_N",156,34,34,"Ec",16,1,1,1,1,0,0.93631405476465
"9335","1325","Ec_N",156,35,35,"Ec",16,1,1,1,1,0,0.93631405476465
"9336","1325","Ec_N",156,36,36,"Ec",16,1,1,1,1,0,0.93631405476465
"9337","1325","Ec_N",156,37,37,"Ec",16,1,1,1,1,0,0.93631405476465
"9338","1325","Ec_N",156,38,38,"Ec",16,1,1,1,1,0,0.93631405476465
"9339","1325","Ec_N",156,39,39,"Ec",16,1,1,1,1,0,0.93631405476465
"9340","1325","Ec_N",156,40,40,"Ec",32,1,1,1,1,1,1
"9341","1325","Ec_N",156,41,41,"Ec",32,1,1,1,1,1,1
"9342","1325","Ec_N",156,42,42,"Ec",32,1,1,1,1,1,1
"9343","1325","Ec_N",156,43,43,"Ec",32,1,1,1,1,1,1
"9344","1325","Ec_N",156,44,44,"Ec",32,1,1,1,1,1,1
"9345","1325","Ec_N",156,45,45,"Ec",32,1,1,1,1,1,1
"9346","1325","Ec_N",156,46,46,"Ec",32,1,1,1,1,1,1
"9347","1325","Ec_N",156,47,47,"Ec",32,1,1,1,1,1,1
"9348","1325","Ec_N",156,48,48,"Ec",32,1,1,1,1,1,1
"9349","1325","Ec_N",156,49,49,"Ec",32,1,1,1,1,1,1
"9350","1325","Ec_N",156,50,50,"Ec",32,1,1,1,1,1,1
"9351","1325","Ec_N",156,51,51,"Ec",32,1,1,1,1,1,1
"9352","1325","Ec_N",156,52,52,"Ec",32,1,1,1,1,1,1
"9353","1325","Ec_N",156,53,53,"Ec",32,1,1,1,1,1,1
"9354","1325","Ec_N",156,54,54,"Ec",32,1,1,1,1,1,1
"9355","1325","Ec_N",156,55,55,"Ec",32,1,1,1,1,1,1
"9356","1325","Ec_N",156,56,56,"Ec",32,1,1,1,1,1,1
"9357","1325","Ec_N",156,57,57,"Ec",32,1,1,1,1,1,1
"9358","1325","Ec_N",156,58,58,"Ec",32,1,1,1,1,1,1
"9359","1325","Ec_N",156,59,59,"Ec",32,1,1,1,1,1,1
"9360","1325","Ec_N",156,60,60,"Ec",32,1,1,1,1,1,1
"9361","1325","Ec_N",157,1,1,"Ec",1,0,0,0,0,0,0
"9362","1325","Ec_N",157,2,2,"Ec",1,0,0,0,0,0,0
"9363","1325","Ec_N",157,3,3,"Ec",1,0,0,0,0,0,0
"9364","1325","Ec_N",157,4,4,"Ec",1,0,0,0,0,0,0
"9365","1325","Ec_N",157,5,5,"Ec",1,0,0,0,0,0,0
"9366","1325","Ec_N",157,6,6,"Ec",2,1,0,0,0,0,0.3072222461044
"9367","1325","Ec_N",157,7,7,"Ec",2,1,0,0,0,0,0.3072222461044
"9368","1325","Ec_N",157,8,8,"Ec",2,1,0,0,0,0,0.3072222461044
"9369","1325","Ec_N",157,9,9,"Ec",2,1,0,0,0,0,0.3072222461044
"9370","1325","Ec_N",157,10,10,"Ec",2,1,0,0,0,0,0.3072222461044
"9371","1325","Ec_N",157,11,11,"Ec",2,1,0,0,0,0,0.3072222461044
"9372","1325","Ec_N",157,12,12,"Ec",2,1,0,0,0,0,0.3072222461044
"9373","1325","Ec_N",157,13,13,"Ec",2,1,0,0,0,0,0.3072222461044
"9374","1325","Ec_N",157,14,14,"Ec",2,1,0,0,0,0,0.3072222461044
"9375","1325","Ec_N",157,15,15,"Ec",2,1,0,0,0,0,0.3072222461044
"9376","1325","Ec_N",157,16,16,"Ec",2,1,0,0,0,0,0.3072222461044
"9377","1325","Ec_N",157,17,17,"Ec",2,1,0,0,0,0,0.3072222461044
"9378","1325","Ec_N",157,18,18,"Ec",2,1,0,0,0,0,0.3072222461044
"9379","1325","Ec_N",157,19,19,"Ec",2,1,0,0,0,0,0.3072222461044
"9380","1325","Ec_N",157,20,20,"Ec",2,1,0,0,0,0,0.3072222461044
"9381","1325","Ec_N",157,21,21,"Ec",2,1,0,0,0,0,0.3072222461044
"9382","1325","Ec_N",157,22,22,"Ec",2,1,0,0,0,0,0.3072222461044
"9383","1325","Ec_N",157,23,23,"Ec",2,1,0,0,0,0,0.3072222461044
"9384","1325","Ec_N",157,24,24,"Ec",4,1,1,0,0,0,0.727660542352217
"9385","1325","Ec_N",157,25,25,"Ec",4,1,1,0,0,0,0.727660542352217
"9386","1325","Ec_N",157,26,26,"Ec",4,1,1,0,0,0,0.727660542352217
"9387","1325","Ec_N",157,27,27,"Ec",4,1,1,0,0,0,0.727660542352217
"9388","1325","Ec_N",157,28,28,"Ec",4,1,1,0,0,0,0.727660542352217
"9389","1325","Ec_N",157,29,29,"Ec",4,1,1,0,0,0,0.727660542352217
"9390","1325","Ec_N",157,30,30,"Ec",4,1,1,0,0,0,0.727660542352217
"9391","1325","Ec_N",157,31,31,"Ec",4,1,1,0,0,0,0.727660542352217
"9392","1325","Ec_N",157,32,32,"Ec",4,1,1,0,0,0,0.727660542352217
"9393","1325","Ec_N",157,33,33,"Ec",4,1,1,0,0,0,0.727660542352217
"9394","1325","Ec_N",157,34,34,"Ec",4,1,1,0,0,0,0.727660542352217
"9395","1325","Ec_N",157,35,35,"Ec",4,1,1,0,0,0,0.727660542352217
"9396","1325","Ec_N",157,36,36,"Ec",4,1,1,0,0,0,0.727660542352217
"9397","1325","Ec_N",157,37,37,"Ec",4,1,1,0,0,0,0.727660542352217
"9398","1325","Ec_N",157,38,38,"Ec",4,1,1,0,0,0,0.727660542352217
"9399","1325","Ec_N",157,39,39,"Ec",8,1,1,1,0,0,0.887289570804412
"9400","1325","Ec_N",157,40,40,"Ec",8,1,1,1,0,0,0.887289570804412
"9401","1325","Ec_N",157,41,41,"Ec",8,1,1,1,0,0,0.887289570804412
"9402","1325","Ec_N",157,42,42,"Ec",8,1,1,1,0,0,0.887289570804412
"9403","1325","Ec_N",157,43,43,"Ec",8,1,1,1,0,0,0.887289570804412
"9404","1325","Ec_N",157,44,44,"Ec",8,1,1,1,0,0,0.887289570804412
"9405","1325","Ec_N",157,45,45,"Ec",8,1,1,1,0,0,0.887289570804412
"9406","1325","Ec_N",157,46,46,"Ec",16,1,1,1,1,0,0.93631405476465
"9407","1325","Ec_N",157,47,47,"Ec",16,1,1,1,1,0,0.93631405476465
"9408","1325","Ec_N",157,48,48,"Ec",16,1,1,1,1,0,0.93631405476465
"9409","1325","Ec_N",157,49,49,"Ec",16,1,1,1,1,0,0.93631405476465
"9410","1325","Ec_N",157,50,50,"Ec",16,1,1,1,1,0,0.93631405476465
"9411","1325","Ec_N",157,51,51,"Ec",16,1,1,1,1,0,0.93631405476465
"9412","1325","Ec_N",157,52,52,"Ec",16,1,1,1,1,0,0.93631405476465
"9413","1325","Ec_N",157,53,53,"Ec",16,1,1,1,1,0,0.93631405476465
"9414","1325","Ec_N",157,54,54,"Ec",16,1,1,1,1,0,0.93631405476465
"9415","1325","Ec_N",157,55,55,"Ec",16,1,1,1,1,0,0.93631405476465
"9416","1325","Ec_N",157,56,56,"Ec",16,1,1,1,1,0,0.93631405476465
"9417","1325","Ec_N",157,57,57,"Ec",16,1,1,1,1,0,0.93631405476465
"9418","1325","Ec_N",157,58,58,"Ec",16,1,1,1,1,0,0.93631405476465
"9419","1325","Ec_N",157,59,59,"Ec",16,1,1,1,1,0,0.93631405476465
"9420","1325","Ec_N",157,60,60,"Ec",16,1,1,1,1,0,0.93631405476465
"9421","1325","Ec_N",158,1,1,"Ec",1,0,0,0,0,0,0
"9422","1325","Ec_N",158,2,2,"Ec",1,0,0,0,0,0,0
"9423","1325","Ec_N",158,3,3,"Ec",1,0,0,0,0,0,0
"9424","1325","Ec_N",158,4,4,"Ec",3,0,1,0,0,0,0.420438296247818
"9425","1325","Ec_N",158,5,5,"Ec",3,0,1,0,0,0,0.420438296247818
"9426","1325","Ec_N",158,6,6,"Ec",3,0,1,0,0,0,0.420438296247818
"9427","1325","Ec_N",158,7,7,"Ec",3,0,1,0,0,0,0.420438296247818
"9428","1325","Ec_N",158,8,8,"Ec",3,0,1,0,0,0,0.420438296247818
"9429","1325","Ec_N",158,9,9,"Ec",3,0,1,0,0,0,0.420438296247818
"9430","1325","Ec_N",158,10,10,"Ec",3,0,1,0,0,0,0.420438296247818
"9431","1325","Ec_N",158,11,11,"Ec",3,0,1,0,0,0,0.420438296247818
"9432","1325","Ec_N",158,12,12,"Ec",7,0,1,1,0,0,0.580067324700012
"9433","1325","Ec_N",158,13,13,"Ec",7,0,1,1,0,0,0.580067324700012
"9434","1325","Ec_N",158,14,14,"Ec",8,1,1,1,0,0,0.887289570804412
"9435","1325","Ec_N",158,15,15,"Ec",8,1,1,1,0,0,0.887289570804412
"9436","1325","Ec_N",158,16,16,"Ec",8,1,1,1,0,0,0.887289570804412
"9437","1325","Ec_N",158,17,17,"Ec",8,1,1,1,0,0,0.887289570804412
"9438","1325","Ec_N",158,18,18,"Ec",8,1,1,1,0,0,0.887289570804412
"9439","1325","Ec_N",158,19,19,"Ec",8,1,1,1,0,0,0.887289570804412
"9440","1325","Ec_N",158,20,20,"Ec",8,1,1,1,0,0,0.887289570804412
"9441","1325","Ec_N",158,21,21,"Ec",8,1,1,1,0,0,0.887289570804412
"9442","1325","Ec_N",158,22,22,"Ec",8,1,1,1,0,0,0.887289570804412
"9443","1325","Ec_N",158,23,23,"Ec",8,1,1,1,0,0,0.887289570804412
"9444","1325","Ec_N",158,24,24,"Ec",8,1,1,1,0,0,0.887289570804412
"9445","1325","Ec_N",158,25,25,"Ec",8,1,1,1,0,0,0.887289570804412
"9446","1325","Ec_N",158,26,26,"Ec",8,1,1,1,0,0,0.887289570804412
"9447","1325","Ec_N",158,27,27,"Ec",8,1,1,1,0,0,0.887289570804412
"9448","1325","Ec_N",158,28,28,"Ec",8,1,1,1,0,0,0.887289570804412
"9449","1325","Ec_N",158,29,29,"Ec",8,1,1,1,0,0,0.887289570804412
"9450","1325","Ec_N",158,30,30,"Ec",8,1,1,1,0,0,0.887289570804412
"9451","1325","Ec_N",158,31,31,"Ec",8,1,1,1,0,0,0.887289570804412
"9452","1325","Ec_N",158,32,32,"Ec",8,1,1,1,0,0,0.887289570804412
"9453","1325","Ec_N",158,33,33,"Ec",8,1,1,1,0,0,0.887289570804412
"9454","1325","Ec_N",158,34,34,"Ec",8,1,1,1,0,0,0.887289570804412
"9455","1325","Ec_N",158,35,35,"Ec",8,1,1,1,0,0,0.887289570804412
"9456","1325","Ec_N",158,36,36,"Ec",8,1,1,1,0,0,0.887289570804412
"9457","1325","Ec_N",158,37,37,"Ec",8,1,1,1,0,0,0.887289570804412
"9458","1325","Ec_N",158,38,38,"Ec",16,1,1,1,1,0,0.93631405476465
"9459","1325","Ec_N",158,39,39,"Ec",16,1,1,1,1,0,0.93631405476465
"9460","1325","Ec_N",158,40,40,"Ec",16,1,1,1,1,0,0.93631405476465
"9461","1325","Ec_N",158,41,41,"Ec",16,1,1,1,1,0,0.93631405476465
"9462","1325","Ec_N",158,42,42,"Ec",16,1,1,1,1,0,0.93631405476465
"9463","1325","Ec_N",158,43,43,"Ec",16,1,1,1,1,0,0.93631405476465
"9464","1325","Ec_N",158,44,44,"Ec",16,1,1,1,1,0,0.93631405476465
"9465","1325","Ec_N",158,45,45,"Ec",16,1,1,1,1,0,0.93631405476465
"9466","1325","Ec_N",158,46,46,"Ec",16,1,1,1,1,0,0.93631405476465
"9467","1325","Ec_N",158,47,47,"Ec",16,1,1,1,1,0,0.93631405476465
"9468","1325","Ec_N",158,48,48,"Ec",32,1,1,1,1,1,1
"9469","1325","Ec_N",158,49,49,"Ec",32,1,1,1,1,1,1
"9470","1325","Ec_N",158,50,50,"Ec",32,1,1,1,1,1,1
"9471","1325","Ec_N",158,51,51,"Ec",32,1,1,1,1,1,1
"9472","1325","Ec_N",158,52,52,"Ec",32,1,1,1,1,1,1
"9473","1325","Ec_N",158,53,53,"Ec",32,1,1,1,1,1,1
"9474","1325","Ec_N",158,54,54,"Ec",32,1,1,1,1,1,1
"9475","1325","Ec_N",158,55,55,"Ec",32,1,1,1,1,1,1
"9476","1325","Ec_N",158,56,56,"Ec",32,1,1,1,1,1,1
"9477","1325","Ec_N",158,57,57,"Ec",32,1,1,1,1,1,1
"9478","1325","Ec_N",158,58,58,"Ec",32,1,1,1,1,1,1
"9479","1325","Ec_N",158,59,59,"Ec",32,1,1,1,1,1,1
"9480","1325","Ec_N",158,60,60,"Ec",32,1,1,1,1,1,1
"9481","1325","Ec_N",159,1,1,"Ec",1,0,0,0,0,0,0
"9482","1325","Ec_N",159,2,2,"Ec",5,0,0,1,0,0,0.159629028452195
"9483","1325","Ec_N",159,3,3,"Ec",5,0,0,1,0,0,0.159629028452195
"9484","1325","Ec_N",159,4,4,"Ec",5,0,0,1,0,0,0.159629028452195
"9485","1325","Ec_N",159,5,5,"Ec",5,0,0,1,0,0,0.159629028452195
"9486","1325","Ec_N",159,6,6,"Ec",5,0,0,1,0,0,0.159629028452195
"9487","1325","Ec_N",159,7,7,"Ec",5,0,0,1,0,0,0.159629028452195
"9488","1325","Ec_N",159,8,8,"Ec",13,0,0,1,1,0,0.208653512412432
"9489","1325","Ec_N",159,9,9,"Ec",29,0,0,1,1,1,0.272339457647783
"9490","1325","Ec_N",159,10,10,"Ec",30,1,0,1,1,1,0.579561703752182
"9491","1325","Ec_N",159,11,11,"Ec",30,1,0,1,1,1,0.579561703752182
"9492","1325","Ec_N",159,12,12,"Ec",30,1,0,1,1,1,0.579561703752182
"9493","1325","Ec_N",159,13,13,"Ec",30,1,0,1,1,1,0.579561703752182
"9494","1325","Ec_N",159,14,14,"Ec",30,1,0,1,1,1,0.579561703752182
"9495","1325","Ec_N",159,15,15,"Ec",30,1,0,1,1,1,0.579561703752182
"9496","1325","Ec_N",159,16,16,"Ec",30,1,0,1,1,1,0.579561703752182
"9497","1325","Ec_N",159,17,17,"Ec",30,1,0,1,1,1,0.579561703752182
"9498","1325","Ec_N",159,18,18,"Ec",30,1,0,1,1,1,0.579561703752182
"9499","1325","Ec_N",159,19,19,"Ec",30,1,0,1,1,1,0.579561703752182
"9500","1325","Ec_N",159,20,20,"Ec",30,1,0,1,1,1,0.579561703752182
"9501","1325","Ec_N",159,21,21,"Ec",30,1,0,1,1,1,0.579561703752182
"9502","1325","Ec_N",159,22,22,"Ec",30,1,0,1,1,1,0.579561703752182
"9503","1325","Ec_N",159,23,23,"Ec",30,1,0,1,1,1,0.579561703752182
"9504","1325","Ec_N",159,24,24,"Ec",30,1,0,1,1,1,0.579561703752182
"9505","1325","Ec_N",159,25,25,"Ec",30,1,0,1,1,1,0.579561703752182
"9506","1325","Ec_N",159,26,26,"Ec",30,1,0,1,1,1,0.579561703752182
"9507","1325","Ec_N",159,27,27,"Ec",30,1,0,1,1,1,0.579561703752182
"9508","1325","Ec_N",159,28,28,"Ec",30,1,0,1,1,1,0.579561703752182
"9509","1325","Ec_N",159,29,29,"Ec",30,1,0,1,1,1,0.579561703752182
"9510","1325","Ec_N",159,30,30,"Ec",30,1,0,1,1,1,0.579561703752182
"9511","1325","Ec_N",159,31,31,"Ec",30,1,0,1,1,1,0.579561703752182
"9512","1325","Ec_N",159,32,32,"Ec",30,1,0,1,1,1,0.579561703752182
"9513","1325","Ec_N",159,33,33,"Ec",30,1,0,1,1,1,0.579561703752182
"9514","1325","Ec_N",159,34,34,"Ec",30,1,0,1,1,1,0.579561703752182
"9515","1325","Ec_N",159,35,35,"Ec",30,1,0,1,1,1,0.579561703752182
"9516","1325","Ec_N",159,36,36,"Ec",32,1,1,1,1,1,1
"9517","1325","Ec_N",159,37,37,"Ec",32,1,1,1,1,1,1
"9518","1325","Ec_N",159,38,38,"Ec",32,1,1,1,1,1,1
"9519","1325","Ec_N",159,39,39,"Ec",32,1,1,1,1,1,1
"9520","1325","Ec_N",159,40,40,"Ec",32,1,1,1,1,1,1
"9521","1325","Ec_N",159,41,41,"Ec",32,1,1,1,1,1,1
"9522","1325","Ec_N",159,42,42,"Ec",32,1,1,1,1,1,1
"9523","1325","Ec_N",159,43,43,"Ec",32,1,1,1,1,1,1
"9524","1325","Ec_N",159,44,44,"Ec",32,1,1,1,1,1,1
"9525","1325","Ec_N",159,45,45,"Ec",32,1,1,1,1,1,1
"9526","1325","Ec_N",159,46,46,"Ec",32,1,1,1,1,1,1
"9527","1325","Ec_N",159,47,47,"Ec",32,1,1,1,1,1,1
"9528","1325","Ec_N",159,48,48,"Ec",32,1,1,1,1,1,1
"9529","1325","Ec_N",159,49,49,"Ec",32,1,1,1,1,1,1
"9530","1325","Ec_N",159,50,50,"Ec",32,1,1,1,1,1,1
"9531","1325","Ec_N",159,51,51,"Ec",32,1,1,1,1,1,1
"9532","1325","Ec_N",159,52,52,"Ec",32,1,1,1,1,1,1
"9533","1325","Ec_N",159,53,53,"Ec",32,1,1,1,1,1,1
"9534","1325","Ec_N",159,54,54,"Ec",32,1,1,1,1,1,1
"9535","1325","Ec_N",159,55,55,"Ec",32,1,1,1,1,1,1
"9536","1325","Ec_N",159,56,56,"Ec",32,1,1,1,1,1,1
"9537","1325","Ec_N",159,57,57,"Ec",32,1,1,1,1,1,1
"9538","1325","Ec_N",159,58,58,"Ec",32,1,1,1,1,1,1
"9539","1325","Ec_N",159,59,59,"Ec",32,1,1,1,1,1,1
"9540","1325","Ec_N",159,60,60,"Ec",32,1,1,1,1,1,1
"9541","1325","Ec_N",160,1,1,"Ec",1,0,0,0,0,0,0
"9542","1325","Ec_N",160,2,2,"Ec",1,0,0,0,0,0,0
"9543","1325","Ec_N",160,3,3,"Ec",1,0,0,0,0,0,0
"9544","1325","Ec_N",160,4,4,"Ec",1,0,0,0,0,0,0
"9545","1325","Ec_N",160,5,5,"Ec",1,0,0,0,0,0,0
"9546","1325","Ec_N",160,6,6,"Ec",3,0,1,0,0,0,0.420438296247818
"9547","1325","Ec_N",160,7,7,"Ec",3,0,1,0,0,0,0.420438296247818
"9548","1325","Ec_N",160,8,8,"Ec",3,0,1,0,0,0,0.420438296247818
"9549","1325","Ec_N",160,9,9,"Ec",3,0,1,0,0,0,0.420438296247818
"9550","1325","Ec_N",160,10,10,"Ec",3,0,1,0,0,0,0.420438296247818
"9551","1325","Ec_N",160,11,11,"Ec",7,0,1,1,0,0,0.580067324700012
"9552","1325","Ec_N",160,12,12,"Ec",7,0,1,1,0,0,0.580067324700012
"9553","1325","Ec_N",160,13,13,"Ec",7,0,1,1,0,0,0.580067324700012
"9554","1325","Ec_N",160,14,14,"Ec",7,0,1,1,0,0,0.580067324700012
"9555","1325","Ec_N",160,15,15,"Ec",7,0,1,1,0,0,0.580067324700012
"9556","1325","Ec_N",160,16,16,"Ec",7,0,1,1,0,0,0.580067324700012
"9557","1325","Ec_N",160,17,17,"Ec",7,0,1,1,0,0,0.580067324700012
"9558","1325","Ec_N",160,18,18,"Ec",8,1,1,1,0,0,0.887289570804412
"9559","1325","Ec_N",160,19,19,"Ec",8,1,1,1,0,0,0.887289570804412
"9560","1325","Ec_N",160,20,20,"Ec",8,1,1,1,0,0,0.887289570804412
"9561","1325","Ec_N",160,21,21,"Ec",8,1,1,1,0,0,0.887289570804412
"9562","1325","Ec_N",160,22,22,"Ec",16,1,1,1,1,0,0.93631405476465
"9563","1325","Ec_N",160,23,23,"Ec",16,1,1,1,1,0,0.93631405476465
"9564","1325","Ec_N",160,24,24,"Ec",16,1,1,1,1,0,0.93631405476465
"9565","1325","Ec_N",160,25,25,"Ec",16,1,1,1,1,0,0.93631405476465
"9566","1325","Ec_N",160,26,26,"Ec",16,1,1,1,1,0,0.93631405476465
"9567","1325","Ec_N",160,27,27,"Ec",16,1,1,1,1,0,0.93631405476465
"9568","1325","Ec_N",160,28,28,"Ec",16,1,1,1,1,0,0.93631405476465
"9569","1325","Ec_N",160,29,29,"Ec",16,1,1,1,1,0,0.93631405476465
"9570","1325","Ec_N",160,30,30,"Ec",16,1,1,1,1,0,0.93631405476465
"9571","1325","Ec_N",160,31,31,"Ec",16,1,1,1,1,0,0.93631405476465
"9572","1325","Ec_N",160,32,32,"Ec",16,1,1,1,1,0,0.93631405476465
"9573","1325","Ec_N",160,33,33,"Ec",32,1,1,1,1,1,1
"9574","1325","Ec_N",160,34,34,"Ec",32,1,1,1,1,1,1
"9575","1325","Ec_N",160,35,35,"Ec",32,1,1,1,1,1,1
"9576","1325","Ec_N",160,36,36,"Ec",32,1,1,1,1,1,1
"9577","1325","Ec_N",160,37,37,"Ec",32,1,1,1,1,1,1
"9578","1325","Ec_N",160,38,38,"Ec",32,1,1,1,1,1,1
"9579","1325","Ec_N",160,39,39,"Ec",32,1,1,1,1,1,1
"9580","1325","Ec_N",160,40,40,"Ec",32,1,1,1,1,1,1
"9581","1325","Ec_N",160,41,41,"Ec",32,1,1,1,1,1,1
"9582","1325","Ec_N",160,42,42,"Ec",32,1,1,1,1,1,1
"9583","1325","Ec_N",160,43,43,"Ec",32,1,1,1,1,1,1
"9584","1325","Ec_N",160,44,44,"Ec",32,1,1,1,1,1,1
"9585","1325","Ec_N",160,45,45,"Ec",32,1,1,1,1,1,1
"9586","1325","Ec_N",160,46,46,"Ec",32,1,1,1,1,1,1
"9587","1325","Ec_N",160,47,47,"Ec",32,1,1,1,1,1,1
"9588","1325","Ec_N",160,48,48,"Ec",32,1,1,1,1,1,1
"9589","1325","Ec_N",160,49,49,"Ec",32,1,1,1,1,1,1
"9590","1325","Ec_N",160,50,50,"Ec",32,1,1,1,1,1,1
"9591","1325","Ec_N",160,51,51,"Ec",32,1,1,1,1,1,1
"9592","1325","Ec_N",160,52,52,"Ec",32,1,1,1,1,1,1
"9593","1325","Ec_N",160,53,53,"Ec",32,1,1,1,1,1,1
"9594","1325","Ec_N",160,54,54,"Ec",32,1,1,1,1,1,1
"9595","1325","Ec_N",160,55,55,"Ec",32,1,1,1,1,1,1
"9596","1325","Ec_N",160,56,56,"Ec",32,1,1,1,1,1,1
"9597","1325","Ec_N",160,57,57,"Ec",32,1,1,1,1,1,1
"9598","1325","Ec_N",160,58,58,"Ec",32,1,1,1,1,1,1
"9599","1325","Ec_N",160,59,59,"Ec",32,1,1,1,1,1,1
"9600","1325","Ec_N",160,60,60,"Ec",32,1,1,1,1,1,1
"9601","1325","Ec_N",161,1,1,"Ec",1,0,0,0,0,0,0
"9602","1325","Ec_N",161,2,2,"Ec",1,0,0,0,0,0,0
"9603","1325","Ec_N",161,3,3,"Ec",1,0,0,0,0,0,0
"9604","1325","Ec_N",161,4,4,"Ec",1,0,0,0,0,0,0
"9605","1325","Ec_N",161,5,5,"Ec",1,0,0,0,0,0,0
"9606","1325","Ec_N",161,6,6,"Ec",1,0,0,0,0,0,0
"9607","1325","Ec_N",161,7,7,"Ec",1,0,0,0,0,0,0
"9608","1325","Ec_N",161,8,8,"Ec",1,0,0,0,0,0,0
"9609","1325","Ec_N",161,9,9,"Ec",1,0,0,0,0,0,0
"9610","1325","Ec_N",161,10,10,"Ec",1,0,0,0,0,0,0
"9611","1325","Ec_N",161,11,11,"Ec",1,0,0,0,0,0,0
"9612","1325","Ec_N",161,12,12,"Ec",1,0,0,0,0,0,0
"9613","1325","Ec_N",161,13,13,"Ec",1,0,0,0,0,0,0
"9614","1325","Ec_N",161,14,14,"Ec",1,0,0,0,0,0,0
"9615","1325","Ec_N",161,15,15,"Ec",1,0,0,0,0,0,0
"9616","1325","Ec_N",161,16,16,"Ec",5,0,0,1,0,0,0.159629028452195
"9617","1325","Ec_N",161,17,17,"Ec",5,0,0,1,0,0,0.159629028452195
"9618","1325","Ec_N",161,18,18,"Ec",5,0,0,1,0,0,0.159629028452195
"9619","1325","Ec_N",161,19,19,"Ec",5,0,0,1,0,0,0.159629028452195
"9620","1325","Ec_N",161,20,20,"Ec",5,0,0,1,0,0,0.159629028452195
"9621","1325","Ec_N",161,21,21,"Ec",5,0,0,1,0,0,0.159629028452195
"9622","1325","Ec_N",161,22,22,"Ec",5,0,0,1,0,0,0.159629028452195
"9623","1325","Ec_N",161,23,23,"Ec",5,0,0,1,0,0,0.159629028452195
"9624","1325","Ec_N",161,24,24,"Ec",5,0,0,1,0,0,0.159629028452195
"9625","1325","Ec_N",161,25,25,"Ec",5,0,0,1,0,0,0.159629028452195
"9626","1325","Ec_N",161,26,26,"Ec",5,0,0,1,0,0,0.159629028452195
"9627","1325","Ec_N",161,27,27,"Ec",5,0,0,1,0,0,0.159629028452195
"9628","1325","Ec_N",161,28,28,"Ec",5,0,0,1,0,0,0.159629028452195
"9629","1325","Ec_N",161,29,29,"Ec",5,0,0,1,0,0,0.159629028452195
"9630","1325","Ec_N",161,30,30,"Ec",5,0,0,1,0,0,0.159629028452195
"9631","1325","Ec_N",161,31,31,"Ec",5,0,0,1,0,0,0.159629028452195
"9632","1325","Ec_N",161,32,32,"Ec",5,0,0,1,0,0,0.159629028452195
"9633","1325","Ec_N",161,33,33,"Ec",5,0,0,1,0,0,0.159629028452195
"9634","1325","Ec_N",161,34,34,"Ec",5,0,0,1,0,0,0.159629028452195
"9635","1325","Ec_N",161,35,35,"Ec",5,0,0,1,0,0,0.159629028452195
"9636","1325","Ec_N",161,36,36,"Ec",5,0,0,1,0,0,0.159629028452195
"9637","1325","Ec_N",161,37,37,"Ec",5,0,0,1,0,0,0.159629028452195
"9638","1325","Ec_N",161,38,38,"Ec",5,0,0,1,0,0,0.159629028452195
"9639","1325","Ec_N",161,39,39,"Ec",5,0,0,1,0,0,0.159629028452195
"9640","1325","Ec_N",161,40,40,"Ec",5,0,0,1,0,0,0.159629028452195
"9641","1325","Ec_N",161,41,41,"Ec",21,0,0,1,0,1,0.223314973687545
"9642","1325","Ec_N",161,42,42,"Ec",21,0,0,1,0,1,0.223314973687545
"9643","1325","Ec_N",161,43,43,"Ec",21,0,0,1,0,1,0.223314973687545
"9644","1325","Ec_N",161,44,44,"Ec",21,0,0,1,0,1,0.223314973687545
"9645","1325","Ec_N",161,45,45,"Ec",21,0,0,1,0,1,0.223314973687545
"9646","1325","Ec_N",161,46,46,"Ec",21,0,0,1,0,1,0.223314973687545
"9647","1325","Ec_N",161,47,47,"Ec",21,0,0,1,0,1,0.223314973687545
"9648","1325","Ec_N",161,48,48,"Ec",21,0,0,1,0,1,0.223314973687545
"9649","1325","Ec_N",161,49,49,"Ec",21,0,0,1,0,1,0.223314973687545
"9650","1325","Ec_N",161,50,50,"Ec",21,0,0,1,0,1,0.223314973687545
"9651","1325","Ec_N",161,51,51,"Ec",21,0,0,1,0,1,0.223314973687545
"9652","1325","Ec_N",161,52,52,"Ec",21,0,0,1,0,1,0.223314973687545
"9653","1325","Ec_N",161,53,53,"Ec",21,0,0,1,0,1,0.223314973687545
"9654","1325","Ec_N",161,54,54,"Ec",21,0,0,1,0,1,0.223314973687545
"9655","1325","Ec_N",161,55,55,"Ec",21,0,0,1,0,1,0.223314973687545
"9656","1325","Ec_N",161,56,56,"Ec",21,0,0,1,0,1,0.223314973687545
"9657","1325","Ec_N",161,57,57,"Ec",29,0,0,1,1,1,0.272339457647783
"9658","1325","Ec_N",161,58,58,"Ec",29,0,0,1,1,1,0.272339457647783
"9659","1325","Ec_N",161,59,59,"Ec",31,0,1,1,1,1,0.6927777538956
"9660","1325","Ec_N",161,60,60,"Ec",31,0,1,1,1,1,0.6927777538956
"9661","1325","Ec_N",162,1,1,"Ec",1,0,0,0,0,0,0
"9662","1325","Ec_N",162,2,2,"Ec",1,0,0,0,0,0,0
"9663","1325","Ec_N",162,3,3,"Ec",17,0,0,0,0,1,0.0636859452353503
"9664","1325","Ec_N",162,4,4,"Ec",17,0,0,0,0,1,0.0636859452353503
"9665","1325","Ec_N",162,5,5,"Ec",17,0,0,0,0,1,0.0636859452353503
"9666","1325","Ec_N",162,6,6,"Ec",21,0,0,1,0,1,0.223314973687545
"9667","1325","Ec_N",162,7,7,"Ec",22,1,0,1,0,1,0.530537219791945
"9668","1325","Ec_N",162,8,8,"Ec",22,1,0,1,0,1,0.530537219791945
"9669","1325","Ec_N",162,9,9,"Ec",22,1,0,1,0,1,0.530537219791945
"9670","1325","Ec_N",162,10,10,"Ec",22,1,0,1,0,1,0.530537219791945
"9671","1325","Ec_N",162,11,11,"Ec",22,1,0,1,0,1,0.530537219791945
"9672","1325","Ec_N",162,12,12,"Ec",22,1,0,1,0,1,0.530537219791945
"9673","1325","Ec_N",162,13,13,"Ec",22,1,0,1,0,1,0.530537219791945
"9674","1325","Ec_N",162,14,14,"Ec",30,1,0,1,1,1,0.579561703752182
"9675","1325","Ec_N",162,15,15,"Ec",30,1,0,1,1,1,0.579561703752182
"9676","1325","Ec_N",162,16,16,"Ec",30,1,0,1,1,1,0.579561703752182
"9677","1325","Ec_N",162,17,17,"Ec",30,1,0,1,1,1,0.579561703752182
"9678","1325","Ec_N",162,18,18,"Ec",30,1,0,1,1,1,0.579561703752182
"9679","1325","Ec_N",162,19,19,"Ec",30,1,0,1,1,1,0.579561703752182
"9680","1325","Ec_N",162,20,20,"Ec",30,1,0,1,1,1,0.579561703752182
"9681","1325","Ec_N",162,21,21,"Ec",30,1,0,1,1,1,0.579561703752182
"9682","1325","Ec_N",162,22,22,"Ec",30,1,0,1,1,1,0.579561703752182
"9683","1325","Ec_N",162,23,23,"Ec",32,1,1,1,1,1,1
"9684","1325","Ec_N",162,24,24,"Ec",32,1,1,1,1,1,1
"9685","1325","Ec_N",162,25,25,"Ec",32,1,1,1,1,1,1
"9686","1325","Ec_N",162,26,26,"Ec",32,1,1,1,1,1,1
"9687","1325","Ec_N",162,27,27,"Ec",32,1,1,1,1,1,1
"9688","1325","Ec_N",162,28,28,"Ec",32,1,1,1,1,1,1
"9689","1325","Ec_N",162,29,29,"Ec",32,1,1,1,1,1,1
"9690","1325","Ec_N",162,30,30,"Ec",32,1,1,1,1,1,1
"9691","1325","Ec_N",162,31,31,"Ec",32,1,1,1,1,1,1
"9692","1325","Ec_N",162,32,32,"Ec",32,1,1,1,1,1,1
"9693","1325","Ec_N",162,33,33,"Ec",32,1,1,1,1,1,1
"9694","1325","Ec_N",162,34,34,"Ec",32,1,1,1,1,1,1
"9695","1325","Ec_N",162,35,35,"Ec",32,1,1,1,1,1,1
"9696","1325","Ec_N",162,36,36,"Ec",32,1,1,1,1,1,1
"9697","1325","Ec_N",162,37,37,"Ec",32,1,1,1,1,1,1
"9698","1325","Ec_N",162,38,38,"Ec",32,1,1,1,1,1,1
"9699","1325","Ec_N",162,39,39,"Ec",32,1,1,1,1,1,1
"9700","1325","Ec_N",162,40,40,"Ec",32,1,1,1,1,1,1
"9701","1325","Ec_N",162,41,41,"Ec",32,1,1,1,1,1,1
"9702","1325","Ec_N",162,42,42,"Ec",32,1,1,1,1,1,1
"9703","1325","Ec_N",162,43,43,"Ec",32,1,1,1,1,1,1
"9704","1325","Ec_N",162,44,44,"Ec",32,1,1,1,1,1,1
"9705","1325","Ec_N",162,45,45,"Ec",32,1,1,1,1,1,1
"9706","1325","Ec_N",162,46,46,"Ec",32,1,1,1,1,1,1
"9707","1325","Ec_N",162,47,47,"Ec",32,1,1,1,1,1,1
"9708","1325","Ec_N",162,48,48,"Ec",32,1,1,1,1,1,1
"9709","1325","Ec_N",162,49,49,"Ec",32,1,1,1,1,1,1
"9710","1325","Ec_N",162,50,50,"Ec",32,1,1,1,1,1,1
"9711","1325","Ec_N",162,51,51,"Ec",32,1,1,1,1,1,1
"9712","1325","Ec_N",162,52,52,"Ec",32,1,1,1,1,1,1
"9713","1325","Ec_N",162,53,53,"Ec",32,1,1,1,1,1,1
"9714","1325","Ec_N",162,54,54,"Ec",32,1,1,1,1,1,1
"9715","1325","Ec_N",162,55,55,"Ec",32,1,1,1,1,1,1
"9716","1325","Ec_N",162,56,56,"Ec",32,1,1,1,1,1,1
"9717","1325","Ec_N",162,57,57,"Ec",32,1,1,1,1,1,1
"9718","1325","Ec_N",162,58,58,"Ec",32,1,1,1,1,1,1
"9719","1325","Ec_N",162,59,59,"Ec",32,1,1,1,1,1,1
"9720","1325","Ec_N",162,60,60,"Ec",32,1,1,1,1,1,1
"9721","1325","Ec_N",163,1,1,"Ec",1,0,0,0,0,0,0
"9722","1325","Ec_N",163,2,2,"Ec",1,0,0,0,0,0,0
"9723","1325","Ec_N",163,3,3,"Ec",1,0,0,0,0,0,0
"9724","1325","Ec_N",163,4,4,"Ec",9,0,0,0,1,0,0.0490244839602376
"9725","1325","Ec_N",163,5,5,"Ec",9,0,0,0,1,0,0.0490244839602376
"9726","1325","Ec_N",163,6,6,"Ec",13,0,0,1,1,0,0.208653512412432
"9727","1325","Ec_N",163,7,7,"Ec",13,0,0,1,1,0,0.208653512412432
"9728","1325","Ec_N",163,8,8,"Ec",13,0,0,1,1,0,0.208653512412432
"9729","1325","Ec_N",163,9,9,"Ec",13,0,0,1,1,0,0.208653512412432
"9730","1325","Ec_N",163,10,10,"Ec",29,0,0,1,1,1,0.272339457647783
"9731","1325","Ec_N",163,11,11,"Ec",29,0,0,1,1,1,0.272339457647783
"9732","1325","Ec_N",163,12,12,"Ec",31,0,1,1,1,1,0.6927777538956
"9733","1325","Ec_N",163,13,13,"Ec",31,0,1,1,1,1,0.6927777538956
"9734","1325","Ec_N",163,14,14,"Ec",31,0,1,1,1,1,0.6927777538956
"9735","1325","Ec_N",163,15,15,"Ec",31,0,1,1,1,1,0.6927777538956
"9736","1325","Ec_N",163,16,16,"Ec",31,0,1,1,1,1,0.6927777538956
"9737","1325","Ec_N",163,17,17,"Ec",31,0,1,1,1,1,0.6927777538956
"9738","1325","Ec_N",163,18,18,"Ec",31,0,1,1,1,1,0.6927777538956
"9739","1325","Ec_N",163,19,19,"Ec",31,0,1,1,1,1,0.6927777538956
"9740","1325","Ec_N",163,20,20,"Ec",31,0,1,1,1,1,0.6927777538956
"9741","1325","Ec_N",163,21,21,"Ec",31,0,1,1,1,1,0.6927777538956
"9742","1325","Ec_N",163,22,22,"Ec",31,0,1,1,1,1,0.6927777538956
"9743","1325","Ec_N",163,23,23,"Ec",31,0,1,1,1,1,0.6927777538956
"9744","1325","Ec_N",163,24,24,"Ec",32,1,1,1,1,1,1
"9745","1325","Ec_N",163,25,25,"Ec",32,1,1,1,1,1,1
"9746","1325","Ec_N",163,26,26,"Ec",32,1,1,1,1,1,1
"9747","1325","Ec_N",163,27,27,"Ec",32,1,1,1,1,1,1
"9748","1325","Ec_N",163,28,28,"Ec",32,1,1,1,1,1,1
"9749","1325","Ec_N",163,29,29,"Ec",32,1,1,1,1,1,1
"9750","1325","Ec_N",163,30,30,"Ec",32,1,1,1,1,1,1
"9751","1325","Ec_N",163,31,31,"Ec",32,1,1,1,1,1,1
"9752","1325","Ec_N",163,32,32,"Ec",32,1,1,1,1,1,1
"9753","1325","Ec_N",163,33,33,"Ec",32,1,1,1,1,1,1
"9754","1325","Ec_N",163,34,34,"Ec",32,1,1,1,1,1,1
"9755","1325","Ec_N",163,35,35,"Ec",32,1,1,1,1,1,1
"9756","1325","Ec_N",163,36,36,"Ec",32,1,1,1,1,1,1
"9757","1325","Ec_N",163,37,37,"Ec",32,1,1,1,1,1,1
"9758","1325","Ec_N",163,38,38,"Ec",32,1,1,1,1,1,1
"9759","1325","Ec_N",163,39,39,"Ec",32,1,1,1,1,1,1
"9760","1325","Ec_N",163,40,40,"Ec",32,1,1,1,1,1,1
"9761","1325","Ec_N",163,41,41,"Ec",32,1,1,1,1,1,1
"9762","1325","Ec_N",163,42,42,"Ec",32,1,1,1,1,1,1
"9763","1325","Ec_N",163,43,43,"Ec",32,1,1,1,1,1,1
"9764","1325","Ec_N",163,44,44,"Ec",32,1,1,1,1,1,1
"9765","1325","Ec_N",163,45,45,"Ec",32,1,1,1,1,1,1
"9766","1325","Ec_N",163,46,46,"Ec",32,1,1,1,1,1,1
"9767","1325","Ec_N",163,47,47,"Ec",32,1,1,1,1,1,1
"9768","1325","Ec_N",163,48,48,"Ec",32,1,1,1,1,1,1
"9769","1325","Ec_N",163,49,49,"Ec",32,1,1,1,1,1,1
"9770","1325","Ec_N",163,50,50,"Ec",32,1,1,1,1,1,1
"9771","1325","Ec_N",163,51,51,"Ec",32,1,1,1,1,1,1
"9772","1325","Ec_N",163,52,52,"Ec",32,1,1,1,1,1,1
"9773","1325","Ec_N",163,53,53,"Ec",32,1,1,1,1,1,1
"9774","1325","Ec_N",163,54,54,"Ec",32,1,1,1,1,1,1
"9775","1325","Ec_N",163,55,55,"Ec",32,1,1,1,1,1,1
"9776","1325","Ec_N",163,56,56,"Ec",32,1,1,1,1,1,1
"9777","1325","Ec_N",163,57,57,"Ec",32,1,1,1,1,1,1
"9778","1325","Ec_N",163,58,58,"Ec",32,1,1,1,1,1,1
"9779","1325","Ec_N",163,59,59,"Ec",32,1,1,1,1,1,1
"9780","1325","Ec_N",163,60,60,"Ec",32,1,1,1,1,1,1
"9781","1325","Ec_N",164,1,1,"Ec",1,0,0,0,0,0,0
"9782","1325","Ec_N",164,2,2,"Ec",9,0,0,0,1,0,0.0490244839602376
"9783","1325","Ec_N",164,3,3,"Ec",9,0,0,0,1,0,0.0490244839602376
"9784","1325","Ec_N",164,4,4,"Ec",13,0,0,1,1,0,0.208653512412432
"9785","1325","Ec_N",164,5,5,"Ec",13,0,0,1,1,0,0.208653512412432
"9786","1325","Ec_N",164,6,6,"Ec",13,0,0,1,1,0,0.208653512412432
"9787","1325","Ec_N",164,7,7,"Ec",13,0,0,1,1,0,0.208653512412432
"9788","1325","Ec_N",164,8,8,"Ec",13,0,0,1,1,0,0.208653512412432
"9789","1325","Ec_N",164,9,9,"Ec",13,0,0,1,1,0,0.208653512412432
"9790","1325","Ec_N",164,10,10,"Ec",13,0,0,1,1,0,0.208653512412432
"9791","1325","Ec_N",164,11,11,"Ec",13,0,0,1,1,0,0.208653512412432
"9792","1325","Ec_N",164,12,12,"Ec",13,0,0,1,1,0,0.208653512412432
"9793","1325","Ec_N",164,13,13,"Ec",13,0,0,1,1,0,0.208653512412432
"9794","1325","Ec_N",164,14,14,"Ec",15,0,1,1,1,0,0.62909180866025
"9795","1325","Ec_N",164,15,15,"Ec",15,0,1,1,1,0,0.62909180866025
"9796","1325","Ec_N",164,16,16,"Ec",15,0,1,1,1,0,0.62909180866025
"9797","1325","Ec_N",164,17,17,"Ec",15,0,1,1,1,0,0.62909180866025
"9798","1325","Ec_N",164,18,18,"Ec",16,1,1,1,1,0,0.93631405476465
"9799","1325","Ec_N",164,19,19,"Ec",16,1,1,1,1,0,0.93631405476465
"9800","1325","Ec_N",164,20,20,"Ec",16,1,1,1,1,0,0.93631405476465
"9801","1325","Ec_N",164,21,21,"Ec",16,1,1,1,1,0,0.93631405476465
"9802","1325","Ec_N",164,22,22,"Ec",16,1,1,1,1,0,0.93631405476465
"9803","1325","Ec_N",164,23,23,"Ec",16,1,1,1,1,0,0.93631405476465
"9804","1325","Ec_N",164,24,24,"Ec",16,1,1,1,1,0,0.93631405476465
"9805","1325","Ec_N",164,25,25,"Ec",16,1,1,1,1,0,0.93631405476465
"9806","1325","Ec_N",164,26,26,"Ec",16,1,1,1,1,0,0.93631405476465
"9807","1325","Ec_N",164,27,27,"Ec",16,1,1,1,1,0,0.93631405476465
"9808","1325","Ec_N",164,28,28,"Ec",16,1,1,1,1,0,0.93631405476465
"9809","1325","Ec_N",164,29,29,"Ec",16,1,1,1,1,0,0.93631405476465
"9810","1325","Ec_N",164,30,30,"Ec",16,1,1,1,1,0,0.93631405476465
"9811","1325","Ec_N",164,31,31,"Ec",16,1,1,1,1,0,0.93631405476465
"9812","1325","Ec_N",164,32,32,"Ec",16,1,1,1,1,0,0.93631405476465
"9813","1325","Ec_N",164,33,33,"Ec",16,1,1,1,1,0,0.93631405476465
"9814","1325","Ec_N",164,34,34,"Ec",16,1,1,1,1,0,0.93631405476465
"9815","1325","Ec_N",164,35,35,"Ec",32,1,1,1,1,1,1
"9816","1325","Ec_N",164,36,36,"Ec",32,1,1,1,1,1,1
"9817","1325","Ec_N",164,37,37,"Ec",32,1,1,1,1,1,1
"9818","1325","Ec_N",164,38,38,"Ec",32,1,1,1,1,1,1
"9819","1325","Ec_N",164,39,39,"Ec",32,1,1,1,1,1,1
"9820","1325","Ec_N",164,40,40,"Ec",32,1,1,1,1,1,1
"9821","1325","Ec_N",164,41,41,"Ec",32,1,1,1,1,1,1
"9822","1325","Ec_N",164,42,42,"Ec",32,1,1,1,1,1,1
"9823","1325","Ec_N",164,43,43,"Ec",32,1,1,1,1,1,1
"9824","1325","Ec_N",164,44,44,"Ec",32,1,1,1,1,1,1
"9825","1325","Ec_N",164,45,45,"Ec",32,1,1,1,1,1,1
"9826","1325","Ec_N",164,46,46,"Ec",32,1,1,1,1,1,1
"9827","1325","Ec_N",164,47,47,"Ec",32,1,1,1,1,1,1
"9828","1325","Ec_N",164,48,48,"Ec",32,1,1,1,1,1,1
"9829","1325","Ec_N",164,49,49,"Ec",32,1,1,1,1,1,1
"9830","1325","Ec_N",164,50,50,"Ec",32,1,1,1,1,1,1
"9831","1325","Ec_N",164,51,51,"Ec",32,1,1,1,1,1,1
"9832","1325","Ec_N",164,52,52,"Ec",32,1,1,1,1,1,1
"9833","1325","Ec_N",164,53,53,"Ec",32,1,1,1,1,1,1
"9834","1325","Ec_N",164,54,54,"Ec",32,1,1,1,1,1,1
"9835","1325","Ec_N",164,55,55,"Ec",32,1,1,1,1,1,1
"9836","1325","Ec_N",164,56,56,"Ec",32,1,1,1,1,1,1
"9837","1325","Ec_N",164,57,57,"Ec",32,1,1,1,1,1,1
"9838","1325","Ec_N",164,58,58,"Ec",32,1,1,1,1,1,1
"9839","1325","Ec_N",164,59,59,"Ec",32,1,1,1,1,1,1
"9840","1325","Ec_N",164,60,60,"Ec",32,1,1,1,1,1,1
"9841","1325","Ec_N",165,1,1,"Ec",1,0,0,0,0,0,0
"9842","1325","Ec_N",165,2,2,"Ec",2,1,0,0,0,0,0.3072222461044
"9843","1325","Ec_N",165,3,3,"Ec",6,1,0,1,0,0,0.466851274556594
"9844","1325","Ec_N",165,4,4,"Ec",6,1,0,1,0,0,0.466851274556594
"9845","1325","Ec_N",165,5,5,"Ec",6,1,0,1,0,0,0.466851274556594
"9846","1325","Ec_N",165,6,6,"Ec",6,1,0,1,0,0,0.466851274556594
"9847","1325","Ec_N",165,7,7,"Ec",6,1,0,1,0,0,0.466851274556594
"9848","1325","Ec_N",165,8,8,"Ec",6,1,0,1,0,0,0.466851274556594
"9849","1325","Ec_N",165,9,9,"Ec",14,1,0,1,1,0,0.479175264165032
"9850","1325","Ec_N",165,10,10,"Ec",14,1,0,1,1,0,0.479175264165032
"9851","1325","Ec_N",165,11,11,"Ec",14,1,0,1,1,0,0.479175264165032
"9852","1325","Ec_N",165,12,12,"Ec",14,1,0,1,1,0,0.479175264165032
"9853","1325","Ec_N",165,13,13,"Ec",14,1,0,1,1,0,0.479175264165032
"9854","1325","Ec_N",165,14,14,"Ec",14,1,0,1,1,0,0.479175264165032
"9855","1325","Ec_N",165,15,15,"Ec",14,1,0,1,1,0,0.479175264165032
"9856","1325","Ec_N",165,16,16,"Ec",14,1,0,1,1,0,0.479175264165032
"9857","1325","Ec_N",165,17,17,"Ec",14,1,0,1,1,0,0.479175264165032
"9858","1325","Ec_N",165,18,18,"Ec",14,1,0,1,1,0,0.479175264165032
"9859","1325","Ec_N",165,19,19,"Ec",14,1,0,1,1,0,0.479175264165032
"9860","1325","Ec_N",165,20,20,"Ec",14,1,0,1,1,0,0.479175264165032
"9861","1325","Ec_N",165,21,21,"Ec",14,1,0,1,1,0,0.479175264165032
"9862","1325","Ec_N",165,22,22,"Ec",14,1,0,1,1,0,0.479175264165032
"9863","1325","Ec_N",165,23,23,"Ec",14,1,0,1,1,0,0.479175264165032
"9864","1325","Ec_N",165,24,24,"Ec",14,1,0,1,1,0,0.479175264165032
"9865","1325","Ec_N",165,25,25,"Ec",14,1,0,1,1,0,0.479175264165032
"9866","1325","Ec_N",165,26,26,"Ec",14,1,0,1,1,0,0.479175264165032
"9867","1325","Ec_N",165,27,27,"Ec",14,1,0,1,1,0,0.479175264165032
"9868","1325","Ec_N",165,28,28,"Ec",14,1,0,1,1,0,0.479175264165032
"9869","1325","Ec_N",165,29,29,"Ec",14,1,0,1,1,0,0.479175264165032
"9870","1325","Ec_N",165,30,30,"Ec",14,1,0,1,1,0,0.479175264165032
"9871","1325","Ec_N",165,31,31,"Ec",14,1,0,1,1,0,0.479175264165032
"9872","1325","Ec_N",165,32,32,"Ec",14,1,0,1,1,0,0.479175264165032
"9873","1325","Ec_N",165,33,33,"Ec",14,1,0,1,1,0,0.479175264165032
"9874","1325","Ec_N",165,34,34,"Ec",14,1,0,1,1,0,0.479175264165032
"9875","1325","Ec_N",165,35,35,"Ec",14,1,0,1,1,0,0.479175264165032
"9876","1325","Ec_N",165,36,36,"Ec",14,1,0,1,1,0,0.479175264165032
"9877","1325","Ec_N",165,37,37,"Ec",14,1,0,1,1,0,0.479175264165032
"9878","1325","Ec_N",165,38,38,"Ec",14,1,0,1,1,0,0.479175264165032
"9879","1325","Ec_N",165,39,39,"Ec",14,1,0,1,1,0,0.479175264165032
"9880","1325","Ec_N",165,40,40,"Ec",14,1,0,1,1,0,0.479175264165032
"9881","1325","Ec_N",165,41,41,"Ec",14,1,0,1,1,0,0.479175264165032
"9882","1325","Ec_N",165,42,42,"Ec",14,1,0,1,1,0,0.479175264165032
"9883","1325","Ec_N",165,43,43,"Ec",14,1,0,1,1,0,0.479175264165032
"9884","1325","Ec_N",165,44,44,"Ec",14,1,0,1,1,0,0.479175264165032
"9885","1325","Ec_N",165,45,45,"Ec",30,1,0,1,1,1,0.579561703752182
"9886","1325","Ec_N",165,46,46,"Ec",30,1,0,1,1,1,0.579561703752182
"9887","1325","Ec_N",165,47,47,"Ec",30,1,0,1,1,1,0.579561703752182
"9888","1325","Ec_N",165,48,48,"Ec",30,1,0,1,1,1,0.579561703752182
"9889","1325","Ec_N",165,49,49,"Ec",30,1,0,1,1,1,0.579561703752182
"9890","1325","Ec_N",165,50,50,"Ec",30,1,0,1,1,1,0.579561703752182
"9891","1325","Ec_N",165,51,51,"Ec",30,1,0,1,1,1,0.579561703752182
"9892","1325","Ec_N",165,52,52,"Ec",30,1,0,1,1,1,0.579561703752182
"9893","1325","Ec_N",165,53,53,"Ec",30,1,0,1,1,1,0.579561703752182
"9894","1325","Ec_N",165,54,54,"Ec",30,1,0,1,1,1,0.579561703752182
"9895","1325","Ec_N",165,55,55,"Ec",30,1,0,1,1,1,0.579561703752182
"9896","1325","Ec_N",165,56,56,"Ec",30,1,0,1,1,1,0.579561703752182
"9897","1325","Ec_N",165,57,57,"Ec",30,1,0,1,1,1,0.579561703752182
"9898","1325","Ec_N",165,58,58,"Ec",30,1,0,1,1,1,0.579561703752182
"9899","1325","Ec_N",165,59,59,"Ec",30,1,0,1,1,1,0.579561703752182
"9900","1325","Ec_N",165,60,60,"Ec",30,1,0,1,1,1,0.579561703752182
"9901","1325","Ec_N",166,1,1,"Ec",1,0,0,0,0,0,0
"9902","1325","Ec_N",166,2,2,"Ec",1,0,0,0,0,0,0
"9903","1325","Ec_N",166,3,3,"Ec",2,1,0,0,0,0,0.3072222461044
"9904","1325","Ec_N",166,4,4,"Ec",2,1,0,0,0,0,0.3072222461044
"9905","1325","Ec_N",166,5,5,"Ec",2,1,0,0,0,0,0.3072222461044
"9906","1325","Ec_N",166,6,6,"Ec",2,1,0,0,0,0,0.3072222461044
"9907","1325","Ec_N",166,7,7,"Ec",2,1,0,0,0,0,0.3072222461044
"9908","1325","Ec_N",166,8,8,"Ec",2,1,0,0,0,0,0.3072222461044
"9909","1325","Ec_N",166,9,9,"Ec",4,1,1,0,0,0,0.727660542352217
"9910","1325","Ec_N",166,10,10,"Ec",4,1,1,0,0,0,0.727660542352217
"9911","1325","Ec_N",166,11,11,"Ec",4,1,1,0,0,0,0.727660542352217
"9912","1325","Ec_N",166,12,12,"Ec",8,1,1,1,0,0,0.887289570804412
"9913","1325","Ec_N",166,13,13,"Ec",8,1,1,1,0,0,0.887289570804412
"9914","1325","Ec_N",166,14,14,"Ec",8,1,1,1,0,0,0.887289570804412
"9915","1325","Ec_N",166,15,15,"Ec",8,1,1,1,0,0,0.887289570804412
"9916","1325","Ec_N",166,16,16,"Ec",8,1,1,1,0,0,0.887289570804412
"9917","1325","Ec_N",166,17,17,"Ec",8,1,1,1,0,0,0.887289570804412
"9918","1325","Ec_N",166,18,18,"Ec",8,1,1,1,0,0,0.887289570804412
"9919","1325","Ec_N",166,19,19,"Ec",8,1,1,1,0,0,0.887289570804412
"9920","1325","Ec_N",166,20,20,"Ec",8,1,1,1,0,0,0.887289570804412
"9921","1325","Ec_N",166,21,21,"Ec",8,1,1,1,0,0,0.887289570804412
"9922","1325","Ec_N",166,22,22,"Ec",16,1,1,1,1,0,0.93631405476465
"9923","1325","Ec_N",166,23,23,"Ec",16,1,1,1,1,0,0.93631405476465
"9924","1325","Ec_N",166,24,24,"Ec",16,1,1,1,1,0,0.93631405476465
"9925","1325","Ec_N",166,25,25,"Ec",16,1,1,1,1,0,0.93631405476465
"9926","1325","Ec_N",166,26,26,"Ec",16,1,1,1,1,0,0.93631405476465
"9927","1325","Ec_N",166,27,27,"Ec",16,1,1,1,1,0,0.93631405476465
"9928","1325","Ec_N",166,28,28,"Ec",16,1,1,1,1,0,0.93631405476465
"9929","1325","Ec_N",166,29,29,"Ec",16,1,1,1,1,0,0.93631405476465
"9930","1325","Ec_N",166,30,30,"Ec",16,1,1,1,1,0,0.93631405476465
"9931","1325","Ec_N",166,31,31,"Ec",16,1,1,1,1,0,0.93631405476465
"9932","1325","Ec_N",166,32,32,"Ec",16,1,1,1,1,0,0.93631405476465
"9933","1325","Ec_N",166,33,33,"Ec",16,1,1,1,1,0,0.93631405476465
"9934","1325","Ec_N",166,34,34,"Ec",16,1,1,1,1,0,0.93631405476465
"9935","1325","Ec_N",166,35,35,"Ec",16,1,1,1,1,0,0.93631405476465
"9936","1325","Ec_N",166,36,36,"Ec",16,1,1,1,1,0,0.93631405476465
"9937","1325","Ec_N",166,37,37,"Ec",16,1,1,1,1,0,0.93631405476465
"9938","1325","Ec_N",166,38,38,"Ec",16,1,1,1,1,0,0.93631405476465
"9939","1325","Ec_N",166,39,39,"Ec",16,1,1,1,1,0,0.93631405476465
"9940","1325","Ec_N",166,40,40,"Ec",16,1,1,1,1,0,0.93631405476465
"9941","1325","Ec_N",166,41,41,"Ec",16,1,1,1,1,0,0.93631405476465
"9942","1325","Ec_N",166,42,42,"Ec",16,1,1,1,1,0,0.93631405476465
"9943","1325","Ec_N",166,43,43,"Ec",16,1,1,1,1,0,0.93631405476465
"9944","1325","Ec_N",166,44,44,"Ec",16,1,1,1,1,0,0.93631405476465
"9945","1325","Ec_N",166,45,45,"Ec",16,1,1,1,1,0,0.93631405476465
"9946","1325","Ec_N",166,46,46,"Ec",16,1,1,1,1,0,0.93631405476465
"9947","1325","Ec_N",166,47,47,"Ec",16,1,1,1,1,0,0.93631405476465
"9948","1325","Ec_N",166,48,48,"Ec",16,1,1,1,1,0,0.93631405476465
"9949","1325","Ec_N",166,49,49,"Ec",16,1,1,1,1,0,0.93631405476465
"9950","1325","Ec_N",166,50,50,"Ec",16,1,1,1,1,0,0.93631405476465
"9951","1325","Ec_N",166,51,51,"Ec",16,1,1,1,1,0,0.93631405476465
"9952","1325","Ec_N",166,52,52,"Ec",16,1,1,1,1,0,0.93631405476465
"9953","1325","Ec_N",166,53,53,"Ec",16,1,1,1,1,0,0.93631405476465
"9954","1325","Ec_N",166,54,54,"Ec",16,1,1,1,1,0,0.93631405476465
"9955","1325","Ec_N",166,55,55,"Ec",16,1,1,1,1,0,0.93631405476465
"9956","1325","Ec_N",166,56,56,"Ec",16,1,1,1,1,0,0.93631405476465
"9957","1325","Ec_N",166,57,57,"Ec",16,1,1,1,1,0,0.93631405476465
"9958","1325","Ec_N",166,58,58,"Ec",16,1,1,1,1,0,0.93631405476465
"9959","1325","Ec_N",166,59,59,"Ec",16,1,1,1,1,0,0.93631405476465
"9960","1325","Ec_N",166,60,60,"Ec",16,1,1,1,1,0,0.93631405476465
"9961","1325","Ec_N",167,1,1,"Ec",1,0,0,0,0,0,0
"9962","1325","Ec_N",167,2,2,"Ec",1,0,0,0,0,0,0
"9963","1325","Ec_N",167,3,3,"Ec",1,0,0,0,0,0,0
"9964","1325","Ec_N",167,4,4,"Ec",1,0,0,0,0,0,0
"9965","1325","Ec_N",167,5,5,"Ec",1,0,0,0,0,0,0
"9966","1325","Ec_N",167,6,6,"Ec",1,0,0,0,0,0,0
"9967","1325","Ec_N",167,7,7,"Ec",9,0,0,0,1,0,0.0490244839602376
"9968","1325","Ec_N",167,8,8,"Ec",9,0,0,0,1,0,0.0490244839602376
"9969","1325","Ec_N",167,9,9,"Ec",9,0,0,0,1,0,0.0490244839602376
"9970","1325","Ec_N",167,10,10,"Ec",9,0,0,0,1,0,0.0490244839602376
"9971","1325","Ec_N",167,11,11,"Ec",9,0,0,0,1,0,0.0490244839602376
"9972","1325","Ec_N",167,12,12,"Ec",9,0,0,0,1,0,0.0490244839602376
"9973","1325","Ec_N",167,13,13,"Ec",9,0,0,0,1,0,0.0490244839602376
"9974","1325","Ec_N",167,14,14,"Ec",9,0,0,0,1,0,0.0490244839602376
"9975","1325","Ec_N",167,15,15,"Ec",9,0,0,0,1,0,0.0490244839602376
"9976","1325","Ec_N",167,16,16,"Ec",10,1,0,0,1,0,0.356246730064637
"9977","1325","Ec_N",167,17,17,"Ec",10,1,0,0,1,0,0.356246730064637
"9978","1325","Ec_N",167,18,18,"Ec",10,1,0,0,1,0,0.356246730064637
"9979","1325","Ec_N",167,19,19,"Ec",14,1,0,1,1,0,0.479175264165032
"9980","1325","Ec_N",167,20,20,"Ec",14,1,0,1,1,0,0.479175264165032
"9981","1325","Ec_N",167,21,21,"Ec",14,1,0,1,1,0,0.479175264165032
"9982","1325","Ec_N",167,22,22,"Ec",14,1,0,1,1,0,0.479175264165032
"9983","1325","Ec_N",167,23,23,"Ec",30,1,0,1,1,1,0.579561703752182
"9984","1325","Ec_N",167,24,24,"Ec",30,1,0,1,1,1,0.579561703752182
"9985","1325","Ec_N",167,25,25,"Ec",30,1,0,1,1,1,0.579561703752182
"9986","1325","Ec_N",167,26,26,"Ec",30,1,0,1,1,1,0.579561703752182
"9987","1325","Ec_N",167,27,27,"Ec",30,1,0,1,1,1,0.579561703752182
"9988","1325","Ec_N",167,28,28,"Ec",30,1,0,1,1,1,0.579561703752182
"9989","1325","Ec_N",167,29,29,"Ec",32,1,1,1,1,1,1
"9990","1325","Ec_N",167,30,30,"Ec",32,1,1,1,1,1,1
"9991","1325","Ec_N",167,31,31,"Ec",32,1,1,1,1,1,1
"9992","1325","Ec_N",167,32,32,"Ec",32,1,1,1,1,1,1
"9993","1325","Ec_N",167,33,33,"Ec",32,1,1,1,1,1,1
"9994","1325","Ec_N",167,34,34,"Ec",32,1,1,1,1,1,1
"9995","1325","Ec_N",167,35,35,"Ec",32,1,1,1,1,1,1
"9996","1325","Ec_N",167,36,36,"Ec",32,1,1,1,1,1,1
"9997","1325","Ec_N",167,37,37,"Ec",32,1,1,1,1,1,1
"9998","1325","Ec_N",167,38,38,"Ec",32,1,1,1,1,1,1
"9999","1325","Ec_N",167,39,39,"Ec",32,1,1,1,1,1,1
"10000","1325","Ec_N",167,40,40,"Ec",32,1,1,1,1,1,1
"10001","1325","Ec_N",167,41,41,"Ec",32,1,1,1,1,1,1
"10002","1325","Ec_N",167,42,42,"Ec",32,1,1,1,1,1,1
"10003","1325","Ec_N",167,43,43,"Ec",32,1,1,1,1,1,1
"10004","1325","Ec_N",167,44,44,"Ec",32,1,1,1,1,1,1
"10005","1325","Ec_N",167,45,45,"Ec",32,1,1,1,1,1,1
"10006","1325","Ec_N",167,46,46,"Ec",32,1,1,1,1,1,1
"10007","1325","Ec_N",167,47,47,"Ec",32,1,1,1,1,1,1
"10008","1325","Ec_N",167,48,48,"Ec",32,1,1,1,1,1,1
"10009","1325","Ec_N",167,49,49,"Ec",32,1,1,1,1,1,1
"10010","1325","Ec_N",167,50,50,"Ec",32,1,1,1,1,1,1
"10011","1325","Ec_N",167,51,51,"Ec",32,1,1,1,1,1,1
"10012","1325","Ec_N",167,52,52,"Ec",32,1,1,1,1,1,1
"10013","1325","Ec_N",167,53,53,"Ec",32,1,1,1,1,1,1
"10014","1325","Ec_N",167,54,54,"Ec",32,1,1,1,1,1,1
"10015","1325","Ec_N",167,55,55,"Ec",32,1,1,1,1,1,1
"10016","1325","Ec_N",167,56,56,"Ec",32,1,1,1,1,1,1
"10017","1325","Ec_N",167,57,57,"Ec",32,1,1,1,1,1,1
"10018","1325","Ec_N",167,58,58,"Ec",32,1,1,1,1,1,1
"10019","1325","Ec_N",167,59,59,"Ec",32,1,1,1,1,1,1
"10020","1325","Ec_N",167,60,60,"Ec",32,1,1,1,1,1,1
"10021","1325","Ec_N",168,1,1,"Ec",1,0,0,0,0,0,0
"10022","1325","Ec_N",168,2,2,"Ec",1,0,0,0,0,0,0
"10023","1325","Ec_N",168,3,3,"Ec",3,0,1,0,0,0,0.420438296247818
"10024","1325","Ec_N",168,4,4,"Ec",3,0,1,0,0,0,0.420438296247818
"10025","1325","Ec_N",168,5,5,"Ec",3,0,1,0,0,0,0.420438296247818
"10026","1325","Ec_N",168,6,6,"Ec",3,0,1,0,0,0,0.420438296247818
"10027","1325","Ec_N",168,7,7,"Ec",3,0,1,0,0,0,0.420438296247818
"10028","1325","Ec_N",168,8,8,"Ec",3,0,1,0,0,0,0.420438296247818
"10029","1325","Ec_N",168,9,9,"Ec",3,0,1,0,0,0,0.420438296247818
"10030","1325","Ec_N",168,10,10,"Ec",3,0,1,0,0,0,0.420438296247818
"10031","1325","Ec_N",168,11,11,"Ec",3,0,1,0,0,0,0.420438296247818
"10032","1325","Ec_N",168,12,12,"Ec",3,0,1,0,0,0,0.420438296247818
"10033","1325","Ec_N",168,13,13,"Ec",3,0,1,0,0,0,0.420438296247818
"10034","1325","Ec_N",168,14,14,"Ec",3,0,1,0,0,0,0.420438296247818
"10035","1325","Ec_N",168,15,15,"Ec",19,0,1,0,0,1,0.484124241483168
"10036","1325","Ec_N",168,16,16,"Ec",23,0,1,1,0,1,0.57389469344254
"10037","1325","Ec_N",168,17,17,"Ec",23,0,1,1,0,1,0.57389469344254
"10038","1325","Ec_N",168,18,18,"Ec",23,0,1,1,0,1,0.57389469344254
"10039","1325","Ec_N",168,19,19,"Ec",23,0,1,1,0,1,0.57389469344254
"10040","1325","Ec_N",168,20,20,"Ec",23,0,1,1,0,1,0.57389469344254
"10041","1325","Ec_N",168,21,21,"Ec",23,0,1,1,0,1,0.57389469344254
"10042","1325","Ec_N",168,22,22,"Ec",23,0,1,1,0,1,0.57389469344254
"10043","1325","Ec_N",168,23,23,"Ec",23,0,1,1,0,1,0.57389469344254
"10044","1325","Ec_N",168,24,24,"Ec",23,0,1,1,0,1,0.57389469344254
"10045","1325","Ec_N",168,25,25,"Ec",23,0,1,1,0,1,0.57389469344254
"10046","1325","Ec_N",168,26,26,"Ec",23,0,1,1,0,1,0.57389469344254
"10047","1325","Ec_N",168,27,27,"Ec",23,0,1,1,0,1,0.57389469344254
"10048","1325","Ec_N",168,28,28,"Ec",23,0,1,1,0,1,0.57389469344254
"10049","1325","Ec_N",168,29,29,"Ec",23,0,1,1,0,1,0.57389469344254
"10050","1325","Ec_N",168,30,30,"Ec",23,0,1,1,0,1,0.57389469344254
"10051","1325","Ec_N",168,31,31,"Ec",23,0,1,1,0,1,0.57389469344254
"10052","1325","Ec_N",168,32,32,"Ec",23,0,1,1,0,1,0.57389469344254
"10053","1325","Ec_N",168,33,33,"Ec",23,0,1,1,0,1,0.57389469344254
"10054","1325","Ec_N",168,34,34,"Ec",23,0,1,1,0,1,0.57389469344254
"10055","1325","Ec_N",168,35,35,"Ec",7,0,1,1,0,0,0.580067324700012
"10056","1325","Ec_N",168,36,36,"Ec",7,0,1,1,0,0,0.580067324700012
"10057","1325","Ec_N",168,37,37,"Ec",7,0,1,1,0,0,0.580067324700012
"10058","1325","Ec_N",168,38,38,"Ec",7,0,1,1,0,0,0.580067324700012
"10059","1325","Ec_N",168,39,39,"Ec",7,0,1,1,0,0,0.580067324700012
"10060","1325","Ec_N",168,40,40,"Ec",7,0,1,1,0,0,0.580067324700012
"10061","1325","Ec_N",168,41,41,"Ec",7,0,1,1,0,0,0.580067324700012
"10062","1325","Ec_N",168,42,42,"Ec",7,0,1,1,0,0,0.580067324700012
"10063","1325","Ec_N",168,43,43,"Ec",7,0,1,1,0,0,0.580067324700012
"10064","1325","Ec_N",168,44,44,"Ec",7,0,1,1,0,0,0.580067324700012
"10065","1325","Ec_N",168,45,45,"Ec",7,0,1,1,0,0,0.580067324700012
"10066","1325","Ec_N",168,46,46,"Ec",7,0,1,1,0,0,0.580067324700012
"10067","1325","Ec_N",168,47,47,"Ec",7,0,1,1,0,0,0.580067324700012
"10068","1325","Ec_N",168,48,48,"Ec",7,0,1,1,0,0,0.580067324700012
"10069","1325","Ec_N",168,49,49,"Ec",7,0,1,1,0,0,0.580067324700012
"10070","1325","Ec_N",168,50,50,"Ec",7,0,1,1,0,0,0.580067324700012
"10071","1325","Ec_N",168,51,51,"Ec",7,0,1,1,0,0,0.580067324700012
"10072","1325","Ec_N",168,52,52,"Ec",7,0,1,1,0,0,0.580067324700012
"10073","1325","Ec_N",168,53,53,"Ec",7,0,1,1,0,0,0.580067324700012
"10074","1325","Ec_N",168,54,54,"Ec",7,0,1,1,0,0,0.580067324700012
"10075","1325","Ec_N",168,55,55,"Ec",7,0,1,1,0,0,0.580067324700012
"10076","1325","Ec_N",168,56,56,"Ec",7,0,1,1,0,0,0.580067324700012
"10077","1325","Ec_N",168,57,57,"Ec",7,0,1,1,0,0,0.580067324700012
"10078","1325","Ec_N",168,58,58,"Ec",7,0,1,1,0,0,0.580067324700012
"10079","1325","Ec_N",168,59,59,"Ec",7,0,1,1,0,0,0.580067324700012
"10080","1325","Ec_N",168,60,60,"Ec",7,0,1,1,0,0,0.580067324700012
"10081","1325","Ec_N",169,1,1,"Ec",1,0,0,0,0,0,0
"10082","1325","Ec_N",169,2,2,"Ec",1,0,0,0,0,0,0
"10083","1325","Ec_N",169,3,3,"Ec",1,0,0,0,0,0,0
"10084","1325","Ec_N",169,4,4,"Ec",1,0,0,0,0,0,0
"10085","1325","Ec_N",169,5,5,"Ec",1,0,0,0,0,0,0
"10086","1325","Ec_N",169,6,6,"Ec",1,0,0,0,0,0,0
"10087","1325","Ec_N",169,7,7,"Ec",1,0,0,0,0,0,0
"10088","1325","Ec_N",169,8,8,"Ec",1,0,0,0,0,0,0
"10089","1325","Ec_N",169,9,9,"Ec",5,0,0,1,0,0,0.159629028452195
"10090","1325","Ec_N",169,10,10,"Ec",5,0,0,1,0,0,0.159629028452195
"10091","1325","Ec_N",169,11,11,"Ec",5,0,0,1,0,0,0.159629028452195
"10092","1325","Ec_N",169,12,12,"Ec",5,0,0,1,0,0,0.159629028452195
"10093","1325","Ec_N",169,13,13,"Ec",7,0,1,1,0,0,0.580067324700012
"10094","1325","Ec_N",169,14,14,"Ec",7,0,1,1,0,0,0.580067324700012
"10095","1325","Ec_N",169,15,15,"Ec",7,0,1,1,0,0,0.580067324700012
"10096","1325","Ec_N",169,16,16,"Ec",15,0,1,1,1,0,0.62909180866025
"10097","1325","Ec_N",169,17,17,"Ec",16,1,1,1,1,0,0.93631405476465
"10098","1325","Ec_N",169,18,18,"Ec",16,1,1,1,1,0,0.93631405476465
"10099","1325","Ec_N",169,19,19,"Ec",16,1,1,1,1,0,0.93631405476465
"10100","1325","Ec_N",169,20,20,"Ec",16,1,1,1,1,0,0.93631405476465
"10101","1325","Ec_N",169,21,21,"Ec",16,1,1,1,1,0,0.93631405476465
"10102","1325","Ec_N",169,22,22,"Ec",16,1,1,1,1,0,0.93631405476465
"10103","1325","Ec_N",169,23,23,"Ec",16,1,1,1,1,0,0.93631405476465
"10104","1325","Ec_N",169,24,24,"Ec",16,1,1,1,1,0,0.93631405476465
"10105","1325","Ec_N",169,25,25,"Ec",16,1,1,1,1,0,0.93631405476465
"10106","1325","Ec_N",169,26,26,"Ec",16,1,1,1,1,0,0.93631405476465
"10107","1325","Ec_N",169,27,27,"Ec",16,1,1,1,1,0,0.93631405476465
"10108","1325","Ec_N",169,28,28,"Ec",16,1,1,1,1,0,0.93631405476465
"10109","1325","Ec_N",169,29,29,"Ec",16,1,1,1,1,0,0.93631405476465
"10110","1325","Ec_N",169,30,30,"Ec",16,1,1,1,1,0,0.93631405476465
"10111","1325","Ec_N",169,31,31,"Ec",16,1,1,1,1,0,0.93631405476465
"10112","1325","Ec_N",169,32,32,"Ec",16,1,1,1,1,0,0.93631405476465
"10113","1325","Ec_N",169,33,33,"Ec",16,1,1,1,1,0,0.93631405476465
"10114","1325","Ec_N",169,34,34,"Ec",16,1,1,1,1,0,0.93631405476465
"10115","1325","Ec_N",169,35,35,"Ec",16,1,1,1,1,0,0.93631405476465
"10116","1325","Ec_N",169,36,36,"Ec",16,1,1,1,1,0,0.93631405476465
"10117","1325","Ec_N",169,37,37,"Ec",16,1,1,1,1,0,0.93631405476465
"10118","1325","Ec_N",169,38,38,"Ec",16,1,1,1,1,0,0.93631405476465
"10119","1325","Ec_N",169,39,39,"Ec",32,1,1,1,1,1,1
"10120","1325","Ec_N",169,40,40,"Ec",32,1,1,1,1,1,1
"10121","1325","Ec_N",169,41,41,"Ec",32,1,1,1,1,1,1
"10122","1325","Ec_N",169,42,42,"Ec",32,1,1,1,1,1,1
"10123","1325","Ec_N",169,43,43,"Ec",32,1,1,1,1,1,1
"10124","1325","Ec_N",169,44,44,"Ec",32,1,1,1,1,1,1
"10125","1325","Ec_N",169,45,45,"Ec",32,1,1,1,1,1,1
"10126","1325","Ec_N",169,46,46,"Ec",32,1,1,1,1,1,1
"10127","1325","Ec_N",169,47,47,"Ec",32,1,1,1,1,1,1
"10128","1325","Ec_N",169,48,48,"Ec",32,1,1,1,1,1,1
"10129","1325","Ec_N",169,49,49,"Ec",32,1,1,1,1,1,1
"10130","1325","Ec_N",169,50,50,"Ec",32,1,1,1,1,1,1
"10131","1325","Ec_N",169,51,51,"Ec",32,1,1,1,1,1,1
"10132","1325","Ec_N",169,52,52,"Ec",32,1,1,1,1,1,1
"10133","1325","Ec_N",169,53,53,"Ec",32,1,1,1,1,1,1
"10134","1325","Ec_N",169,54,54,"Ec",32,1,1,1,1,1,1
"10135","1325","Ec_N",169,55,55,"Ec",32,1,1,1,1,1,1
"10136","1325","Ec_N",169,56,56,"Ec",32,1,1,1,1,1,1
"10137","1325","Ec_N",169,57,57,"Ec",32,1,1,1,1,1,1
"10138","1325","Ec_N",169,58,58,"Ec",32,1,1,1,1,1,1
"10139","1325","Ec_N",169,59,59,"Ec",32,1,1,1,1,1,1
"10140","1325","Ec_N",169,60,60,"Ec",32,1,1,1,1,1,1
"10141","1325","Ec_N",170,1,1,"Ec",1,0,0,0,0,0,0
"10142","1325","Ec_N",170,2,2,"Ec",1,0,0,0,0,0,0
"10143","1325","Ec_N",170,3,3,"Ec",1,0,0,0,0,0,0
"10144","1325","Ec_N",170,4,4,"Ec",1,0,0,0,0,0,0
"10145","1325","Ec_N",170,5,5,"Ec",1,0,0,0,0,0,0
"10146","1325","Ec_N",170,6,6,"Ec",1,0,0,0,0,0,0
"10147","1325","Ec_N",170,7,7,"Ec",17,0,0,0,0,1,0.0636859452353503
"10148","1325","Ec_N",170,8,8,"Ec",21,0,0,1,0,1,0.223314973687545
"10149","1325","Ec_N",170,9,9,"Ec",21,0,0,1,0,1,0.223314973687545
"10150","1325","Ec_N",170,10,10,"Ec",21,0,0,1,0,1,0.223314973687545
"10151","1325","Ec_N",170,11,11,"Ec",21,0,0,1,0,1,0.223314973687545
"10152","1325","Ec_N",170,12,12,"Ec",21,0,0,1,0,1,0.223314973687545
"10153","1325","Ec_N",170,13,13,"Ec",21,0,0,1,0,1,0.223314973687545
"10154","1325","Ec_N",170,14,14,"Ec",21,0,0,1,0,1,0.223314973687545
"10155","1325","Ec_N",170,15,15,"Ec",21,0,0,1,0,1,0.223314973687545
"10156","1325","Ec_N",170,16,16,"Ec",21,0,0,1,0,1,0.223314973687545
"10157","1325","Ec_N",170,17,17,"Ec",21,0,0,1,0,1,0.223314973687545
"10158","1325","Ec_N",170,18,18,"Ec",21,0,0,1,0,1,0.223314973687545
"10159","1325","Ec_N",170,19,19,"Ec",21,0,0,1,0,1,0.223314973687545
"10160","1325","Ec_N",170,20,20,"Ec",29,0,0,1,1,1,0.272339457647783
"10161","1325","Ec_N",170,21,21,"Ec",29,0,0,1,1,1,0.272339457647783
"10162","1325","Ec_N",170,22,22,"Ec",29,0,0,1,1,1,0.272339457647783
"10163","1325","Ec_N",170,23,23,"Ec",29,0,0,1,1,1,0.272339457647783
"10164","1325","Ec_N",170,24,24,"Ec",29,0,0,1,1,1,0.272339457647783
"10165","1325","Ec_N",170,25,25,"Ec",29,0,0,1,1,1,0.272339457647783
"10166","1325","Ec_N",170,26,26,"Ec",29,0,0,1,1,1,0.272339457647783
"10167","1325","Ec_N",170,27,27,"Ec",29,0,0,1,1,1,0.272339457647783
"10168","1325","Ec_N",170,28,28,"Ec",29,0,0,1,1,1,0.272339457647783
"10169","1325","Ec_N",170,29,29,"Ec",29,0,0,1,1,1,0.272339457647783
"10170","1325","Ec_N",170,30,30,"Ec",29,0,0,1,1,1,0.272339457647783
"10171","1325","Ec_N",170,31,31,"Ec",29,0,0,1,1,1,0.272339457647783
"10172","1325","Ec_N",170,32,32,"Ec",29,0,0,1,1,1,0.272339457647783
"10173","1325","Ec_N",170,33,33,"Ec",30,1,0,1,1,1,0.579561703752182
"10174","1325","Ec_N",170,34,34,"Ec",30,1,0,1,1,1,0.579561703752182
"10175","1325","Ec_N",170,35,35,"Ec",30,1,0,1,1,1,0.579561703752182
"10176","1325","Ec_N",170,36,36,"Ec",30,1,0,1,1,1,0.579561703752182
"10177","1325","Ec_N",170,37,37,"Ec",30,1,0,1,1,1,0.579561703752182
"10178","1325","Ec_N",170,38,38,"Ec",30,1,0,1,1,1,0.579561703752182
"10179","1325","Ec_N",170,39,39,"Ec",30,1,0,1,1,1,0.579561703752182
"10180","1325","Ec_N",170,40,40,"Ec",30,1,0,1,1,1,0.579561703752182
"10181","1325","Ec_N",170,41,41,"Ec",30,1,0,1,1,1,0.579561703752182
"10182","1325","Ec_N",170,42,42,"Ec",30,1,0,1,1,1,0.579561703752182
"10183","1325","Ec_N",170,43,43,"Ec",30,1,0,1,1,1,0.579561703752182
"10184","1325","Ec_N",170,44,44,"Ec",30,1,0,1,1,1,0.579561703752182
"10185","1325","Ec_N",170,45,45,"Ec",30,1,0,1,1,1,0.579561703752182
"10186","1325","Ec_N",170,46,46,"Ec",30,1,0,1,1,1,0.579561703752182
"10187","1325","Ec_N",170,47,47,"Ec",30,1,0,1,1,1,0.579561703752182
"10188","1325","Ec_N",170,48,48,"Ec",30,1,0,1,1,1,0.579561703752182
"10189","1325","Ec_N",170,49,49,"Ec",30,1,0,1,1,1,0.579561703752182
"10190","1325","Ec_N",170,50,50,"Ec",30,1,0,1,1,1,0.579561703752182
"10191","1325","Ec_N",170,51,51,"Ec",30,1,0,1,1,1,0.579561703752182
"10192","1325","Ec_N",170,52,52,"Ec",30,1,0,1,1,1,0.579561703752182
"10193","1325","Ec_N",170,53,53,"Ec",30,1,0,1,1,1,0.579561703752182
"10194","1325","Ec_N",170,54,54,"Ec",30,1,0,1,1,1,0.579561703752182
"10195","1325","Ec_N",170,55,55,"Ec",30,1,0,1,1,1,0.579561703752182
"10196","1325","Ec_N",170,56,56,"Ec",30,1,0,1,1,1,0.579561703752182
"10197","1325","Ec_N",170,57,57,"Ec",30,1,0,1,1,1,0.579561703752182
"10198","1325","Ec_N",170,58,58,"Ec",30,1,0,1,1,1,0.579561703752182
"10199","1325","Ec_N",170,59,59,"Ec",30,1,0,1,1,1,0.579561703752182
"10200","1325","Ec_N",170,60,60,"Ec",30,1,0,1,1,1,0.579561703752182
"10201","1325","Ec_N",171,1,1,"Ec",1,0,0,0,0,0,0
"10202","1325","Ec_N",171,2,2,"Ec",1,0,0,0,0,0,0
"10203","1325","Ec_N",171,3,3,"Ec",1,0,0,0,0,0,0
"10204","1325","Ec_N",171,4,4,"Ec",1,0,0,0,0,0,0
"10205","1325","Ec_N",171,5,5,"Ec",1,0,0,0,0,0,0
"10206","1325","Ec_N",171,6,6,"Ec",1,0,0,0,0,0,0
"10207","1325","Ec_N",171,7,7,"Ec",1,0,0,0,0,0,0
"10208","1325","Ec_N",171,8,8,"Ec",1,0,0,0,0,0,0
"10209","1325","Ec_N",171,9,9,"Ec",1,0,0,0,0,0,0
"10210","1325","Ec_N",171,10,10,"Ec",5,0,0,1,0,0,0.159629028452195
"10211","1325","Ec_N",171,11,11,"Ec",5,0,0,1,0,0,0.159629028452195
"10212","1325","Ec_N",171,12,12,"Ec",5,0,0,1,0,0,0.159629028452195
"10213","1325","Ec_N",171,13,13,"Ec",5,0,0,1,0,0,0.159629028452195
"10214","1325","Ec_N",171,14,14,"Ec",5,0,0,1,0,0,0.159629028452195
"10215","1325","Ec_N",171,15,15,"Ec",5,0,0,1,0,0,0.159629028452195
"10216","1325","Ec_N",171,16,16,"Ec",5,0,0,1,0,0,0.159629028452195
"10217","1325","Ec_N",171,17,17,"Ec",13,0,0,1,1,0,0.208653512412432
"10218","1325","Ec_N",171,18,18,"Ec",13,0,0,1,1,0,0.208653512412432
"10219","1325","Ec_N",171,19,19,"Ec",13,0,0,1,1,0,0.208653512412432
"10220","1325","Ec_N",171,20,20,"Ec",13,0,0,1,1,0,0.208653512412432
"10221","1325","Ec_N",171,21,21,"Ec",29,0,0,1,1,1,0.272339457647783
"10222","1325","Ec_N",171,22,22,"Ec",30,1,0,1,1,1,0.579561703752182
"10223","1325","Ec_N",171,23,23,"Ec",32,1,1,1,1,1,1
"10224","1325","Ec_N",171,24,24,"Ec",32,1,1,1,1,1,1
"10225","1325","Ec_N",171,25,25,"Ec",32,1,1,1,1,1,1
"10226","1325","Ec_N",171,26,26,"Ec",32,1,1,1,1,1,1
"10227","1325","Ec_N",171,27,27,"Ec",32,1,1,1,1,1,1
"10228","1325","Ec_N",171,28,28,"Ec",32,1,1,1,1,1,1
"10229","1325","Ec_N",171,29,29,"Ec",32,1,1,1,1,1,1
"10230","1325","Ec_N",171,30,30,"Ec",32,1,1,1,1,1,1
"10231","1325","Ec_N",171,31,31,"Ec",32,1,1,1,1,1,1
"10232","1325","Ec_N",171,32,32,"Ec",32,1,1,1,1,1,1
"10233","1325","Ec_N",171,33,33,"Ec",32,1,1,1,1,1,1
"10234","1325","Ec_N",171,34,34,"Ec",32,1,1,1,1,1,1
"10235","1325","Ec_N",171,35,35,"Ec",32,1,1,1,1,1,1
"10236","1325","Ec_N",171,36,36,"Ec",32,1,1,1,1,1,1
"10237","1325","Ec_N",171,37,37,"Ec",32,1,1,1,1,1,1
"10238","1325","Ec_N",171,38,38,"Ec",32,1,1,1,1,1,1
"10239","1325","Ec_N",171,39,39,"Ec",32,1,1,1,1,1,1
"10240","1325","Ec_N",171,40,40,"Ec",32,1,1,1,1,1,1
"10241","1325","Ec_N",171,41,41,"Ec",32,1,1,1,1,1,1
"10242","1325","Ec_N",171,42,42,"Ec",32,1,1,1,1,1,1
"10243","1325","Ec_N",171,43,43,"Ec",32,1,1,1,1,1,1
"10244","1325","Ec_N",171,44,44,"Ec",32,1,1,1,1,1,1
"10245","1325","Ec_N",171,45,45,"Ec",32,1,1,1,1,1,1
"10246","1325","Ec_N",171,46,46,"Ec",32,1,1,1,1,1,1
"10247","1325","Ec_N",171,47,47,"Ec",32,1,1,1,1,1,1
"10248","1325","Ec_N",171,48,48,"Ec",32,1,1,1,1,1,1
"10249","1325","Ec_N",171,49,49,"Ec",32,1,1,1,1,1,1
"10250","1325","Ec_N",171,50,50,"Ec",32,1,1,1,1,1,1
"10251","1325","Ec_N",171,51,51,"Ec",32,1,1,1,1,1,1
"10252","1325","Ec_N",171,52,52,"Ec",32,1,1,1,1,1,1
"10253","1325","Ec_N",171,53,53,"Ec",32,1,1,1,1,1,1
"10254","1325","Ec_N",171,54,54,"Ec",32,1,1,1,1,1,1
"10255","1325","Ec_N",171,55,55,"Ec",32,1,1,1,1,1,1
"10256","1325","Ec_N",171,56,56,"Ec",32,1,1,1,1,1,1
"10257","1325","Ec_N",171,57,57,"Ec",32,1,1,1,1,1,1
"10258","1325","Ec_N",171,58,58,"Ec",32,1,1,1,1,1,1
"10259","1325","Ec_N",171,59,59,"Ec",32,1,1,1,1,1,1
"10260","1325","Ec_N",171,60,60,"Ec",32,1,1,1,1,1,1
"10261","1325","Ec_N",172,1,1,"Ec",1,0,0,0,0,0,0
"10262","1325","Ec_N",172,2,2,"Ec",1,0,0,0,0,0,0
"10263","1325","Ec_N",172,3,3,"Ec",1,0,0,0,0,0,0
"10264","1325","Ec_N",172,4,4,"Ec",1,0,0,0,0,0,0
"10265","1325","Ec_N",172,5,5,"Ec",1,0,0,0,0,0,0
"10266","1325","Ec_N",172,6,6,"Ec",1,0,0,0,0,0,0
"10267","1325","Ec_N",172,7,7,"Ec",1,0,0,0,0,0,0
"10268","1325","Ec_N",172,8,8,"Ec",1,0,0,0,0,0,0
"10269","1325","Ec_N",172,9,9,"Ec",1,0,0,0,0,0,0
"10270","1325","Ec_N",172,10,10,"Ec",1,0,0,0,0,0,0
"10271","1325","Ec_N",172,11,11,"Ec",1,0,0,0,0,0,0
"10272","1325","Ec_N",172,12,12,"Ec",17,0,0,0,0,1,0.0636859452353503
"10273","1325","Ec_N",172,13,13,"Ec",17,0,0,0,0,1,0.0636859452353503
"10274","1325","Ec_N",172,14,14,"Ec",17,0,0,0,0,1,0.0636859452353503
"10275","1325","Ec_N",172,15,15,"Ec",17,0,0,0,0,1,0.0636859452353503
"10276","1325","Ec_N",172,16,16,"Ec",17,0,0,0,0,1,0.0636859452353503
"10277","1325","Ec_N",172,17,17,"Ec",17,0,0,0,0,1,0.0636859452353503
"10278","1325","Ec_N",172,18,18,"Ec",17,0,0,0,0,1,0.0636859452353503
"10279","1325","Ec_N",172,19,19,"Ec",17,0,0,0,0,1,0.0636859452353503
"10280","1325","Ec_N",172,20,20,"Ec",25,0,0,0,1,1,0.112710429195588
"10281","1325","Ec_N",172,21,21,"Ec",25,0,0,0,1,1,0.112710429195588
"10282","1325","Ec_N",172,22,22,"Ec",25,0,0,0,1,1,0.112710429195588
"10283","1325","Ec_N",172,23,23,"Ec",25,0,0,0,1,1,0.112710429195588
"10284","1325","Ec_N",172,24,24,"Ec",25,0,0,0,1,1,0.112710429195588
"10285","1325","Ec_N",172,25,25,"Ec",25,0,0,0,1,1,0.112710429195588
"10286","1325","Ec_N",172,26,26,"Ec",25,0,0,0,1,1,0.112710429195588
"10287","1325","Ec_N",172,27,27,"Ec",25,0,0,0,1,1,0.112710429195588
"10288","1325","Ec_N",172,28,28,"Ec",25,0,0,0,1,1,0.112710429195588
"10289","1325","Ec_N",172,29,29,"Ec",25,0,0,0,1,1,0.112710429195588
"10290","1325","Ec_N",172,30,30,"Ec",25,0,0,0,1,1,0.112710429195588
"10291","1325","Ec_N",172,31,31,"Ec",25,0,0,0,1,1,0.112710429195588
"10292","1325","Ec_N",172,32,32,"Ec",25,0,0,0,1,1,0.112710429195588
"10293","1325","Ec_N",172,33,33,"Ec",25,0,0,0,1,1,0.112710429195588
"10294","1325","Ec_N",172,34,34,"Ec",25,0,0,0,1,1,0.112710429195588
"10295","1325","Ec_N",172,35,35,"Ec",25,0,0,0,1,1,0.112710429195588
"10296","1325","Ec_N",172,36,36,"Ec",25,0,0,0,1,1,0.112710429195588
"10297","1325","Ec_N",172,37,37,"Ec",25,0,0,0,1,1,0.112710429195588
"10298","1325","Ec_N",172,38,38,"Ec",25,0,0,0,1,1,0.112710429195588
"10299","1325","Ec_N",172,39,39,"Ec",27,0,1,0,1,1,0.533148725443406
"10300","1325","Ec_N",172,40,40,"Ec",27,0,1,0,1,1,0.533148725443406
"10301","1325","Ec_N",172,41,41,"Ec",27,0,1,0,1,1,0.533148725443406
"10302","1325","Ec_N",172,42,42,"Ec",27,0,1,0,1,1,0.533148725443406
"10303","1325","Ec_N",172,43,43,"Ec",27,0,1,0,1,1,0.533148725443406
"10304","1325","Ec_N",172,44,44,"Ec",27,0,1,0,1,1,0.533148725443406
"10305","1325","Ec_N",172,45,45,"Ec",31,0,1,1,1,1,0.6927777538956
"10306","1325","Ec_N",172,46,46,"Ec",31,0,1,1,1,1,0.6927777538956
"10307","1325","Ec_N",172,47,47,"Ec",31,0,1,1,1,1,0.6927777538956
"10308","1325","Ec_N",172,48,48,"Ec",31,0,1,1,1,1,0.6927777538956
"10309","1325","Ec_N",172,49,49,"Ec",31,0,1,1,1,1,0.6927777538956
"10310","1325","Ec_N",172,50,50,"Ec",31,0,1,1,1,1,0.6927777538956
"10311","1325","Ec_N",172,51,51,"Ec",31,0,1,1,1,1,0.6927777538956
"10312","1325","Ec_N",172,52,52,"Ec",31,0,1,1,1,1,0.6927777538956
"10313","1325","Ec_N",172,53,53,"Ec",31,0,1,1,1,1,0.6927777538956
"10314","1325","Ec_N",172,54,54,"Ec",31,0,1,1,1,1,0.6927777538956
"10315","1325","Ec_N",172,55,55,"Ec",31,0,1,1,1,1,0.6927777538956
"10316","1325","Ec_N",172,56,56,"Ec",31,0,1,1,1,1,0.6927777538956
"10317","1325","Ec_N",172,57,57,"Ec",31,0,1,1,1,1,0.6927777538956
"10318","1325","Ec_N",172,58,58,"Ec",31,0,1,1,1,1,0.6927777538956
"10319","1325","Ec_N",172,59,59,"Ec",31,0,1,1,1,1,0.6927777538956
"10320","1325","Ec_N",172,60,60,"Ec",31,0,1,1,1,1,0.6927777538956
"10321","1325","Ec_N",173,1,1,"Ec",1,0,0,0,0,0,0
"10322","1325","Ec_N",173,2,2,"Ec",5,0,0,1,0,0,0.159629028452195
"10323","1325","Ec_N",173,3,3,"Ec",5,0,0,1,0,0,0.159629028452195
"10324","1325","Ec_N",173,4,4,"Ec",5,0,0,1,0,0,0.159629028452195
"10325","1325","Ec_N",173,5,5,"Ec",5,0,0,1,0,0,0.159629028452195
"10326","1325","Ec_N",173,6,6,"Ec",7,0,1,1,0,0,0.580067324700012
"10327","1325","Ec_N",173,7,7,"Ec",7,0,1,1,0,0,0.580067324700012
"10328","1325","Ec_N",173,8,8,"Ec",15,0,1,1,1,0,0.62909180866025
"10329","1325","Ec_N",173,9,9,"Ec",15,0,1,1,1,0,0.62909180866025
"10330","1325","Ec_N",173,10,10,"Ec",15,0,1,1,1,0,0.62909180866025
"10331","1325","Ec_N",173,11,11,"Ec",15,0,1,1,1,0,0.62909180866025
"10332","1325","Ec_N",173,12,12,"Ec",16,1,1,1,1,0,0.93631405476465
"10333","1325","Ec_N",173,13,13,"Ec",16,1,1,1,1,0,0.93631405476465
"10334","1325","Ec_N",173,14,14,"Ec",16,1,1,1,1,0,0.93631405476465
"10335","1325","Ec_N",173,15,15,"Ec",16,1,1,1,1,0,0.93631405476465
"10336","1325","Ec_N",173,16,16,"Ec",16,1,1,1,1,0,0.93631405476465
"10337","1325","Ec_N",173,17,17,"Ec",16,1,1,1,1,0,0.93631405476465
"10338","1325","Ec_N",173,18,18,"Ec",16,1,1,1,1,0,0.93631405476465
"10339","1325","Ec_N",173,19,19,"Ec",16,1,1,1,1,0,0.93631405476465
"10340","1325","Ec_N",173,20,20,"Ec",16,1,1,1,1,0,0.93631405476465
"10341","1325","Ec_N",173,21,21,"Ec",16,1,1,1,1,0,0.93631405476465
"10342","1325","Ec_N",173,22,22,"Ec",16,1,1,1,1,0,0.93631405476465
"10343","1325","Ec_N",173,23,23,"Ec",16,1,1,1,1,0,0.93631405476465
"10344","1325","Ec_N",173,24,24,"Ec",16,1,1,1,1,0,0.93631405476465
"10345","1325","Ec_N",173,25,25,"Ec",16,1,1,1,1,0,0.93631405476465
"10346","1325","Ec_N",173,26,26,"Ec",16,1,1,1,1,0,0.93631405476465
"10347","1325","Ec_N",173,27,27,"Ec",32,1,1,1,1,1,1
"10348","1325","Ec_N",173,28,28,"Ec",32,1,1,1,1,1,1
"10349","1325","Ec_N",173,29,29,"Ec",32,1,1,1,1,1,1
"10350","1325","Ec_N",173,30,30,"Ec",32,1,1,1,1,1,1
"10351","1325","Ec_N",173,31,31,"Ec",32,1,1,1,1,1,1
"10352","1325","Ec_N",173,32,32,"Ec",32,1,1,1,1,1,1
"10353","1325","Ec_N",173,33,33,"Ec",32,1,1,1,1,1,1
"10354","1325","Ec_N",173,34,34,"Ec",32,1,1,1,1,1,1
"10355","1325","Ec_N",173,35,35,"Ec",32,1,1,1,1,1,1
"10356","1325","Ec_N",173,36,36,"Ec",32,1,1,1,1,1,1
"10357","1325","Ec_N",173,37,37,"Ec",32,1,1,1,1,1,1
"10358","1325","Ec_N",173,38,38,"Ec",32,1,1,1,1,1,1
"10359","1325","Ec_N",173,39,39,"Ec",32,1,1,1,1,1,1
"10360","1325","Ec_N",173,40,40,"Ec",32,1,1,1,1,1,1
"10361","1325","Ec_N",173,41,41,"Ec",32,1,1,1,1,1,1
"10362","1325","Ec_N",173,42,42,"Ec",32,1,1,1,1,1,1
"10363","1325","Ec_N",173,43,43,"Ec",32,1,1,1,1,1,1
"10364","1325","Ec_N",173,44,44,"Ec",32,1,1,1,1,1,1
"10365","1325","Ec_N",173,45,45,"Ec",32,1,1,1,1,1,1
"10366","1325","Ec_N",173,46,46,"Ec",32,1,1,1,1,1,1
"10367","1325","Ec_N",173,47,47,"Ec",32,1,1,1,1,1,1
"10368","1325","Ec_N",173,48,48,"Ec",32,1,1,1,1,1,1
"10369","1325","Ec_N",173,49,49,"Ec",32,1,1,1,1,1,1
"10370","1325","Ec_N",173,50,50,"Ec",32,1,1,1,1,1,1
"10371","1325","Ec_N",173,51,51,"Ec",32,1,1,1,1,1,1
"10372","1325","Ec_N",173,52,52,"Ec",32,1,1,1,1,1,1
"10373","1325","Ec_N",173,53,53,"Ec",32,1,1,1,1,1,1
"10374","1325","Ec_N",173,54,54,"Ec",32,1,1,1,1,1,1
"10375","1325","Ec_N",173,55,55,"Ec",32,1,1,1,1,1,1
"10376","1325","Ec_N",173,56,56,"Ec",32,1,1,1,1,1,1
"10377","1325","Ec_N",173,57,57,"Ec",32,1,1,1,1,1,1
"10378","1325","Ec_N",173,58,58,"Ec",32,1,1,1,1,1,1
"10379","1325","Ec_N",173,59,59,"Ec",32,1,1,1,1,1,1
"10380","1325","Ec_N",173,60,60,"Ec",32,1,1,1,1,1,1
"10381","1325","Ec_N",174,1,1,"Ec",1,0,0,0,0,0,0
"10382","1325","Ec_N",174,2,2,"Ec",2,1,0,0,0,0,0.3072222461044
"10383","1325","Ec_N",174,3,3,"Ec",2,1,0,0,0,0,0.3072222461044
"10384","1325","Ec_N",174,4,4,"Ec",6,1,0,1,0,0,0.466851274556594
"10385","1325","Ec_N",174,5,5,"Ec",6,1,0,1,0,0,0.466851274556594
"10386","1325","Ec_N",174,6,6,"Ec",6,1,0,1,0,0,0.466851274556594
"10387","1325","Ec_N",174,7,7,"Ec",6,1,0,1,0,0,0.466851274556594
"10388","1325","Ec_N",174,8,8,"Ec",6,1,0,1,0,0,0.466851274556594
"10389","1325","Ec_N",174,9,9,"Ec",6,1,0,1,0,0,0.466851274556594
"10390","1325","Ec_N",174,10,10,"Ec",22,1,0,1,0,1,0.530537219791945
"10391","1325","Ec_N",174,11,11,"Ec",22,1,0,1,0,1,0.530537219791945
"10392","1325","Ec_N",174,12,12,"Ec",22,1,0,1,0,1,0.530537219791945
"10393","1325","Ec_N",174,13,13,"Ec",22,1,0,1,0,1,0.530537219791945
"10394","1325","Ec_N",174,14,14,"Ec",22,1,0,1,0,1,0.530537219791945
"10395","1325","Ec_N",174,15,15,"Ec",22,1,0,1,0,1,0.530537219791945
"10396","1325","Ec_N",174,16,16,"Ec",22,1,0,1,0,1,0.530537219791945
"10397","1325","Ec_N",174,17,17,"Ec",22,1,0,1,0,1,0.530537219791945
"10398","1325","Ec_N",174,18,18,"Ec",22,1,0,1,0,1,0.530537219791945
"10399","1325","Ec_N",174,19,19,"Ec",22,1,0,1,0,1,0.530537219791945
"10400","1325","Ec_N",174,20,20,"Ec",22,1,0,1,0,1,0.530537219791945
"10401","1325","Ec_N",174,21,21,"Ec",22,1,0,1,0,1,0.530537219791945
"10402","1325","Ec_N",174,22,22,"Ec",22,1,0,1,0,1,0.530537219791945
"10403","1325","Ec_N",174,23,23,"Ec",22,1,0,1,0,1,0.530537219791945
"10404","1325","Ec_N",174,24,24,"Ec",22,1,0,1,0,1,0.530537219791945
"10405","1325","Ec_N",174,25,25,"Ec",22,1,0,1,0,1,0.530537219791945
"10406","1325","Ec_N",174,26,26,"Ec",22,1,0,1,0,1,0.530537219791945
"10407","1325","Ec_N",174,27,27,"Ec",22,1,0,1,0,1,0.530537219791945
"10408","1325","Ec_N",174,28,28,"Ec",22,1,0,1,0,1,0.530537219791945
"10409","1325","Ec_N",174,29,29,"Ec",22,1,0,1,0,1,0.530537219791945
"10410","1325","Ec_N",174,30,30,"Ec",22,1,0,1,0,1,0.530537219791945
"10411","1325","Ec_N",174,31,31,"Ec",22,1,0,1,0,1,0.530537219791945
"10412","1325","Ec_N",174,32,32,"Ec",22,1,0,1,0,1,0.530537219791945
"10413","1325","Ec_N",174,33,33,"Ec",22,1,0,1,0,1,0.530537219791945
"10414","1325","Ec_N",174,34,34,"Ec",22,1,0,1,0,1,0.530537219791945
"10415","1325","Ec_N",174,35,35,"Ec",22,1,0,1,0,1,0.530537219791945
"10416","1325","Ec_N",174,36,36,"Ec",22,1,0,1,0,1,0.530537219791945
"10417","1325","Ec_N",174,37,37,"Ec",22,1,0,1,0,1,0.530537219791945
"10418","1325","Ec_N",174,38,38,"Ec",22,1,0,1,0,1,0.530537219791945
"10419","1325","Ec_N",174,39,39,"Ec",22,1,0,1,0,1,0.530537219791945
"10420","1325","Ec_N",174,40,40,"Ec",22,1,0,1,0,1,0.530537219791945
"10421","1325","Ec_N",174,41,41,"Ec",22,1,0,1,0,1,0.530537219791945
"10422","1325","Ec_N",174,42,42,"Ec",22,1,0,1,0,1,0.530537219791945
"10423","1325","Ec_N",174,43,43,"Ec",22,1,0,1,0,1,0.530537219791945
"10424","1325","Ec_N",174,44,44,"Ec",22,1,0,1,0,1,0.530537219791945
"10425","1325","Ec_N",174,45,45,"Ec",22,1,0,1,0,1,0.530537219791945
"10426","1325","Ec_N",174,46,46,"Ec",24,1,1,1,0,1,0.872975948786018
"10427","1325","Ec_N",174,47,47,"Ec",24,1,1,1,0,1,0.872975948786018
"10428","1325","Ec_N",174,48,48,"Ec",24,1,1,1,0,1,0.872975948786018
"10429","1325","Ec_N",174,49,49,"Ec",24,1,1,1,0,1,0.872975948786018
"10430","1325","Ec_N",174,50,50,"Ec",32,1,1,1,1,1,1
"10431","1325","Ec_N",174,51,51,"Ec",32,1,1,1,1,1,1
"10432","1325","Ec_N",174,52,52,"Ec",32,1,1,1,1,1,1
"10433","1325","Ec_N",174,53,53,"Ec",32,1,1,1,1,1,1
"10434","1325","Ec_N",174,54,54,"Ec",32,1,1,1,1,1,1
"10435","1325","Ec_N",174,55,55,"Ec",32,1,1,1,1,1,1
"10436","1325","Ec_N",174,56,56,"Ec",32,1,1,1,1,1,1
"10437","1325","Ec_N",174,57,57,"Ec",32,1,1,1,1,1,1
"10438","1325","Ec_N",174,58,58,"Ec",32,1,1,1,1,1,1
"10439","1325","Ec_N",174,59,59,"Ec",32,1,1,1,1,1,1
"10440","1325","Ec_N",174,60,60,"Ec",32,1,1,1,1,1,1
"10441","1325","Ec_N",175,1,1,"Ec",1,0,0,0,0,0,0
"10442","1325","Ec_N",175,2,2,"Ec",1,0,0,0,0,0,0
"10443","1325","Ec_N",175,3,3,"Ec",17,0,0,0,0,1,0.0636859452353503
"10444","1325","Ec_N",175,4,4,"Ec",17,0,0,0,0,1,0.0636859452353503
"10445","1325","Ec_N",175,5,5,"Ec",17,0,0,0,0,1,0.0636859452353503
"10446","1325","Ec_N",175,6,6,"Ec",17,0,0,0,0,1,0.0636859452353503
"10447","1325","Ec_N",175,7,7,"Ec",18,1,0,0,0,1,0.37090819133975
"10448","1325","Ec_N",175,8,8,"Ec",18,1,0,0,0,1,0.37090819133975
"10449","1325","Ec_N",175,9,9,"Ec",22,1,0,1,0,1,0.530537219791945
"10450","1325","Ec_N",175,10,10,"Ec",22,1,0,1,0,1,0.530537219791945
"10451","1325","Ec_N",175,11,11,"Ec",24,1,1,1,0,1,0.872975948786018
"10452","1325","Ec_N",175,12,12,"Ec",24,1,1,1,0,1,0.872975948786018
"10453","1325","Ec_N",175,13,13,"Ec",24,1,1,1,0,1,0.872975948786018
"10454","1325","Ec_N",175,14,14,"Ec",24,1,1,1,0,1,0.872975948786018
"10455","1325","Ec_N",175,15,15,"Ec",24,1,1,1,0,1,0.872975948786018
"10456","1325","Ec_N",175,16,16,"Ec",24,1,1,1,0,1,0.872975948786018
"10457","1325","Ec_N",175,17,17,"Ec",24,1,1,1,0,1,0.872975948786018
"10458","1325","Ec_N",175,18,18,"Ec",24,1,1,1,0,1,0.872975948786018
"10459","1325","Ec_N",175,19,19,"Ec",24,1,1,1,0,1,0.872975948786018
"10460","1325","Ec_N",175,20,20,"Ec",24,1,1,1,0,1,0.872975948786018
"10461","1325","Ec_N",175,21,21,"Ec",24,1,1,1,0,1,0.872975948786018
"10462","1325","Ec_N",175,22,22,"Ec",24,1,1,1,0,1,0.872975948786018
"10463","1325","Ec_N",175,23,23,"Ec",24,1,1,1,0,1,0.872975948786018
"10464","1325","Ec_N",175,24,24,"Ec",24,1,1,1,0,1,0.872975948786018
"10465","1325","Ec_N",175,25,25,"Ec",24,1,1,1,0,1,0.872975948786018
"10466","1325","Ec_N",175,26,26,"Ec",24,1,1,1,0,1,0.872975948786018
"10467","1325","Ec_N",175,27,27,"Ec",24,1,1,1,0,1,0.872975948786018
"10468","1325","Ec_N",175,28,28,"Ec",24,1,1,1,0,1,0.872975948786018
"10469","1325","Ec_N",175,29,29,"Ec",8,1,1,1,0,0,0.887289570804412
"10470","1325","Ec_N",175,30,30,"Ec",8,1,1,1,0,0,0.887289570804412
"10471","1325","Ec_N",175,31,31,"Ec",8,1,1,1,0,0,0.887289570804412
"10472","1325","Ec_N",175,32,32,"Ec",8,1,1,1,0,0,0.887289570804412
"10473","1325","Ec_N",175,33,33,"Ec",8,1,1,1,0,0,0.887289570804412
"10474","1325","Ec_N",175,34,34,"Ec",8,1,1,1,0,0,0.887289570804412
"10475","1325","Ec_N",175,35,35,"Ec",8,1,1,1,0,0,0.887289570804412
"10476","1325","Ec_N",175,36,36,"Ec",8,1,1,1,0,0,0.887289570804412
"10477","1325","Ec_N",175,37,37,"Ec",8,1,1,1,0,0,0.887289570804412
"10478","1325","Ec_N",175,38,38,"Ec",8,1,1,1,0,0,0.887289570804412
"10479","1325","Ec_N",175,39,39,"Ec",8,1,1,1,0,0,0.887289570804412
"10480","1325","Ec_N",175,40,40,"Ec",8,1,1,1,0,0,0.887289570804412
"10481","1325","Ec_N",175,41,41,"Ec",8,1,1,1,0,0,0.887289570804412
"10482","1325","Ec_N",175,42,42,"Ec",8,1,1,1,0,0,0.887289570804412
"10483","1325","Ec_N",175,43,43,"Ec",8,1,1,1,0,0,0.887289570804412
"10484","1325","Ec_N",175,44,44,"Ec",8,1,1,1,0,0,0.887289570804412
"10485","1325","Ec_N",175,45,45,"Ec",8,1,1,1,0,0,0.887289570804412
"10486","1325","Ec_N",175,46,46,"Ec",8,1,1,1,0,0,0.887289570804412
"10487","1325","Ec_N",175,47,47,"Ec",8,1,1,1,0,0,0.887289570804412
"10488","1325","Ec_N",175,48,48,"Ec",8,1,1,1,0,0,0.887289570804412
"10489","1325","Ec_N",175,49,49,"Ec",8,1,1,1,0,0,0.887289570804412
"10490","1325","Ec_N",175,50,50,"Ec",16,1,1,1,1,0,0.93631405476465
"10491","1325","Ec_N",175,51,51,"Ec",16,1,1,1,1,0,0.93631405476465
"10492","1325","Ec_N",175,52,52,"Ec",16,1,1,1,1,0,0.93631405476465
"10493","1325","Ec_N",175,53,53,"Ec",16,1,1,1,1,0,0.93631405476465
"10494","1325","Ec_N",175,54,54,"Ec",16,1,1,1,1,0,0.93631405476465
"10495","1325","Ec_N",175,55,55,"Ec",16,1,1,1,1,0,0.93631405476465
"10496","1325","Ec_N",175,56,56,"Ec",16,1,1,1,1,0,0.93631405476465
"10497","1325","Ec_N",175,57,57,"Ec",16,1,1,1,1,0,0.93631405476465
"10498","1325","Ec_N",175,58,58,"Ec",16,1,1,1,1,0,0.93631405476465
"10499","1325","Ec_N",175,59,59,"Ec",16,1,1,1,1,0,0.93631405476465
"10500","1325","Ec_N",175,60,60,"Ec",16,1,1,1,1,0,0.93631405476465
"10501","1325","Ec_N",176,1,1,"Ec",1,0,0,0,0,0,0
"10502","1325","Ec_N",176,2,2,"Ec",1,0,0,0,0,0,0
"10503","1325","Ec_N",176,3,3,"Ec",5,0,0,1,0,0,0.159629028452195
"10504","1325","Ec_N",176,4,4,"Ec",5,0,0,1,0,0,0.159629028452195
"10505","1325","Ec_N",176,5,5,"Ec",5,0,0,1,0,0,0.159629028452195
"10506","1325","Ec_N",176,6,6,"Ec",5,0,0,1,0,0,0.159629028452195
"10507","1325","Ec_N",176,7,7,"Ec",5,0,0,1,0,0,0.159629028452195
"10508","1325","Ec_N",176,8,8,"Ec",5,0,0,1,0,0,0.159629028452195
"10509","1325","Ec_N",176,9,9,"Ec",5,0,0,1,0,0,0.159629028452195
"10510","1325","Ec_N",176,10,10,"Ec",5,0,0,1,0,0,0.159629028452195
"10511","1325","Ec_N",176,11,11,"Ec",7,0,1,1,0,0,0.580067324700012
"10512","1325","Ec_N",176,12,12,"Ec",7,0,1,1,0,0,0.580067324700012
"10513","1325","Ec_N",176,13,13,"Ec",7,0,1,1,0,0,0.580067324700012
"10514","1325","Ec_N",176,14,14,"Ec",7,0,1,1,0,0,0.580067324700012
"10515","1325","Ec_N",176,15,15,"Ec",7,0,1,1,0,0,0.580067324700012
"10516","1325","Ec_N",176,16,16,"Ec",7,0,1,1,0,0,0.580067324700012
"10517","1325","Ec_N",176,17,17,"Ec",7,0,1,1,0,0,0.580067324700012
"10518","1325","Ec_N",176,18,18,"Ec",7,0,1,1,0,0,0.580067324700012
"10519","1325","Ec_N",176,19,19,"Ec",7,0,1,1,0,0,0.580067324700012
"10520","1325","Ec_N",176,20,20,"Ec",7,0,1,1,0,0,0.580067324700012
"10521","1325","Ec_N",176,21,21,"Ec",7,0,1,1,0,0,0.580067324700012
"10522","1325","Ec_N",176,22,22,"Ec",7,0,1,1,0,0,0.580067324700012
"10523","1325","Ec_N",176,23,23,"Ec",7,0,1,1,0,0,0.580067324700012
"10524","1325","Ec_N",176,24,24,"Ec",7,0,1,1,0,0,0.580067324700012
"10525","1325","Ec_N",176,25,25,"Ec",7,0,1,1,0,0,0.580067324700012
"10526","1325","Ec_N",176,26,26,"Ec",7,0,1,1,0,0,0.580067324700012
"10527","1325","Ec_N",176,27,27,"Ec",7,0,1,1,0,0,0.580067324700012
"10528","1325","Ec_N",176,28,28,"Ec",7,0,1,1,0,0,0.580067324700012
"10529","1325","Ec_N",176,29,29,"Ec",7,0,1,1,0,0,0.580067324700012
"10530","1325","Ec_N",176,30,30,"Ec",7,0,1,1,0,0,0.580067324700012
"10531","1325","Ec_N",176,31,31,"Ec",7,0,1,1,0,0,0.580067324700012
"10532","1325","Ec_N",176,32,32,"Ec",7,0,1,1,0,0,0.580067324700012
"10533","1325","Ec_N",176,33,33,"Ec",15,0,1,1,1,0,0.62909180866025
"10534","1325","Ec_N",176,34,34,"Ec",15,0,1,1,1,0,0.62909180866025
"10535","1325","Ec_N",176,35,35,"Ec",15,0,1,1,1,0,0.62909180866025
"10536","1325","Ec_N",176,36,36,"Ec",15,0,1,1,1,0,0.62909180866025
"10537","1325","Ec_N",176,37,37,"Ec",15,0,1,1,1,0,0.62909180866025
"10538","1325","Ec_N",176,38,38,"Ec",31,0,1,1,1,1,0.6927777538956
"10539","1325","Ec_N",176,39,39,"Ec",31,0,1,1,1,1,0.6927777538956
"10540","1325","Ec_N",176,40,40,"Ec",31,0,1,1,1,1,0.6927777538956
"10541","1325","Ec_N",176,41,41,"Ec",31,0,1,1,1,1,0.6927777538956
"10542","1325","Ec_N",176,42,42,"Ec",31,0,1,1,1,1,0.6927777538956
"10543","1325","Ec_N",176,43,43,"Ec",31,0,1,1,1,1,0.6927777538956
"10544","1325","Ec_N",176,44,44,"Ec",31,0,1,1,1,1,0.6927777538956
"10545","1325","Ec_N",176,45,45,"Ec",31,0,1,1,1,1,0.6927777538956
"10546","1325","Ec_N",176,46,46,"Ec",31,0,1,1,1,1,0.6927777538956
"10547","1325","Ec_N",176,47,47,"Ec",31,0,1,1,1,1,0.6927777538956
"10548","1325","Ec_N",176,48,48,"Ec",31,0,1,1,1,1,0.6927777538956
"10549","1325","Ec_N",176,49,49,"Ec",31,0,1,1,1,1,0.6927777538956
"10550","1325","Ec_N",176,50,50,"Ec",31,0,1,1,1,1,0.6927777538956
"10551","1325","Ec_N",176,51,51,"Ec",31,0,1,1,1,1,0.6927777538956
"10552","1325","Ec_N",176,52,52,"Ec",31,0,1,1,1,1,0.6927777538956
"10553","1325","Ec_N",176,53,53,"Ec",31,0,1,1,1,1,0.6927777538956
"10554","1325","Ec_N",176,54,54,"Ec",31,0,1,1,1,1,0.6927777538956
"10555","1325","Ec_N",176,55,55,"Ec",31,0,1,1,1,1,0.6927777538956
"10556","1325","Ec_N",176,56,56,"Ec",31,0,1,1,1,1,0.6927777538956
"10557","1325","Ec_N",176,57,57,"Ec",31,0,1,1,1,1,0.6927777538956
"10558","1325","Ec_N",176,58,58,"Ec",31,0,1,1,1,1,0.6927777538956
"10559","1325","Ec_N",176,59,59,"Ec",31,0,1,1,1,1,0.6927777538956
"10560","1325","Ec_N",176,60,60,"Ec",31,0,1,1,1,1,0.6927777538956
"10561","1325","Ec_N",177,1,1,"Ec",1,0,0,0,0,0,0
"10562","1325","Ec_N",177,2,2,"Ec",1,0,0,0,0,0,0
"10563","1325","Ec_N",177,3,3,"Ec",1,0,0,0,0,0,0
"10564","1325","Ec_N",177,4,4,"Ec",1,0,0,0,0,0,0
"10565","1325","Ec_N",177,5,5,"Ec",5,0,0,1,0,0,0.159629028452195
"10566","1325","Ec_N",177,6,6,"Ec",5,0,0,1,0,0,0.159629028452195
"10567","1325","Ec_N",177,7,7,"Ec",5,0,0,1,0,0,0.159629028452195
"10568","1325","Ec_N",177,8,8,"Ec",5,0,0,1,0,0,0.159629028452195
"10569","1325","Ec_N",177,9,9,"Ec",5,0,0,1,0,0,0.159629028452195
"10570","1325","Ec_N",177,10,10,"Ec",5,0,0,1,0,0,0.159629028452195
"10571","1325","Ec_N",177,11,11,"Ec",5,0,0,1,0,0,0.159629028452195
"10572","1325","Ec_N",177,12,12,"Ec",5,0,0,1,0,0,0.159629028452195
"10573","1325","Ec_N",177,13,13,"Ec",5,0,0,1,0,0,0.159629028452195
"10574","1325","Ec_N",177,14,14,"Ec",5,0,0,1,0,0,0.159629028452195
"10575","1325","Ec_N",177,15,15,"Ec",5,0,0,1,0,0,0.159629028452195
"10576","1325","Ec_N",177,16,16,"Ec",5,0,0,1,0,0,0.159629028452195
"10577","1325","Ec_N",177,17,17,"Ec",13,0,0,1,1,0,0.208653512412432
"10578","1325","Ec_N",177,18,18,"Ec",13,0,0,1,1,0,0.208653512412432
"10579","1325","Ec_N",177,19,19,"Ec",13,0,0,1,1,0,0.208653512412432
"10580","1325","Ec_N",177,20,20,"Ec",13,0,0,1,1,0,0.208653512412432
"10581","1325","Ec_N",177,21,21,"Ec",13,0,0,1,1,0,0.208653512412432
"10582","1325","Ec_N",177,22,22,"Ec",29,0,0,1,1,1,0.272339457647783
"10583","1325","Ec_N",177,23,23,"Ec",29,0,0,1,1,1,0.272339457647783
"10584","1325","Ec_N",177,24,24,"Ec",29,0,0,1,1,1,0.272339457647783
"10585","1325","Ec_N",177,25,25,"Ec",29,0,0,1,1,1,0.272339457647783
"10586","1325","Ec_N",177,26,26,"Ec",29,0,0,1,1,1,0.272339457647783
"10587","1325","Ec_N",177,27,27,"Ec",29,0,0,1,1,1,0.272339457647783
"10588","1325","Ec_N",177,28,28,"Ec",29,0,0,1,1,1,0.272339457647783
"10589","1325","Ec_N",177,29,29,"Ec",29,0,0,1,1,1,0.272339457647783
"10590","1325","Ec_N",177,30,30,"Ec",30,1,0,1,1,1,0.579561703752182
"10591","1325","Ec_N",177,31,31,"Ec",30,1,0,1,1,1,0.579561703752182
"10592","1325","Ec_N",177,32,32,"Ec",30,1,0,1,1,1,0.579561703752182
"10593","1325","Ec_N",177,33,33,"Ec",30,1,0,1,1,1,0.579561703752182
"10594","1325","Ec_N",177,34,34,"Ec",30,1,0,1,1,1,0.579561703752182
"10595","1325","Ec_N",177,35,35,"Ec",30,1,0,1,1,1,0.579561703752182
"10596","1325","Ec_N",177,36,36,"Ec",30,1,0,1,1,1,0.579561703752182
"10597","1325","Ec_N",177,37,37,"Ec",30,1,0,1,1,1,0.579561703752182
"10598","1325","Ec_N",177,38,38,"Ec",30,1,0,1,1,1,0.579561703752182
"10599","1325","Ec_N",177,39,39,"Ec",30,1,0,1,1,1,0.579561703752182
"10600","1325","Ec_N",177,40,40,"Ec",30,1,0,1,1,1,0.579561703752182
"10601","1325","Ec_N",177,41,41,"Ec",30,1,0,1,1,1,0.579561703752182
"10602","1325","Ec_N",177,42,42,"Ec",30,1,0,1,1,1,0.579561703752182
"10603","1325","Ec_N",177,43,43,"Ec",30,1,0,1,1,1,0.579561703752182
"10604","1325","Ec_N",177,44,44,"Ec",30,1,0,1,1,1,0.579561703752182
"10605","1325","Ec_N",177,45,45,"Ec",30,1,0,1,1,1,0.579561703752182
"10606","1325","Ec_N",177,46,46,"Ec",32,1,1,1,1,1,1
"10607","1325","Ec_N",177,47,47,"Ec",32,1,1,1,1,1,1
"10608","1325","Ec_N",177,48,48,"Ec",32,1,1,1,1,1,1
"10609","1325","Ec_N",177,49,49,"Ec",32,1,1,1,1,1,1
"10610","1325","Ec_N",177,50,50,"Ec",32,1,1,1,1,1,1
"10611","1325","Ec_N",177,51,51,"Ec",32,1,1,1,1,1,1
"10612","1325","Ec_N",177,52,52,"Ec",32,1,1,1,1,1,1
"10613","1325","Ec_N",177,53,53,"Ec",32,1,1,1,1,1,1
"10614","1325","Ec_N",177,54,54,"Ec",32,1,1,1,1,1,1
"10615","1325","Ec_N",177,55,55,"Ec",32,1,1,1,1,1,1
"10616","1325","Ec_N",177,56,56,"Ec",32,1,1,1,1,1,1
"10617","1325","Ec_N",177,57,57,"Ec",32,1,1,1,1,1,1
"10618","1325","Ec_N",177,58,58,"Ec",32,1,1,1,1,1,1
"10619","1325","Ec_N",177,59,59,"Ec",32,1,1,1,1,1,1
"10620","1325","Ec_N",177,60,60,"Ec",32,1,1,1,1,1,1
"10621","1325","Ec_N",178,1,1,"Ec",1,0,0,0,0,0,0
"10622","1325","Ec_N",178,2,2,"Ec",1,0,0,0,0,0,0
"10623","1325","Ec_N",178,3,3,"Ec",1,0,0,0,0,0,0
"10624","1325","Ec_N",178,4,4,"Ec",1,0,0,0,0,0,0
"10625","1325","Ec_N",178,5,5,"Ec",1,0,0,0,0,0,0
"10626","1325","Ec_N",178,6,6,"Ec",1,0,0,0,0,0,0
"10627","1325","Ec_N",178,7,7,"Ec",2,1,0,0,0,0,0.3072222461044
"10628","1325","Ec_N",178,8,8,"Ec",2,1,0,0,0,0,0.3072222461044
"10629","1325","Ec_N",178,9,9,"Ec",2,1,0,0,0,0,0.3072222461044
"10630","1325","Ec_N",178,10,10,"Ec",10,1,0,0,1,0,0.356246730064637
"10631","1325","Ec_N",178,11,11,"Ec",10,1,0,0,1,0,0.356246730064637
"10632","1325","Ec_N",178,12,12,"Ec",10,1,0,0,1,0,0.356246730064637
"10633","1325","Ec_N",178,13,13,"Ec",10,1,0,0,1,0,0.356246730064637
"10634","1325","Ec_N",178,14,14,"Ec",10,1,0,0,1,0,0.356246730064637
"10635","1325","Ec_N",178,15,15,"Ec",10,1,0,0,1,0,0.356246730064637
"10636","1325","Ec_N",178,16,16,"Ec",10,1,0,0,1,0,0.356246730064637
"10637","1325","Ec_N",178,17,17,"Ec",10,1,0,0,1,0,0.356246730064637
"10638","1325","Ec_N",178,18,18,"Ec",14,1,0,1,1,0,0.479175264165032
"10639","1325","Ec_N",178,19,19,"Ec",14,1,0,1,1,0,0.479175264165032
"10640","1325","Ec_N",178,20,20,"Ec",14,1,0,1,1,0,0.479175264165032
"10641","1325","Ec_N",178,21,21,"Ec",14,1,0,1,1,0,0.479175264165032
"10642","1325","Ec_N",178,22,22,"Ec",14,1,0,1,1,0,0.479175264165032
"10643","1325","Ec_N",178,23,23,"Ec",14,1,0,1,1,0,0.479175264165032
"10644","1325","Ec_N",178,24,24,"Ec",14,1,0,1,1,0,0.479175264165032
"10645","1325","Ec_N",178,25,25,"Ec",16,1,1,1,1,0,0.93631405476465
"10646","1325","Ec_N",178,26,26,"Ec",16,1,1,1,1,0,0.93631405476465
"10647","1325","Ec_N",178,27,27,"Ec",16,1,1,1,1,0,0.93631405476465
"10648","1325","Ec_N",178,28,28,"Ec",16,1,1,1,1,0,0.93631405476465
"10649","1325","Ec_N",178,29,29,"Ec",16,1,1,1,1,0,0.93631405476465
"10650","1325","Ec_N",178,30,30,"Ec",16,1,1,1,1,0,0.93631405476465
"10651","1325","Ec_N",178,31,31,"Ec",16,1,1,1,1,0,0.93631405476465
"10652","1325","Ec_N",178,32,32,"Ec",16,1,1,1,1,0,0.93631405476465
"10653","1325","Ec_N",178,33,33,"Ec",32,1,1,1,1,1,1
"10654","1325","Ec_N",178,34,34,"Ec",32,1,1,1,1,1,1
"10655","1325","Ec_N",178,35,35,"Ec",32,1,1,1,1,1,1
"10656","1325","Ec_N",178,36,36,"Ec",32,1,1,1,1,1,1
"10657","1325","Ec_N",178,37,37,"Ec",32,1,1,1,1,1,1
"10658","1325","Ec_N",178,38,38,"Ec",32,1,1,1,1,1,1
"10659","1325","Ec_N",178,39,39,"Ec",32,1,1,1,1,1,1
"10660","1325","Ec_N",178,40,40,"Ec",32,1,1,1,1,1,1
"10661","1325","Ec_N",178,41,41,"Ec",32,1,1,1,1,1,1
"10662","1325","Ec_N",178,42,42,"Ec",32,1,1,1,1,1,1
"10663","1325","Ec_N",178,43,43,"Ec",32,1,1,1,1,1,1
"10664","1325","Ec_N",178,44,44,"Ec",32,1,1,1,1,1,1
"10665","1325","Ec_N",178,45,45,"Ec",32,1,1,1,1,1,1
"10666","1325","Ec_N",178,46,46,"Ec",32,1,1,1,1,1,1
"10667","1325","Ec_N",178,47,47,"Ec",32,1,1,1,1,1,1
"10668","1325","Ec_N",178,48,48,"Ec",32,1,1,1,1,1,1
"10669","1325","Ec_N",178,49,49,"Ec",32,1,1,1,1,1,1
"10670","1325","Ec_N",178,50,50,"Ec",32,1,1,1,1,1,1
"10671","1325","Ec_N",178,51,51,"Ec",32,1,1,1,1,1,1
"10672","1325","Ec_N",178,52,52,"Ec",32,1,1,1,1,1,1
"10673","1325","Ec_N",178,53,53,"Ec",32,1,1,1,1,1,1
"10674","1325","Ec_N",178,54,54,"Ec",32,1,1,1,1,1,1
"10675","1325","Ec_N",178,55,55,"Ec",32,1,1,1,1,1,1
"10676","1325","Ec_N",178,56,56,"Ec",32,1,1,1,1,1,1
"10677","1325","Ec_N",178,57,57,"Ec",32,1,1,1,1,1,1
"10678","1325","Ec_N",178,58,58,"Ec",32,1,1,1,1,1,1
"10679","1325","Ec_N",178,59,59,"Ec",32,1,1,1,1,1,1
"10680","1325","Ec_N",178,60,60,"Ec",32,1,1,1,1,1,1
"10681","1325","Ec_N",179,1,1,"Ec",1,0,0,0,0,0,0
"10682","1325","Ec_N",179,2,2,"Ec",1,0,0,0,0,0,0
"10683","1325","Ec_N",179,3,3,"Ec",1,0,0,0,0,0,0
"10684","1325","Ec_N",179,4,4,"Ec",17,0,0,0,0,1,0.0636859452353503
"10685","1325","Ec_N",179,5,5,"Ec",17,0,0,0,0,1,0.0636859452353503
"10686","1325","Ec_N",179,6,6,"Ec",17,0,0,0,0,1,0.0636859452353503
"10687","1325","Ec_N",179,7,7,"Ec",17,0,0,0,0,1,0.0636859452353503
"10688","1325","Ec_N",179,8,8,"Ec",21,0,0,1,0,1,0.223314973687545
"10689","1325","Ec_N",179,9,9,"Ec",22,1,0,1,0,1,0.530537219791945
"10690","1325","Ec_N",179,10,10,"Ec",22,1,0,1,0,1,0.530537219791945
"10691","1325","Ec_N",179,11,11,"Ec",22,1,0,1,0,1,0.530537219791945
"10692","1325","Ec_N",179,12,12,"Ec",22,1,0,1,0,1,0.530537219791945
"10693","1325","Ec_N",179,13,13,"Ec",22,1,0,1,0,1,0.530537219791945
"10694","1325","Ec_N",179,14,14,"Ec",22,1,0,1,0,1,0.530537219791945
"10695","1325","Ec_N",179,15,15,"Ec",22,1,0,1,0,1,0.530537219791945
"10696","1325","Ec_N",179,16,16,"Ec",22,1,0,1,0,1,0.530537219791945
"10697","1325","Ec_N",179,17,17,"Ec",24,1,1,1,0,1,0.872975948786018
"10698","1325","Ec_N",179,18,18,"Ec",24,1,1,1,0,1,0.872975948786018
"10699","1325","Ec_N",179,19,19,"Ec",24,1,1,1,0,1,0.872975948786018
"10700","1325","Ec_N",179,20,20,"Ec",24,1,1,1,0,1,0.872975948786018
"10701","1325","Ec_N",179,21,21,"Ec",24,1,1,1,0,1,0.872975948786018
"10702","1325","Ec_N",179,22,22,"Ec",24,1,1,1,0,1,0.872975948786018
"10703","1325","Ec_N",179,23,23,"Ec",24,1,1,1,0,1,0.872975948786018
"10704","1325","Ec_N",179,24,24,"Ec",24,1,1,1,0,1,0.872975948786018
"10705","1325","Ec_N",179,25,25,"Ec",24,1,1,1,0,1,0.872975948786018
"10706","1325","Ec_N",179,26,26,"Ec",24,1,1,1,0,1,0.872975948786018
"10707","1325","Ec_N",179,27,27,"Ec",24,1,1,1,0,1,0.872975948786018
"10708","1325","Ec_N",179,28,28,"Ec",32,1,1,1,1,1,1
"10709","1325","Ec_N",179,29,29,"Ec",32,1,1,1,1,1,1
"10710","1325","Ec_N",179,30,30,"Ec",32,1,1,1,1,1,1
"10711","1325","Ec_N",179,31,31,"Ec",32,1,1,1,1,1,1
"10712","1325","Ec_N",179,32,32,"Ec",32,1,1,1,1,1,1
"10713","1325","Ec_N",179,33,33,"Ec",32,1,1,1,1,1,1
"10714","1325","Ec_N",179,34,34,"Ec",32,1,1,1,1,1,1
"10715","1325","Ec_N",179,35,35,"Ec",32,1,1,1,1,1,1
"10716","1325","Ec_N",179,36,36,"Ec",32,1,1,1,1,1,1
"10717","1325","Ec_N",179,37,37,"Ec",32,1,1,1,1,1,1
"10718","1325","Ec_N",179,38,38,"Ec",32,1,1,1,1,1,1
"10719","1325","Ec_N",179,39,39,"Ec",32,1,1,1,1,1,1
"10720","1325","Ec_N",179,40,40,"Ec",32,1,1,1,1,1,1
"10721","1325","Ec_N",179,41,41,"Ec",32,1,1,1,1,1,1
"10722","1325","Ec_N",179,42,42,"Ec",32,1,1,1,1,1,1
"10723","1325","Ec_N",179,43,43,"Ec",32,1,1,1,1,1,1
"10724","1325","Ec_N",179,44,44,"Ec",32,1,1,1,1,1,1
"10725","1325","Ec_N",179,45,45,"Ec",32,1,1,1,1,1,1
"10726","1325","Ec_N",179,46,46,"Ec",32,1,1,1,1,1,1
"10727","1325","Ec_N",179,47,47,"Ec",32,1,1,1,1,1,1
"10728","1325","Ec_N",179,48,48,"Ec",32,1,1,1,1,1,1
"10729","1325","Ec_N",179,49,49,"Ec",32,1,1,1,1,1,1
"10730","1325","Ec_N",179,50,50,"Ec",32,1,1,1,1,1,1
"10731","1325","Ec_N",179,51,51,"Ec",32,1,1,1,1,1,1
"10732","1325","Ec_N",179,52,52,"Ec",32,1,1,1,1,1,1
"10733","1325","Ec_N",179,53,53,"Ec",32,1,1,1,1,1,1
"10734","1325","Ec_N",179,54,54,"Ec",32,1,1,1,1,1,1
"10735","1325","Ec_N",179,55,55,"Ec",32,1,1,1,1,1,1
"10736","1325","Ec_N",179,56,56,"Ec",32,1,1,1,1,1,1
"10737","1325","Ec_N",179,57,57,"Ec",32,1,1,1,1,1,1
"10738","1325","Ec_N",179,58,58,"Ec",32,1,1,1,1,1,1
"10739","1325","Ec_N",179,59,59,"Ec",32,1,1,1,1,1,1
"10740","1325","Ec_N",179,60,60,"Ec",32,1,1,1,1,1,1
"10741","1325","Ec_N",180,1,1,"Ec",1,0,0,0,0,0,0
"10742","1325","Ec_N",180,2,2,"Ec",1,0,0,0,0,0,0
"10743","1325","Ec_N",180,3,3,"Ec",1,0,0,0,0,0,0
"10744","1325","Ec_N",180,4,4,"Ec",1,0,0,0,0,0,0
"10745","1325","Ec_N",180,5,5,"Ec",1,0,0,0,0,0,0
"10746","1325","Ec_N",180,6,6,"Ec",1,0,0,0,0,0,0
"10747","1325","Ec_N",180,7,7,"Ec",1,0,0,0,0,0,0
"10748","1325","Ec_N",180,8,8,"Ec",1,0,0,0,0,0,0
"10749","1325","Ec_N",180,9,9,"Ec",1,0,0,0,0,0,0
"10750","1325","Ec_N",180,10,10,"Ec",1,0,0,0,0,0,0
"10751","1325","Ec_N",180,11,11,"Ec",1,0,0,0,0,0,0
"10752","1325","Ec_N",180,12,12,"Ec",1,0,0,0,0,0,0
"10753","1325","Ec_N",180,13,13,"Ec",1,0,0,0,0,0,0
"10754","1325","Ec_N",180,14,14,"Ec",17,0,0,0,0,1,0.0636859452353503
"10755","1325","Ec_N",180,15,15,"Ec",17,0,0,0,0,1,0.0636859452353503
"10756","1325","Ec_N",180,16,16,"Ec",17,0,0,0,0,1,0.0636859452353503
"10757","1325","Ec_N",180,17,17,"Ec",17,0,0,0,0,1,0.0636859452353503
"10758","1325","Ec_N",180,18,18,"Ec",17,0,0,0,0,1,0.0636859452353503
"10759","1325","Ec_N",180,19,19,"Ec",17,0,0,0,0,1,0.0636859452353503
"10760","1325","Ec_N",180,20,20,"Ec",17,0,0,0,0,1,0.0636859452353503
"10761","1325","Ec_N",180,21,21,"Ec",17,0,0,0,0,1,0.0636859452353503
"10762","1325","Ec_N",180,22,22,"Ec",17,0,0,0,0,1,0.0636859452353503
"10763","1325","Ec_N",180,23,23,"Ec",17,0,0,0,0,1,0.0636859452353503
"10764","1325","Ec_N",180,24,24,"Ec",17,0,0,0,0,1,0.0636859452353503
"10765","1325","Ec_N",180,25,25,"Ec",17,0,0,0,0,1,0.0636859452353503
"10766","1325","Ec_N",180,26,26,"Ec",17,0,0,0,0,1,0.0636859452353503
"10767","1325","Ec_N",180,27,27,"Ec",17,0,0,0,0,1,0.0636859452353503
"10768","1325","Ec_N",180,28,28,"Ec",17,0,0,0,0,1,0.0636859452353503
"10769","1325","Ec_N",180,29,29,"Ec",17,0,0,0,0,1,0.0636859452353503
"10770","1325","Ec_N",180,30,30,"Ec",19,0,1,0,0,1,0.484124241483168
"10771","1325","Ec_N",180,31,31,"Ec",19,0,1,0,0,1,0.484124241483168
"10772","1325","Ec_N",180,32,32,"Ec",19,0,1,0,0,1,0.484124241483168
"10773","1325","Ec_N",180,33,33,"Ec",19,0,1,0,0,1,0.484124241483168
"10774","1325","Ec_N",180,34,34,"Ec",19,0,1,0,0,1,0.484124241483168
"10775","1325","Ec_N",180,35,35,"Ec",19,0,1,0,0,1,0.484124241483168
"10776","1325","Ec_N",180,36,36,"Ec",19,0,1,0,0,1,0.484124241483168
"10777","1325","Ec_N",180,37,37,"Ec",19,0,1,0,0,1,0.484124241483168
"10778","1325","Ec_N",180,38,38,"Ec",19,0,1,0,0,1,0.484124241483168
"10779","1325","Ec_N",180,39,39,"Ec",19,0,1,0,0,1,0.484124241483168
"10780","1325","Ec_N",180,40,40,"Ec",19,0,1,0,0,1,0.484124241483168
"10781","1325","Ec_N",180,41,41,"Ec",19,0,1,0,0,1,0.484124241483168
"10782","1325","Ec_N",180,42,42,"Ec",19,0,1,0,0,1,0.484124241483168
"10783","1325","Ec_N",180,43,43,"Ec",19,0,1,0,0,1,0.484124241483168
"10784","1325","Ec_N",180,44,44,"Ec",19,0,1,0,0,1,0.484124241483168
"10785","1325","Ec_N",180,45,45,"Ec",19,0,1,0,0,1,0.484124241483168
"10786","1325","Ec_N",180,46,46,"Ec",19,0,1,0,0,1,0.484124241483168
"10787","1325","Ec_N",180,47,47,"Ec",19,0,1,0,0,1,0.484124241483168
"10788","1325","Ec_N",180,48,48,"Ec",19,0,1,0,0,1,0.484124241483168
"10789","1325","Ec_N",180,49,49,"Ec",19,0,1,0,0,1,0.484124241483168
"10790","1325","Ec_N",180,50,50,"Ec",19,0,1,0,0,1,0.484124241483168
"10791","1325","Ec_N",180,51,51,"Ec",19,0,1,0,0,1,0.484124241483168
"10792","1325","Ec_N",180,52,52,"Ec",19,0,1,0,0,1,0.484124241483168
"10793","1325","Ec_N",180,53,53,"Ec",23,0,1,1,0,1,0.57389469344254
"10794","1325","Ec_N",180,54,54,"Ec",23,0,1,1,0,1,0.57389469344254
"10795","1325","Ec_N",180,55,55,"Ec",23,0,1,1,0,1,0.57389469344254
"10796","1325","Ec_N",180,56,56,"Ec",23,0,1,1,0,1,0.57389469344254
"10797","1325","Ec_N",180,57,57,"Ec",31,0,1,1,1,1,0.6927777538956
"10798","1325","Ec_N",180,58,58,"Ec",31,0,1,1,1,1,0.6927777538956
"10799","1325","Ec_N",180,59,59,"Ec",31,0,1,1,1,1,0.6927777538956
"10800","1325","Ec_N",180,60,60,"Ec",31,0,1,1,1,1,0.6927777538956
"10801","1325","Ec_N",181,1,1,"Ec",1,0,0,0,0,0,0
"10802","1325","Ec_N",181,2,2,"Ec",9,0,0,0,1,0,0.0490244839602376
"10803","1325","Ec_N",181,3,3,"Ec",9,0,0,0,1,0,0.0490244839602376
"10804","1325","Ec_N",181,4,4,"Ec",13,0,0,1,1,0,0.208653512412432
"10805","1325","Ec_N",181,5,5,"Ec",13,0,0,1,1,0,0.208653512412432
"10806","1325","Ec_N",181,6,6,"Ec",13,0,0,1,1,0,0.208653512412432
"10807","1325","Ec_N",181,7,7,"Ec",13,0,0,1,1,0,0.208653512412432
"10808","1325","Ec_N",181,8,8,"Ec",13,0,0,1,1,0,0.208653512412432
"10809","1325","Ec_N",181,9,9,"Ec",13,0,0,1,1,0,0.208653512412432
"10810","1325","Ec_N",181,10,10,"Ec",29,0,0,1,1,1,0.272339457647783
"10811","1325","Ec_N",181,11,11,"Ec",30,1,0,1,1,1,0.579561703752182
"10812","1325","Ec_N",181,12,12,"Ec",30,1,0,1,1,1,0.579561703752182
"10813","1325","Ec_N",181,13,13,"Ec",30,1,0,1,1,1,0.579561703752182
"10814","1325","Ec_N",181,14,14,"Ec",30,1,0,1,1,1,0.579561703752182
"10815","1325","Ec_N",181,15,15,"Ec",30,1,0,1,1,1,0.579561703752182
"10816","1325","Ec_N",181,16,16,"Ec",30,1,0,1,1,1,0.579561703752182
"10817","1325","Ec_N",181,17,17,"Ec",30,1,0,1,1,1,0.579561703752182
"10818","1325","Ec_N",181,18,18,"Ec",30,1,0,1,1,1,0.579561703752182
"10819","1325","Ec_N",181,19,19,"Ec",30,1,0,1,1,1,0.579561703752182
"10820","1325","Ec_N",181,20,20,"Ec",30,1,0,1,1,1,0.579561703752182
"10821","1325","Ec_N",181,21,21,"Ec",30,1,0,1,1,1,0.579561703752182
"10822","1325","Ec_N",181,22,22,"Ec",30,1,0,1,1,1,0.579561703752182
"10823","1325","Ec_N",181,23,23,"Ec",30,1,0,1,1,1,0.579561703752182
"10824","1325","Ec_N",181,24,24,"Ec",30,1,0,1,1,1,0.579561703752182
"10825","1325","Ec_N",181,25,25,"Ec",30,1,0,1,1,1,0.579561703752182
"10826","1325","Ec_N",181,26,26,"Ec",30,1,0,1,1,1,0.579561703752182
"10827","1325","Ec_N",181,27,27,"Ec",30,1,0,1,1,1,0.579561703752182
"10828","1325","Ec_N",181,28,28,"Ec",30,1,0,1,1,1,0.579561703752182
"10829","1325","Ec_N",181,29,29,"Ec",30,1,0,1,1,1,0.579561703752182
"10830","1325","Ec_N",181,30,30,"Ec",30,1,0,1,1,1,0.579561703752182
"10831","1325","Ec_N",181,31,31,"Ec",30,1,0,1,1,1,0.579561703752182
"10832","1325","Ec_N",181,32,32,"Ec",30,1,0,1,1,1,0.579561703752182
"10833","1325","Ec_N",181,33,33,"Ec",30,1,0,1,1,1,0.579561703752182
"10834","1325","Ec_N",181,34,34,"Ec",30,1,0,1,1,1,0.579561703752182
"10835","1325","Ec_N",181,35,35,"Ec",32,1,1,1,1,1,1
"10836","1325","Ec_N",181,36,36,"Ec",32,1,1,1,1,1,1
"10837","1325","Ec_N",181,37,37,"Ec",32,1,1,1,1,1,1
"10838","1325","Ec_N",181,38,38,"Ec",32,1,1,1,1,1,1
"10839","1325","Ec_N",181,39,39,"Ec",32,1,1,1,1,1,1
"10840","1325","Ec_N",181,40,40,"Ec",32,1,1,1,1,1,1
"10841","1325","Ec_N",181,41,41,"Ec",32,1,1,1,1,1,1
"10842","1325","Ec_N",181,42,42,"Ec",32,1,1,1,1,1,1
"10843","1325","Ec_N",181,43,43,"Ec",32,1,1,1,1,1,1
"10844","1325","Ec_N",181,44,44,"Ec",32,1,1,1,1,1,1
"10845","1325","Ec_N",181,45,45,"Ec",32,1,1,1,1,1,1
"10846","1325","Ec_N",181,46,46,"Ec",32,1,1,1,1,1,1
"10847","1325","Ec_N",181,47,47,"Ec",32,1,1,1,1,1,1
"10848","1325","Ec_N",181,48,48,"Ec",32,1,1,1,1,1,1
"10849","1325","Ec_N",181,49,49,"Ec",32,1,1,1,1,1,1
"10850","1325","Ec_N",181,50,50,"Ec",32,1,1,1,1,1,1
"10851","1325","Ec_N",181,51,51,"Ec",32,1,1,1,1,1,1
"10852","1325","Ec_N",181,52,52,"Ec",32,1,1,1,1,1,1
"10853","1325","Ec_N",181,53,53,"Ec",32,1,1,1,1,1,1
"10854","1325","Ec_N",181,54,54,"Ec",32,1,1,1,1,1,1
"10855","1325","Ec_N",181,55,55,"Ec",32,1,1,1,1,1,1
"10856","1325","Ec_N",181,56,56,"Ec",32,1,1,1,1,1,1
"10857","1325","Ec_N",181,57,57,"Ec",32,1,1,1,1,1,1
"10858","1325","Ec_N",181,58,58,"Ec",32,1,1,1,1,1,1
"10859","1325","Ec_N",181,59,59,"Ec",32,1,1,1,1,1,1
"10860","1325","Ec_N",181,60,60,"Ec",32,1,1,1,1,1,1
"10861","1325","Ec_N",182,1,1,"Ec",1,0,0,0,0,0,0
"10862","1325","Ec_N",182,2,2,"Ec",1,0,0,0,0,0,0
"10863","1325","Ec_N",182,3,3,"Ec",9,0,0,0,1,0,0.0490244839602376
"10864","1325","Ec_N",182,4,4,"Ec",9,0,0,0,1,0,0.0490244839602376
"10865","1325","Ec_N",182,5,5,"Ec",9,0,0,0,1,0,0.0490244839602376
"10866","1325","Ec_N",182,6,6,"Ec",9,0,0,0,1,0,0.0490244839602376
"10867","1325","Ec_N",182,7,7,"Ec",25,0,0,0,1,1,0.112710429195588
"10868","1325","Ec_N",182,8,8,"Ec",25,0,0,0,1,1,0.112710429195588
"10869","1325","Ec_N",182,9,9,"Ec",25,0,0,0,1,1,0.112710429195588
"10870","1325","Ec_N",182,10,10,"Ec",25,0,0,0,1,1,0.112710429195588
"10871","1325","Ec_N",182,11,11,"Ec",29,0,0,1,1,1,0.272339457647783
"10872","1325","Ec_N",182,12,12,"Ec",29,0,0,1,1,1,0.272339457647783
"10873","1325","Ec_N",182,13,13,"Ec",29,0,0,1,1,1,0.272339457647783
"10874","1325","Ec_N",182,14,14,"Ec",31,0,1,1,1,1,0.6927777538956
"10875","1325","Ec_N",182,15,15,"Ec",31,0,1,1,1,1,0.6927777538956
"10876","1325","Ec_N",182,16,16,"Ec",31,0,1,1,1,1,0.6927777538956
"10877","1325","Ec_N",182,17,17,"Ec",31,0,1,1,1,1,0.6927777538956
"10878","1325","Ec_N",182,18,18,"Ec",31,0,1,1,1,1,0.6927777538956
"10879","1325","Ec_N",182,19,19,"Ec",31,0,1,1,1,1,0.6927777538956
"10880","1325","Ec_N",182,20,20,"Ec",32,1,1,1,1,1,1
"10881","1325","Ec_N",182,21,21,"Ec",32,1,1,1,1,1,1
"10882","1325","Ec_N",182,22,22,"Ec",32,1,1,1,1,1,1
"10883","1325","Ec_N",182,23,23,"Ec",32,1,1,1,1,1,1
"10884","1325","Ec_N",182,24,24,"Ec",32,1,1,1,1,1,1
"10885","1325","Ec_N",182,25,25,"Ec",32,1,1,1,1,1,1
"10886","1325","Ec_N",182,26,26,"Ec",32,1,1,1,1,1,1
"10887","1325","Ec_N",182,27,27,"Ec",32,1,1,1,1,1,1
"10888","1325","Ec_N",182,28,28,"Ec",32,1,1,1,1,1,1
"10889","1325","Ec_N",182,29,29,"Ec",32,1,1,1,1,1,1
"10890","1325","Ec_N",182,30,30,"Ec",32,1,1,1,1,1,1
"10891","1325","Ec_N",182,31,31,"Ec",32,1,1,1,1,1,1
"10892","1325","Ec_N",182,32,32,"Ec",32,1,1,1,1,1,1
"10893","1325","Ec_N",182,33,33,"Ec",32,1,1,1,1,1,1
"10894","1325","Ec_N",182,34,34,"Ec",32,1,1,1,1,1,1
"10895","1325","Ec_N",182,35,35,"Ec",32,1,1,1,1,1,1
"10896","1325","Ec_N",182,36,36,"Ec",32,1,1,1,1,1,1
"10897","1325","Ec_N",182,37,37,"Ec",32,1,1,1,1,1,1
"10898","1325","Ec_N",182,38,38,"Ec",32,1,1,1,1,1,1
"10899","1325","Ec_N",182,39,39,"Ec",32,1,1,1,1,1,1
"10900","1325","Ec_N",182,40,40,"Ec",32,1,1,1,1,1,1
"10901","1325","Ec_N",182,41,41,"Ec",32,1,1,1,1,1,1
"10902","1325","Ec_N",182,42,42,"Ec",32,1,1,1,1,1,1
"10903","1325","Ec_N",182,43,43,"Ec",32,1,1,1,1,1,1
"10904","1325","Ec_N",182,44,44,"Ec",32,1,1,1,1,1,1
"10905","1325","Ec_N",182,45,45,"Ec",32,1,1,1,1,1,1
"10906","1325","Ec_N",182,46,46,"Ec",32,1,1,1,1,1,1
"10907","1325","Ec_N",182,47,47,"Ec",32,1,1,1,1,1,1
"10908","1325","Ec_N",182,48,48,"Ec",32,1,1,1,1,1,1
"10909","1325","Ec_N",182,49,49,"Ec",32,1,1,1,1,1,1
"10910","1325","Ec_N",182,50,50,"Ec",32,1,1,1,1,1,1
"10911","1325","Ec_N",182,51,51,"Ec",32,1,1,1,1,1,1
"10912","1325","Ec_N",182,52,52,"Ec",32,1,1,1,1,1,1
"10913","1325","Ec_N",182,53,53,"Ec",32,1,1,1,1,1,1
"10914","1325","Ec_N",182,54,54,"Ec",32,1,1,1,1,1,1
"10915","1325","Ec_N",182,55,55,"Ec",32,1,1,1,1,1,1
"10916","1325","Ec_N",182,56,56,"Ec",32,1,1,1,1,1,1
"10917","1325","Ec_N",182,57,57,"Ec",32,1,1,1,1,1,1
"10918","1325","Ec_N",182,58,58,"Ec",32,1,1,1,1,1,1
"10919","1325","Ec_N",182,59,59,"Ec",32,1,1,1,1,1,1
"10920","1325","Ec_N",182,60,60,"Ec",32,1,1,1,1,1,1
"10921","1325","Ec_N",183,1,1,"Ec",1,0,0,0,0,0,0
"10922","1325","Ec_N",183,2,2,"Ec",1,0,0,0,0,0,0
"10923","1325","Ec_N",183,3,3,"Ec",1,0,0,0,0,0,0
"10924","1325","Ec_N",183,4,4,"Ec",1,0,0,0,0,0,0
"10925","1325","Ec_N",183,5,5,"Ec",1,0,0,0,0,0,0
"10926","1325","Ec_N",183,6,6,"Ec",1,0,0,0,0,0,0
"10927","1325","Ec_N",183,7,7,"Ec",1,0,0,0,0,0,0
"10928","1325","Ec_N",183,8,8,"Ec",1,0,0,0,0,0,0
"10929","1325","Ec_N",183,9,9,"Ec",1,0,0,0,0,0,0
"10930","1325","Ec_N",183,10,10,"Ec",2,1,0,0,0,0,0.3072222461044
"10931","1325","Ec_N",183,11,11,"Ec",2,1,0,0,0,0,0.3072222461044
"10932","1325","Ec_N",183,12,12,"Ec",2,1,0,0,0,0,0.3072222461044
"10933","1325","Ec_N",183,13,13,"Ec",2,1,0,0,0,0,0.3072222461044
"10934","1325","Ec_N",183,14,14,"Ec",2,1,0,0,0,0,0.3072222461044
"10935","1325","Ec_N",183,15,15,"Ec",18,1,0,0,0,1,0.37090819133975
"10936","1325","Ec_N",183,16,16,"Ec",18,1,0,0,0,1,0.37090819133975
"10937","1325","Ec_N",183,17,17,"Ec",20,1,1,0,0,1,0.791346487587567
"10938","1325","Ec_N",183,18,18,"Ec",20,1,1,0,0,1,0.791346487587567
"10939","1325","Ec_N",183,19,19,"Ec",20,1,1,0,0,1,0.791346487587567
"10940","1325","Ec_N",183,20,20,"Ec",20,1,1,0,0,1,0.791346487587567
"10941","1325","Ec_N",183,21,21,"Ec",20,1,1,0,0,1,0.791346487587567
"10942","1325","Ec_N",183,22,22,"Ec",20,1,1,0,0,1,0.791346487587567
"10943","1325","Ec_N",183,23,23,"Ec",20,1,1,0,0,1,0.791346487587567
"10944","1325","Ec_N",183,24,24,"Ec",20,1,1,0,0,1,0.791346487587567
"10945","1325","Ec_N",183,25,25,"Ec",24,1,1,1,0,1,0.872975948786018
"10946","1325","Ec_N",183,26,26,"Ec",24,1,1,1,0,1,0.872975948786018
"10947","1325","Ec_N",183,27,27,"Ec",24,1,1,1,0,1,0.872975948786018
"10948","1325","Ec_N",183,28,28,"Ec",24,1,1,1,0,1,0.872975948786018
"10949","1325","Ec_N",183,29,29,"Ec",24,1,1,1,0,1,0.872975948786018
"10950","1325","Ec_N",183,30,30,"Ec",24,1,1,1,0,1,0.872975948786018
"10951","1325","Ec_N",183,31,31,"Ec",24,1,1,1,0,1,0.872975948786018
"10952","1325","Ec_N",183,32,32,"Ec",24,1,1,1,0,1,0.872975948786018
"10953","1325","Ec_N",183,33,33,"Ec",24,1,1,1,0,1,0.872975948786018
"10954","1325","Ec_N",183,34,34,"Ec",24,1,1,1,0,1,0.872975948786018
"10955","1325","Ec_N",183,35,35,"Ec",24,1,1,1,0,1,0.872975948786018
"10956","1325","Ec_N",183,36,36,"Ec",24,1,1,1,0,1,0.872975948786018
"10957","1325","Ec_N",183,37,37,"Ec",24,1,1,1,0,1,0.872975948786018
"10958","1325","Ec_N",183,38,38,"Ec",24,1,1,1,0,1,0.872975948786018
"10959","1325","Ec_N",183,39,39,"Ec",24,1,1,1,0,1,0.872975948786018
"10960","1325","Ec_N",183,40,40,"Ec",24,1,1,1,0,1,0.872975948786018
"10961","1325","Ec_N",183,41,41,"Ec",8,1,1,1,0,0,0.887289570804412
"10962","1325","Ec_N",183,42,42,"Ec",8,1,1,1,0,0,0.887289570804412
"10963","1325","Ec_N",183,43,43,"Ec",8,1,1,1,0,0,0.887289570804412
"10964","1325","Ec_N",183,44,44,"Ec",8,1,1,1,0,0,0.887289570804412
"10965","1325","Ec_N",183,45,45,"Ec",8,1,1,1,0,0,0.887289570804412
"10966","1325","Ec_N",183,46,46,"Ec",8,1,1,1,0,0,0.887289570804412
"10967","1325","Ec_N",183,47,47,"Ec",8,1,1,1,0,0,0.887289570804412
"10968","1325","Ec_N",183,48,48,"Ec",8,1,1,1,0,0,0.887289570804412
"10969","1325","Ec_N",183,49,49,"Ec",8,1,1,1,0,0,0.887289570804412
"10970","1325","Ec_N",183,50,50,"Ec",8,1,1,1,0,0,0.887289570804412
"10971","1325","Ec_N",183,51,51,"Ec",8,1,1,1,0,0,0.887289570804412
"10972","1325","Ec_N",183,52,52,"Ec",8,1,1,1,0,0,0.887289570804412
"10973","1325","Ec_N",183,53,53,"Ec",8,1,1,1,0,0,0.887289570804412
"10974","1325","Ec_N",183,54,54,"Ec",8,1,1,1,0,0,0.887289570804412
"10975","1325","Ec_N",183,55,55,"Ec",8,1,1,1,0,0,0.887289570804412
"10976","1325","Ec_N",183,56,56,"Ec",8,1,1,1,0,0,0.887289570804412
"10977","1325","Ec_N",183,57,57,"Ec",8,1,1,1,0,0,0.887289570804412
"10978","1325","Ec_N",183,58,58,"Ec",8,1,1,1,0,0,0.887289570804412
"10979","1325","Ec_N",183,59,59,"Ec",8,1,1,1,0,0,0.887289570804412
"10980","1325","Ec_N",183,60,60,"Ec",8,1,1,1,0,0,0.887289570804412
"10981","1325","Ec_N",184,1,1,"Ec",1,0,0,0,0,0,0
"10982","1325","Ec_N",184,2,2,"Ec",1,0,0,0,0,0,0
"10983","1325","Ec_N",184,3,3,"Ec",2,1,0,0,0,0,0.3072222461044
"10984","1325","Ec_N",184,4,4,"Ec",18,1,0,0,0,1,0.37090819133975
"10985","1325","Ec_N",184,5,5,"Ec",18,1,0,0,0,1,0.37090819133975
"10986","1325","Ec_N",184,6,6,"Ec",18,1,0,0,0,1,0.37090819133975
"10987","1325","Ec_N",184,7,7,"Ec",18,1,0,0,0,1,0.37090819133975
"10988","1325","Ec_N",184,8,8,"Ec",20,1,1,0,0,1,0.791346487587567
"10989","1325","Ec_N",184,9,9,"Ec",20,1,1,0,0,1,0.791346487587567
"10990","1325","Ec_N",184,10,10,"Ec",20,1,1,0,0,1,0.791346487587567
"10991","1325","Ec_N",184,11,11,"Ec",20,1,1,0,0,1,0.791346487587567
"10992","1325","Ec_N",184,12,12,"Ec",28,1,1,0,1,1,0.815884725734249
"10993","1325","Ec_N",184,13,13,"Ec",28,1,1,0,1,1,0.815884725734249
"10994","1325","Ec_N",184,14,14,"Ec",28,1,1,0,1,1,0.815884725734249
"10995","1325","Ec_N",184,15,15,"Ec",28,1,1,0,1,1,0.815884725734249
"10996","1325","Ec_N",184,16,16,"Ec",28,1,1,0,1,1,0.815884725734249
"10997","1325","Ec_N",184,17,17,"Ec",28,1,1,0,1,1,0.815884725734249
"10998","1325","Ec_N",184,18,18,"Ec",28,1,1,0,1,1,0.815884725734249
"10999","1325","Ec_N",184,19,19,"Ec",28,1,1,0,1,1,0.815884725734249
"11000","1325","Ec_N",184,20,20,"Ec",28,1,1,0,1,1,0.815884725734249
"11001","1325","Ec_N",184,21,21,"Ec",28,1,1,0,1,1,0.815884725734249
"11002","1325","Ec_N",184,22,22,"Ec",28,1,1,0,1,1,0.815884725734249
"11003","1325","Ec_N",184,23,23,"Ec",28,1,1,0,1,1,0.815884725734249
"11004","1325","Ec_N",184,24,24,"Ec",28,1,1,0,1,1,0.815884725734249
"11005","1325","Ec_N",184,25,25,"Ec",28,1,1,0,1,1,0.815884725734249
"11006","1325","Ec_N",184,26,26,"Ec",28,1,1,0,1,1,0.815884725734249
"11007","1325","Ec_N",184,27,27,"Ec",28,1,1,0,1,1,0.815884725734249
"11008","1325","Ec_N",184,28,28,"Ec",28,1,1,0,1,1,0.815884725734249
"11009","1325","Ec_N",184,29,29,"Ec",28,1,1,0,1,1,0.815884725734249
"11010","1325","Ec_N",184,30,30,"Ec",28,1,1,0,1,1,0.815884725734249
"11011","1325","Ec_N",184,31,31,"Ec",28,1,1,0,1,1,0.815884725734249
"11012","1325","Ec_N",184,32,32,"Ec",28,1,1,0,1,1,0.815884725734249
"11013","1325","Ec_N",184,33,33,"Ec",28,1,1,0,1,1,0.815884725734249
"11014","1325","Ec_N",184,34,34,"Ec",28,1,1,0,1,1,0.815884725734249
"11015","1325","Ec_N",184,35,35,"Ec",28,1,1,0,1,1,0.815884725734249
"11016","1325","Ec_N",184,36,36,"Ec",28,1,1,0,1,1,0.815884725734249
"11017","1325","Ec_N",184,37,37,"Ec",28,1,1,0,1,1,0.815884725734249
"11018","1325","Ec_N",184,38,38,"Ec",32,1,1,1,1,1,1
"11019","1325","Ec_N",184,39,39,"Ec",32,1,1,1,1,1,1
"11020","1325","Ec_N",184,40,40,"Ec",32,1,1,1,1,1,1
"11021","1325","Ec_N",184,41,41,"Ec",32,1,1,1,1,1,1
"11022","1325","Ec_N",184,42,42,"Ec",32,1,1,1,1,1,1
"11023","1325","Ec_N",184,43,43,"Ec",32,1,1,1,1,1,1
"11024","1325","Ec_N",184,44,44,"Ec",32,1,1,1,1,1,1
"11025","1325","Ec_N",184,45,45,"Ec",32,1,1,1,1,1,1
"11026","1325","Ec_N",184,46,46,"Ec",32,1,1,1,1,1,1
"11027","1325","Ec_N",184,47,47,"Ec",32,1,1,1,1,1,1
"11028","1325","Ec_N",184,48,48,"Ec",32,1,1,1,1,1,1
"11029","1325","Ec_N",184,49,49,"Ec",32,1,1,1,1,1,1
"11030","1325","Ec_N",184,50,50,"Ec",32,1,1,1,1,1,1
"11031","1325","Ec_N",184,51,51,"Ec",32,1,1,1,1,1,1
"11032","1325","Ec_N",184,52,52,"Ec",32,1,1,1,1,1,1
"11033","1325","Ec_N",184,53,53,"Ec",32,1,1,1,1,1,1
"11034","1325","Ec_N",184,54,54,"Ec",32,1,1,1,1,1,1
"11035","1325","Ec_N",184,55,55,"Ec",32,1,1,1,1,1,1
"11036","1325","Ec_N",184,56,56,"Ec",32,1,1,1,1,1,1
"11037","1325","Ec_N",184,57,57,"Ec",32,1,1,1,1,1,1
"11038","1325","Ec_N",184,58,58,"Ec",32,1,1,1,1,1,1
"11039","1325","Ec_N",184,59,59,"Ec",32,1,1,1,1,1,1
"11040","1325","Ec_N",184,60,60,"Ec",32,1,1,1,1,1,1
"11041","1325","Ec_N",185,1,1,"Ec",1,0,0,0,0,0,0
"11042","1325","Ec_N",185,2,2,"Ec",1,0,0,0,0,0,0
"11043","1325","Ec_N",185,3,3,"Ec",1,0,0,0,0,0,0
"11044","1325","Ec_N",185,4,4,"Ec",1,0,0,0,0,0,0
"11045","1325","Ec_N",185,5,5,"Ec",5,0,0,1,0,0,0.159629028452195
"11046","1325","Ec_N",185,6,6,"Ec",5,0,0,1,0,0,0.159629028452195
"11047","1325","Ec_N",185,7,7,"Ec",5,0,0,1,0,0,0.159629028452195
"11048","1325","Ec_N",185,8,8,"Ec",5,0,0,1,0,0,0.159629028452195
"11049","1325","Ec_N",185,9,9,"Ec",5,0,0,1,0,0,0.159629028452195
"11050","1325","Ec_N",185,10,10,"Ec",7,0,1,1,0,0,0.580067324700012
"11051","1325","Ec_N",185,11,11,"Ec",7,0,1,1,0,0,0.580067324700012
"11052","1325","Ec_N",185,12,12,"Ec",15,0,1,1,1,0,0.62909180866025
"11053","1325","Ec_N",185,13,13,"Ec",15,0,1,1,1,0,0.62909180866025
"11054","1325","Ec_N",185,14,14,"Ec",15,0,1,1,1,0,0.62909180866025
"11055","1325","Ec_N",185,15,15,"Ec",15,0,1,1,1,0,0.62909180866025
"11056","1325","Ec_N",185,16,16,"Ec",15,0,1,1,1,0,0.62909180866025
"11057","1325","Ec_N",185,17,17,"Ec",15,0,1,1,1,0,0.62909180866025
"11058","1325","Ec_N",185,18,18,"Ec",15,0,1,1,1,0,0.62909180866025
"11059","1325","Ec_N",185,19,19,"Ec",15,0,1,1,1,0,0.62909180866025
"11060","1325","Ec_N",185,20,20,"Ec",15,0,1,1,1,0,0.62909180866025
"11061","1325","Ec_N",185,21,21,"Ec",15,0,1,1,1,0,0.62909180866025
"11062","1325","Ec_N",185,22,22,"Ec",16,1,1,1,1,0,0.93631405476465
"11063","1325","Ec_N",185,23,23,"Ec",16,1,1,1,1,0,0.93631405476465
"11064","1325","Ec_N",185,24,24,"Ec",16,1,1,1,1,0,0.93631405476465
"11065","1325","Ec_N",185,25,25,"Ec",16,1,1,1,1,0,0.93631405476465
"11066","1325","Ec_N",185,26,26,"Ec",16,1,1,1,1,0,0.93631405476465
"11067","1325","Ec_N",185,27,27,"Ec",16,1,1,1,1,0,0.93631405476465
"11068","1325","Ec_N",185,28,28,"Ec",16,1,1,1,1,0,0.93631405476465
"11069","1325","Ec_N",185,29,29,"Ec",16,1,1,1,1,0,0.93631405476465
"11070","1325","Ec_N",185,30,30,"Ec",16,1,1,1,1,0,0.93631405476465
"11071","1325","Ec_N",185,31,31,"Ec",16,1,1,1,1,0,0.93631405476465
"11072","1325","Ec_N",185,32,32,"Ec",16,1,1,1,1,0,0.93631405476465
"11073","1325","Ec_N",185,33,33,"Ec",16,1,1,1,1,0,0.93631405476465
"11074","1325","Ec_N",185,34,34,"Ec",16,1,1,1,1,0,0.93631405476465
"11075","1325","Ec_N",185,35,35,"Ec",16,1,1,1,1,0,0.93631405476465
"11076","1325","Ec_N",185,36,36,"Ec",16,1,1,1,1,0,0.93631405476465
"11077","1325","Ec_N",185,37,37,"Ec",16,1,1,1,1,0,0.93631405476465
"11078","1325","Ec_N",185,38,38,"Ec",16,1,1,1,1,0,0.93631405476465
"11079","1325","Ec_N",185,39,39,"Ec",16,1,1,1,1,0,0.93631405476465
"11080","1325","Ec_N",185,40,40,"Ec",16,1,1,1,1,0,0.93631405476465
"11081","1325","Ec_N",185,41,41,"Ec",16,1,1,1,1,0,0.93631405476465
"11082","1325","Ec_N",185,42,42,"Ec",16,1,1,1,1,0,0.93631405476465
"11083","1325","Ec_N",185,43,43,"Ec",16,1,1,1,1,0,0.93631405476465
"11084","1325","Ec_N",185,44,44,"Ec",16,1,1,1,1,0,0.93631405476465
"11085","1325","Ec_N",185,45,45,"Ec",16,1,1,1,1,0,0.93631405476465
"11086","1325","Ec_N",185,46,46,"Ec",16,1,1,1,1,0,0.93631405476465
"11087","1325","Ec_N",185,47,47,"Ec",16,1,1,1,1,0,0.93631405476465
"11088","1325","Ec_N",185,48,48,"Ec",16,1,1,1,1,0,0.93631405476465
"11089","1325","Ec_N",185,49,49,"Ec",16,1,1,1,1,0,0.93631405476465
"11090","1325","Ec_N",185,50,50,"Ec",32,1,1,1,1,1,1
"11091","1325","Ec_N",185,51,51,"Ec",32,1,1,1,1,1,1
"11092","1325","Ec_N",185,52,52,"Ec",32,1,1,1,1,1,1
"11093","1325","Ec_N",185,53,53,"Ec",32,1,1,1,1,1,1
"11094","1325","Ec_N",185,54,54,"Ec",32,1,1,1,1,1,1
"11095","1325","Ec_N",185,55,55,"Ec",32,1,1,1,1,1,1
"11096","1325","Ec_N",185,56,56,"Ec",32,1,1,1,1,1,1
"11097","1325","Ec_N",185,57,57,"Ec",32,1,1,1,1,1,1
"11098","1325","Ec_N",185,58,58,"Ec",32,1,1,1,1,1,1
"11099","1325","Ec_N",185,59,59,"Ec",32,1,1,1,1,1,1
"11100","1325","Ec_N",185,60,60,"Ec",32,1,1,1,1,1,1
"11101","1325","Ec_N",186,1,1,"Ec",1,0,0,0,0,0,0
"11102","1325","Ec_N",186,2,2,"Ec",1,0,0,0,0,0,0
"11103","1325","Ec_N",186,3,3,"Ec",1,0,0,0,0,0,0
"11104","1325","Ec_N",186,4,4,"Ec",2,1,0,0,0,0,0.3072222461044
"11105","1325","Ec_N",186,5,5,"Ec",2,1,0,0,0,0,0.3072222461044
"11106","1325","Ec_N",186,6,6,"Ec",2,1,0,0,0,0,0.3072222461044
"11107","1325","Ec_N",186,7,7,"Ec",2,1,0,0,0,0,0.3072222461044
"11108","1325","Ec_N",186,8,8,"Ec",10,1,0,0,1,0,0.356246730064637
"11109","1325","Ec_N",186,9,9,"Ec",10,1,0,0,1,0,0.356246730064637
"11110","1325","Ec_N",186,10,10,"Ec",10,1,0,0,1,0,0.356246730064637
"11111","1325","Ec_N",186,11,11,"Ec",10,1,0,0,1,0,0.356246730064637
"11112","1325","Ec_N",186,12,12,"Ec",10,1,0,0,1,0,0.356246730064637
"11113","1325","Ec_N",186,13,13,"Ec",10,1,0,0,1,0,0.356246730064637
"11114","1325","Ec_N",186,14,14,"Ec",10,1,0,0,1,0,0.356246730064637
"11115","1325","Ec_N",186,15,15,"Ec",14,1,0,1,1,0,0.479175264165032
"11116","1325","Ec_N",186,16,16,"Ec",14,1,0,1,1,0,0.479175264165032
"11117","1325","Ec_N",186,17,17,"Ec",14,1,0,1,1,0,0.479175264165032
"11118","1325","Ec_N",186,18,18,"Ec",14,1,0,1,1,0,0.479175264165032
"11119","1325","Ec_N",186,19,19,"Ec",30,1,0,1,1,1,0.579561703752182
"11120","1325","Ec_N",186,20,20,"Ec",30,1,0,1,1,1,0.579561703752182
"11121","1325","Ec_N",186,21,21,"Ec",30,1,0,1,1,1,0.579561703752182
"11122","1325","Ec_N",186,22,22,"Ec",30,1,0,1,1,1,0.579561703752182
"11123","1325","Ec_N",186,23,23,"Ec",30,1,0,1,1,1,0.579561703752182
"11124","1325","Ec_N",186,24,24,"Ec",32,1,1,1,1,1,1
"11125","1325","Ec_N",186,25,25,"Ec",32,1,1,1,1,1,1
"11126","1325","Ec_N",186,26,26,"Ec",32,1,1,1,1,1,1
"11127","1325","Ec_N",186,27,27,"Ec",32,1,1,1,1,1,1
"11128","1325","Ec_N",186,28,28,"Ec",32,1,1,1,1,1,1
"11129","1325","Ec_N",186,29,29,"Ec",32,1,1,1,1,1,1
"11130","1325","Ec_N",186,30,30,"Ec",32,1,1,1,1,1,1
"11131","1325","Ec_N",186,31,31,"Ec",32,1,1,1,1,1,1
"11132","1325","Ec_N",186,32,32,"Ec",32,1,1,1,1,1,1
"11133","1325","Ec_N",186,33,33,"Ec",32,1,1,1,1,1,1
"11134","1325","Ec_N",186,34,34,"Ec",32,1,1,1,1,1,1
"11135","1325","Ec_N",186,35,35,"Ec",32,1,1,1,1,1,1
"11136","1325","Ec_N",186,36,36,"Ec",32,1,1,1,1,1,1
"11137","1325","Ec_N",186,37,37,"Ec",32,1,1,1,1,1,1
"11138","1325","Ec_N",186,38,38,"Ec",32,1,1,1,1,1,1
"11139","1325","Ec_N",186,39,39,"Ec",32,1,1,1,1,1,1
"11140","1325","Ec_N",186,40,40,"Ec",32,1,1,1,1,1,1
"11141","1325","Ec_N",186,41,41,"Ec",32,1,1,1,1,1,1
"11142","1325","Ec_N",186,42,42,"Ec",32,1,1,1,1,1,1
"11143","1325","Ec_N",186,43,43,"Ec",32,1,1,1,1,1,1
"11144","1325","Ec_N",186,44,44,"Ec",32,1,1,1,1,1,1
"11145","1325","Ec_N",186,45,45,"Ec",32,1,1,1,1,1,1
"11146","1325","Ec_N",186,46,46,"Ec",32,1,1,1,1,1,1
"11147","1325","Ec_N",186,47,47,"Ec",32,1,1,1,1,1,1
"11148","1325","Ec_N",186,48,48,"Ec",32,1,1,1,1,1,1
"11149","1325","Ec_N",186,49,49,"Ec",32,1,1,1,1,1,1
"11150","1325","Ec_N",186,50,50,"Ec",32,1,1,1,1,1,1
"11151","1325","Ec_N",186,51,51,"Ec",32,1,1,1,1,1,1
"11152","1325","Ec_N",186,52,52,"Ec",32,1,1,1,1,1,1
"11153","1325","Ec_N",186,53,53,"Ec",32,1,1,1,1,1,1
"11154","1325","Ec_N",186,54,54,"Ec",32,1,1,1,1,1,1
"11155","1325","Ec_N",186,55,55,"Ec",32,1,1,1,1,1,1
"11156","1325","Ec_N",186,56,56,"Ec",32,1,1,1,1,1,1
"11157","1325","Ec_N",186,57,57,"Ec",32,1,1,1,1,1,1
"11158","1325","Ec_N",186,58,58,"Ec",32,1,1,1,1,1,1
"11159","1325","Ec_N",186,59,59,"Ec",32,1,1,1,1,1,1
"11160","1325","Ec_N",186,60,60,"Ec",32,1,1,1,1,1,1
"11161","1325","Ec_N",187,1,1,"Ec",1,0,0,0,0,0,0
"11162","1325","Ec_N",187,2,2,"Ec",1,0,0,0,0,0,0
"11163","1325","Ec_N",187,3,3,"Ec",1,0,0,0,0,0,0
"11164","1325","Ec_N",187,4,4,"Ec",3,0,1,0,0,0,0.420438296247818
"11165","1325","Ec_N",187,5,5,"Ec",3,0,1,0,0,0,0.420438296247818
"11166","1325","Ec_N",187,6,6,"Ec",3,0,1,0,0,0,0.420438296247818
"11167","1325","Ec_N",187,7,7,"Ec",4,1,1,0,0,0,0.727660542352217
"11168","1325","Ec_N",187,8,8,"Ec",4,1,1,0,0,0,0.727660542352217
"11169","1325","Ec_N",187,9,9,"Ec",4,1,1,0,0,0,0.727660542352217
"11170","1325","Ec_N",187,10,10,"Ec",4,1,1,0,0,0,0.727660542352217
"11171","1325","Ec_N",187,11,11,"Ec",4,1,1,0,0,0,0.727660542352217
"11172","1325","Ec_N",187,12,12,"Ec",4,1,1,0,0,0,0.727660542352217
"11173","1325","Ec_N",187,13,13,"Ec",4,1,1,0,0,0,0.727660542352217
"11174","1325","Ec_N",187,14,14,"Ec",4,1,1,0,0,0,0.727660542352217
"11175","1325","Ec_N",187,15,15,"Ec",4,1,1,0,0,0,0.727660542352217
"11176","1325","Ec_N",187,16,16,"Ec",4,1,1,0,0,0,0.727660542352217
"11177","1325","Ec_N",187,17,17,"Ec",4,1,1,0,0,0,0.727660542352217
"11178","1325","Ec_N",187,18,18,"Ec",12,1,1,0,1,0,0.776685026312455
"11179","1325","Ec_N",187,19,19,"Ec",12,1,1,0,1,0,0.776685026312455
"11180","1325","Ec_N",187,20,20,"Ec",12,1,1,0,1,0,0.776685026312455
"11181","1325","Ec_N",187,21,21,"Ec",12,1,1,0,1,0,0.776685026312455
"11182","1325","Ec_N",187,22,22,"Ec",12,1,1,0,1,0,0.776685026312455
"11183","1325","Ec_N",187,23,23,"Ec",12,1,1,0,1,0,0.776685026312455
"11184","1325","Ec_N",187,24,24,"Ec",12,1,1,0,1,0,0.776685026312455
"11185","1325","Ec_N",187,25,25,"Ec",12,1,1,0,1,0,0.776685026312455
"11186","1325","Ec_N",187,26,26,"Ec",12,1,1,0,1,0,0.776685026312455
"11187","1325","Ec_N",187,27,27,"Ec",16,1,1,1,1,0,0.93631405476465
"11188","1325","Ec_N",187,28,28,"Ec",16,1,1,1,1,0,0.93631405476465
"11189","1325","Ec_N",187,29,29,"Ec",16,1,1,1,1,0,0.93631405476465
"11190","1325","Ec_N",187,30,30,"Ec",16,1,1,1,1,0,0.93631405476465
"11191","1325","Ec_N",187,31,31,"Ec",16,1,1,1,1,0,0.93631405476465
"11192","1325","Ec_N",187,32,32,"Ec",16,1,1,1,1,0,0.93631405476465
"11193","1325","Ec_N",187,33,33,"Ec",32,1,1,1,1,1,1
"11194","1325","Ec_N",187,34,34,"Ec",32,1,1,1,1,1,1
"11195","1325","Ec_N",187,35,35,"Ec",32,1,1,1,1,1,1
"11196","1325","Ec_N",187,36,36,"Ec",32,1,1,1,1,1,1
"11197","1325","Ec_N",187,37,37,"Ec",32,1,1,1,1,1,1
"11198","1325","Ec_N",187,38,38,"Ec",32,1,1,1,1,1,1
"11199","1325","Ec_N",187,39,39,"Ec",32,1,1,1,1,1,1
"11200","1325","Ec_N",187,40,40,"Ec",32,1,1,1,1,1,1
"11201","1325","Ec_N",187,41,41,"Ec",32,1,1,1,1,1,1
"11202","1325","Ec_N",187,42,42,"Ec",32,1,1,1,1,1,1
"11203","1325","Ec_N",187,43,43,"Ec",32,1,1,1,1,1,1
"11204","1325","Ec_N",187,44,44,"Ec",32,1,1,1,1,1,1
"11205","1325","Ec_N",187,45,45,"Ec",32,1,1,1,1,1,1
"11206","1325","Ec_N",187,46,46,"Ec",32,1,1,1,1,1,1
"11207","1325","Ec_N",187,47,47,"Ec",32,1,1,1,1,1,1
"11208","1325","Ec_N",187,48,48,"Ec",32,1,1,1,1,1,1
"11209","1325","Ec_N",187,49,49,"Ec",32,1,1,1,1,1,1
"11210","1325","Ec_N",187,50,50,"Ec",32,1,1,1,1,1,1
"11211","1325","Ec_N",187,51,51,"Ec",32,1,1,1,1,1,1
"11212","1325","Ec_N",187,52,52,"Ec",32,1,1,1,1,1,1
"11213","1325","Ec_N",187,53,53,"Ec",32,1,1,1,1,1,1
"11214","1325","Ec_N",187,54,54,"Ec",32,1,1,1,1,1,1
"11215","1325","Ec_N",187,55,55,"Ec",32,1,1,1,1,1,1
"11216","1325","Ec_N",187,56,56,"Ec",32,1,1,1,1,1,1
"11217","1325","Ec_N",187,57,57,"Ec",32,1,1,1,1,1,1
"11218","1325","Ec_N",187,58,58,"Ec",32,1,1,1,1,1,1
"11219","1325","Ec_N",187,59,59,"Ec",32,1,1,1,1,1,1
"11220","1325","Ec_N",187,60,60,"Ec",32,1,1,1,1,1,1
"11221","1325","Ec_N",188,1,1,"Ec",1,0,0,0,0,0,0
"11222","1325","Ec_N",188,2,2,"Ec",1,0,0,0,0,0,0
"11223","1325","Ec_N",188,3,3,"Ec",1,0,0,0,0,0,0
"11224","1325","Ec_N",188,4,4,"Ec",1,0,0,0,0,0,0
"11225","1325","Ec_N",188,5,5,"Ec",1,0,0,0,0,0,0
"11226","1325","Ec_N",188,6,6,"Ec",1,0,0,0,0,0,0
"11227","1325","Ec_N",188,7,7,"Ec",1,0,0,0,0,0,0
"11228","1325","Ec_N",188,8,8,"Ec",1,0,0,0,0,0,0
"11229","1325","Ec_N",188,9,9,"Ec",1,0,0,0,0,0,0
"11230","1325","Ec_N",188,10,10,"Ec",1,0,0,0,0,0,0
"11231","1325","Ec_N",188,11,11,"Ec",1,0,0,0,0,0,0
"11232","1325","Ec_N",188,12,12,"Ec",1,0,0,0,0,0,0
"11233","1325","Ec_N",188,13,13,"Ec",3,0,1,0,0,0,0.420438296247818
"11234","1325","Ec_N",188,14,14,"Ec",19,0,1,0,0,1,0.484124241483168
"11235","1325","Ec_N",188,15,15,"Ec",19,0,1,0,0,1,0.484124241483168
"11236","1325","Ec_N",188,16,16,"Ec",23,0,1,1,0,1,0.57389469344254
"11237","1325","Ec_N",188,17,17,"Ec",23,0,1,1,0,1,0.57389469344254
"11238","1325","Ec_N",188,18,18,"Ec",23,0,1,1,0,1,0.57389469344254
"11239","1325","Ec_N",188,19,19,"Ec",23,0,1,1,0,1,0.57389469344254
"11240","1325","Ec_N",188,20,20,"Ec",23,0,1,1,0,1,0.57389469344254
"11241","1325","Ec_N",188,21,21,"Ec",23,0,1,1,0,1,0.57389469344254
"11242","1325","Ec_N",188,22,22,"Ec",23,0,1,1,0,1,0.57389469344254
"11243","1325","Ec_N",188,23,23,"Ec",23,0,1,1,0,1,0.57389469344254
"11244","1325","Ec_N",188,24,24,"Ec",23,0,1,1,0,1,0.57389469344254
"11245","1325","Ec_N",188,25,25,"Ec",23,0,1,1,0,1,0.57389469344254
"11246","1325","Ec_N",188,26,26,"Ec",23,0,1,1,0,1,0.57389469344254
"11247","1325","Ec_N",188,27,27,"Ec",24,1,1,1,0,1,0.872975948786018
"11248","1325","Ec_N",188,28,28,"Ec",24,1,1,1,0,1,0.872975948786018
"11249","1325","Ec_N",188,29,29,"Ec",24,1,1,1,0,1,0.872975948786018
"11250","1325","Ec_N",188,30,30,"Ec",24,1,1,1,0,1,0.872975948786018
"11251","1325","Ec_N",188,31,31,"Ec",24,1,1,1,0,1,0.872975948786018
"11252","1325","Ec_N",188,32,32,"Ec",32,1,1,1,1,1,1
"11253","1325","Ec_N",188,33,33,"Ec",32,1,1,1,1,1,1
"11254","1325","Ec_N",188,34,34,"Ec",32,1,1,1,1,1,1
"11255","1325","Ec_N",188,35,35,"Ec",32,1,1,1,1,1,1
"11256","1325","Ec_N",188,36,36,"Ec",32,1,1,1,1,1,1
"11257","1325","Ec_N",188,37,37,"Ec",32,1,1,1,1,1,1
"11258","1325","Ec_N",188,38,38,"Ec",32,1,1,1,1,1,1
"11259","1325","Ec_N",188,39,39,"Ec",32,1,1,1,1,1,1
"11260","1325","Ec_N",188,40,40,"Ec",32,1,1,1,1,1,1
"11261","1325","Ec_N",188,41,41,"Ec",32,1,1,1,1,1,1
"11262","1325","Ec_N",188,42,42,"Ec",32,1,1,1,1,1,1
"11263","1325","Ec_N",188,43,43,"Ec",32,1,1,1,1,1,1
"11264","1325","Ec_N",188,44,44,"Ec",32,1,1,1,1,1,1
"11265","1325","Ec_N",188,45,45,"Ec",32,1,1,1,1,1,1
"11266","1325","Ec_N",188,46,46,"Ec",32,1,1,1,1,1,1
"11267","1325","Ec_N",188,47,47,"Ec",32,1,1,1,1,1,1
"11268","1325","Ec_N",188,48,48,"Ec",32,1,1,1,1,1,1
"11269","1325","Ec_N",188,49,49,"Ec",32,1,1,1,1,1,1
"11270","1325","Ec_N",188,50,50,"Ec",32,1,1,1,1,1,1
"11271","1325","Ec_N",188,51,51,"Ec",32,1,1,1,1,1,1
"11272","1325","Ec_N",188,52,52,"Ec",32,1,1,1,1,1,1
"11273","1325","Ec_N",188,53,53,"Ec",32,1,1,1,1,1,1
"11274","1325","Ec_N",188,54,54,"Ec",32,1,1,1,1,1,1
"11275","1325","Ec_N",188,55,55,"Ec",32,1,1,1,1,1,1
"11276","1325","Ec_N",188,56,56,"Ec",32,1,1,1,1,1,1
"11277","1325","Ec_N",188,57,57,"Ec",32,1,1,1,1,1,1
"11278","1325","Ec_N",188,58,58,"Ec",32,1,1,1,1,1,1
"11279","1325","Ec_N",188,59,59,"Ec",32,1,1,1,1,1,1
"11280","1325","Ec_N",188,60,60,"Ec",32,1,1,1,1,1,1
"11281","1325","Ec_N",189,1,1,"Ec",1,0,0,0,0,0,0
"11282","1325","Ec_N",189,2,2,"Ec",1,0,0,0,0,0,0
"11283","1325","Ec_N",189,3,3,"Ec",1,0,0,0,0,0,0
"11284","1325","Ec_N",189,4,4,"Ec",1,0,0,0,0,0,0
"11285","1325","Ec_N",189,5,5,"Ec",1,0,0,0,0,0,0
"11286","1325","Ec_N",189,6,6,"Ec",1,0,0,0,0,0,0
"11287","1325","Ec_N",189,7,7,"Ec",3,0,1,0,0,0,0.420438296247818
"11288","1325","Ec_N",189,8,8,"Ec",3,0,1,0,0,0,0.420438296247818
"11289","1325","Ec_N",189,9,9,"Ec",3,0,1,0,0,0,0.420438296247818
"11290","1325","Ec_N",189,10,10,"Ec",3,0,1,0,0,0,0.420438296247818
"11291","1325","Ec_N",189,11,11,"Ec",3,0,1,0,0,0,0.420438296247818
"11292","1325","Ec_N",189,12,12,"Ec",3,0,1,0,0,0,0.420438296247818
"11293","1325","Ec_N",189,13,13,"Ec",3,0,1,0,0,0,0.420438296247818
"11294","1325","Ec_N",189,14,14,"Ec",3,0,1,0,0,0,0.420438296247818
"11295","1325","Ec_N",189,15,15,"Ec",3,0,1,0,0,0,0.420438296247818
"11296","1325","Ec_N",189,16,16,"Ec",3,0,1,0,0,0,0.420438296247818
"11297","1325","Ec_N",189,17,17,"Ec",3,0,1,0,0,0,0.420438296247818
"11298","1325","Ec_N",189,18,18,"Ec",3,0,1,0,0,0,0.420438296247818
"11299","1325","Ec_N",189,19,19,"Ec",4,1,1,0,0,0,0.727660542352217
"11300","1325","Ec_N",189,20,20,"Ec",4,1,1,0,0,0,0.727660542352217
"11301","1325","Ec_N",189,21,21,"Ec",4,1,1,0,0,0,0.727660542352217
"11302","1325","Ec_N",189,22,22,"Ec",4,1,1,0,0,0,0.727660542352217
"11303","1325","Ec_N",189,23,23,"Ec",4,1,1,0,0,0,0.727660542352217
"11304","1325","Ec_N",189,24,24,"Ec",4,1,1,0,0,0,0.727660542352217
"11305","1325","Ec_N",189,25,25,"Ec",4,1,1,0,0,0,0.727660542352217
"11306","1325","Ec_N",189,26,26,"Ec",4,1,1,0,0,0,0.727660542352217
"11307","1325","Ec_N",189,27,27,"Ec",4,1,1,0,0,0,0.727660542352217
"11308","1325","Ec_N",189,28,28,"Ec",4,1,1,0,0,0,0.727660542352217
"11309","1325","Ec_N",189,29,29,"Ec",4,1,1,0,0,0,0.727660542352217
"11310","1325","Ec_N",189,30,30,"Ec",4,1,1,0,0,0,0.727660542352217
"11311","1325","Ec_N",189,31,31,"Ec",4,1,1,0,0,0,0.727660542352217
"11312","1325","Ec_N",189,32,32,"Ec",4,1,1,0,0,0,0.727660542352217
"11313","1325","Ec_N",189,33,33,"Ec",4,1,1,0,0,0,0.727660542352217
"11314","1325","Ec_N",189,34,34,"Ec",20,1,1,0,0,1,0.791346487587567
"11315","1325","Ec_N",189,35,35,"Ec",20,1,1,0,0,1,0.791346487587567
"11316","1325","Ec_N",189,36,36,"Ec",28,1,1,0,1,1,0.815884725734249
"11317","1325","Ec_N",189,37,37,"Ec",28,1,1,0,1,1,0.815884725734249
"11318","1325","Ec_N",189,38,38,"Ec",28,1,1,0,1,1,0.815884725734249
"11319","1325","Ec_N",189,39,39,"Ec",28,1,1,0,1,1,0.815884725734249
"11320","1325","Ec_N",189,40,40,"Ec",28,1,1,0,1,1,0.815884725734249
"11321","1325","Ec_N",189,41,41,"Ec",28,1,1,0,1,1,0.815884725734249
"11322","1325","Ec_N",189,42,42,"Ec",28,1,1,0,1,1,0.815884725734249
"11323","1325","Ec_N",189,43,43,"Ec",28,1,1,0,1,1,0.815884725734249
"11324","1325","Ec_N",189,44,44,"Ec",28,1,1,0,1,1,0.815884725734249
"11325","1325","Ec_N",189,45,45,"Ec",28,1,1,0,1,1,0.815884725734249
"11326","1325","Ec_N",189,46,46,"Ec",28,1,1,0,1,1,0.815884725734249
"11327","1325","Ec_N",189,47,47,"Ec",28,1,1,0,1,1,0.815884725734249
"11328","1325","Ec_N",189,48,48,"Ec",32,1,1,1,1,1,1
"11329","1325","Ec_N",189,49,49,"Ec",32,1,1,1,1,1,1
"11330","1325","Ec_N",189,50,50,"Ec",32,1,1,1,1,1,1
"11331","1325","Ec_N",189,51,51,"Ec",32,1,1,1,1,1,1
"11332","1325","Ec_N",189,52,52,"Ec",32,1,1,1,1,1,1
"11333","1325","Ec_N",189,53,53,"Ec",32,1,1,1,1,1,1
"11334","1325","Ec_N",189,54,54,"Ec",32,1,1,1,1,1,1
"11335","1325","Ec_N",189,55,55,"Ec",32,1,1,1,1,1,1
"11336","1325","Ec_N",189,56,56,"Ec",32,1,1,1,1,1,1
"11337","1325","Ec_N",189,57,57,"Ec",32,1,1,1,1,1,1
"11338","1325","Ec_N",189,58,58,"Ec",32,1,1,1,1,1,1
"11339","1325","Ec_N",189,59,59,"Ec",32,1,1,1,1,1,1
"11340","1325","Ec_N",189,60,60,"Ec",32,1,1,1,1,1,1
"11341","1325","Ec_N",190,1,1,"Ec",1,0,0,0,0,0,0
"11342","1325","Ec_N",190,2,2,"Ec",9,0,0,0,1,0,0.0490244839602376
"11343","1325","Ec_N",190,3,3,"Ec",9,0,0,0,1,0,0.0490244839602376
"11344","1325","Ec_N",190,4,4,"Ec",25,0,0,0,1,1,0.112710429195588
"11345","1325","Ec_N",190,5,5,"Ec",25,0,0,0,1,1,0.112710429195588
"11346","1325","Ec_N",190,6,6,"Ec",25,0,0,0,1,1,0.112710429195588
"11347","1325","Ec_N",190,7,7,"Ec",25,0,0,0,1,1,0.112710429195588
"11348","1325","Ec_N",190,8,8,"Ec",25,0,0,0,1,1,0.112710429195588
"11349","1325","Ec_N",190,9,9,"Ec",25,0,0,0,1,1,0.112710429195588
"11350","1325","Ec_N",190,10,10,"Ec",26,1,0,0,1,1,0.419932675299988
"11351","1325","Ec_N",190,11,11,"Ec",26,1,0,0,1,1,0.419932675299988
"11352","1325","Ec_N",190,12,12,"Ec",26,1,0,0,1,1,0.419932675299988
"11353","1325","Ec_N",190,13,13,"Ec",26,1,0,0,1,1,0.419932675299988
"11354","1325","Ec_N",190,14,14,"Ec",26,1,0,0,1,1,0.419932675299988
"11355","1325","Ec_N",190,15,15,"Ec",26,1,0,0,1,1,0.419932675299988
"11356","1325","Ec_N",190,16,16,"Ec",26,1,0,0,1,1,0.419932675299988
"11357","1325","Ec_N",190,17,17,"Ec",26,1,0,0,1,1,0.419932675299988
"11358","1325","Ec_N",190,18,18,"Ec",26,1,0,0,1,1,0.419932675299988
"11359","1325","Ec_N",190,19,19,"Ec",30,1,0,1,1,1,0.579561703752182
"11360","1325","Ec_N",190,20,20,"Ec",30,1,0,1,1,1,0.579561703752182
"11361","1325","Ec_N",190,21,21,"Ec",30,1,0,1,1,1,0.579561703752182
"11362","1325","Ec_N",190,22,22,"Ec",30,1,0,1,1,1,0.579561703752182
"11363","1325","Ec_N",190,23,23,"Ec",32,1,1,1,1,1,1
"11364","1325","Ec_N",190,24,24,"Ec",32,1,1,1,1,1,1
"11365","1325","Ec_N",190,25,25,"Ec",32,1,1,1,1,1,1
"11366","1325","Ec_N",190,26,26,"Ec",32,1,1,1,1,1,1
"11367","1325","Ec_N",190,27,27,"Ec",32,1,1,1,1,1,1
"11368","1325","Ec_N",190,28,28,"Ec",32,1,1,1,1,1,1
"11369","1325","Ec_N",190,29,29,"Ec",32,1,1,1,1,1,1
"11370","1325","Ec_N",190,30,30,"Ec",32,1,1,1,1,1,1
"11371","1325","Ec_N",190,31,31,"Ec",32,1,1,1,1,1,1
"11372","1325","Ec_N",190,32,32,"Ec",32,1,1,1,1,1,1
"11373","1325","Ec_N",190,33,33,"Ec",32,1,1,1,1,1,1
"11374","1325","Ec_N",190,34,34,"Ec",32,1,1,1,1,1,1
"11375","1325","Ec_N",190,35,35,"Ec",32,1,1,1,1,1,1
"11376","1325","Ec_N",190,36,36,"Ec",32,1,1,1,1,1,1
"11377","1325","Ec_N",190,37,37,"Ec",32,1,1,1,1,1,1
"11378","1325","Ec_N",190,38,38,"Ec",32,1,1,1,1,1,1
"11379","1325","Ec_N",190,39,39,"Ec",32,1,1,1,1,1,1
"11380","1325","Ec_N",190,40,40,"Ec",32,1,1,1,1,1,1
"11381","1325","Ec_N",190,41,41,"Ec",32,1,1,1,1,1,1
"11382","1325","Ec_N",190,42,42,"Ec",32,1,1,1,1,1,1
"11383","1325","Ec_N",190,43,43,"Ec",32,1,1,1,1,1,1
"11384","1325","Ec_N",190,44,44,"Ec",32,1,1,1,1,1,1
"11385","1325","Ec_N",190,45,45,"Ec",32,1,1,1,1,1,1
"11386","1325","Ec_N",190,46,46,"Ec",32,1,1,1,1,1,1
"11387","1325","Ec_N",190,47,47,"Ec",32,1,1,1,1,1,1
"11388","1325","Ec_N",190,48,48,"Ec",32,1,1,1,1,1,1
"11389","1325","Ec_N",190,49,49,"Ec",32,1,1,1,1,1,1
"11390","1325","Ec_N",190,50,50,"Ec",32,1,1,1,1,1,1
"11391","1325","Ec_N",190,51,51,"Ec",32,1,1,1,1,1,1
"11392","1325","Ec_N",190,52,52,"Ec",32,1,1,1,1,1,1
"11393","1325","Ec_N",190,53,53,"Ec",32,1,1,1,1,1,1
"11394","1325","Ec_N",190,54,54,"Ec",32,1,1,1,1,1,1
"11395","1325","Ec_N",190,55,55,"Ec",32,1,1,1,1,1,1
"11396","1325","Ec_N",190,56,56,"Ec",32,1,1,1,1,1,1
"11397","1325","Ec_N",190,57,57,"Ec",32,1,1,1,1,1,1
"11398","1325","Ec_N",190,58,58,"Ec",32,1,1,1,1,1,1
"11399","1325","Ec_N",190,59,59,"Ec",32,1,1,1,1,1,1
"11400","1325","Ec_N",190,60,60,"Ec",32,1,1,1,1,1,1
"11401","1325","Ec_N",191,1,1,"Ec",1,0,0,0,0,0,0
"11402","1325","Ec_N",191,2,2,"Ec",1,0,0,0,0,0,0
"11403","1325","Ec_N",191,3,3,"Ec",1,0,0,0,0,0,0
"11404","1325","Ec_N",191,4,4,"Ec",1,0,0,0,0,0,0
"11405","1325","Ec_N",191,5,5,"Ec",1,0,0,0,0,0,0
"11406","1325","Ec_N",191,6,6,"Ec",3,0,1,0,0,0,0.420438296247818
"11407","1325","Ec_N",191,7,7,"Ec",7,0,1,1,0,0,0.580067324700012
"11408","1325","Ec_N",191,8,8,"Ec",7,0,1,1,0,0,0.580067324700012
"11409","1325","Ec_N",191,9,9,"Ec",7,0,1,1,0,0,0.580067324700012
"11410","1325","Ec_N",191,10,10,"Ec",7,0,1,1,0,0,0.580067324700012
"11411","1325","Ec_N",191,11,11,"Ec",7,0,1,1,0,0,0.580067324700012
"11412","1325","Ec_N",191,12,12,"Ec",7,0,1,1,0,0,0.580067324700012
"11413","1325","Ec_N",191,13,13,"Ec",7,0,1,1,0,0,0.580067324700012
"11414","1325","Ec_N",191,14,14,"Ec",7,0,1,1,0,0,0.580067324700012
"11415","1325","Ec_N",191,15,15,"Ec",7,0,1,1,0,0,0.580067324700012
"11416","1325","Ec_N",191,16,16,"Ec",7,0,1,1,0,0,0.580067324700012
"11417","1325","Ec_N",191,17,17,"Ec",7,0,1,1,0,0,0.580067324700012
"11418","1325","Ec_N",191,18,18,"Ec",7,0,1,1,0,0,0.580067324700012
"11419","1325","Ec_N",191,19,19,"Ec",7,0,1,1,0,0,0.580067324700012
"11420","1325","Ec_N",191,20,20,"Ec",15,0,1,1,1,0,0.62909180866025
"11421","1325","Ec_N",191,21,21,"Ec",15,0,1,1,1,0,0.62909180866025
"11422","1325","Ec_N",191,22,22,"Ec",15,0,1,1,1,0,0.62909180866025
"11423","1325","Ec_N",191,23,23,"Ec",15,0,1,1,1,0,0.62909180866025
"11424","1325","Ec_N",191,24,24,"Ec",15,0,1,1,1,0,0.62909180866025
"11425","1325","Ec_N",191,25,25,"Ec",15,0,1,1,1,0,0.62909180866025
"11426","1325","Ec_N",191,26,26,"Ec",15,0,1,1,1,0,0.62909180866025
"11427","1325","Ec_N",191,27,27,"Ec",15,0,1,1,1,0,0.62909180866025
"11428","1325","Ec_N",191,28,28,"Ec",15,0,1,1,1,0,0.62909180866025
"11429","1325","Ec_N",191,29,29,"Ec",15,0,1,1,1,0,0.62909180866025
"11430","1325","Ec_N",191,30,30,"Ec",15,0,1,1,1,0,0.62909180866025
"11431","1325","Ec_N",191,31,31,"Ec",15,0,1,1,1,0,0.62909180866025
"11432","1325","Ec_N",191,32,32,"Ec",16,1,1,1,1,0,0.93631405476465
"11433","1325","Ec_N",191,33,33,"Ec",16,1,1,1,1,0,0.93631405476465
"11434","1325","Ec_N",191,34,34,"Ec",16,1,1,1,1,0,0.93631405476465
"11435","1325","Ec_N",191,35,35,"Ec",16,1,1,1,1,0,0.93631405476465
"11436","1325","Ec_N",191,36,36,"Ec",16,1,1,1,1,0,0.93631405476465
"11437","1325","Ec_N",191,37,37,"Ec",16,1,1,1,1,0,0.93631405476465
"11438","1325","Ec_N",191,38,38,"Ec",16,1,1,1,1,0,0.93631405476465
"11439","1325","Ec_N",191,39,39,"Ec",16,1,1,1,1,0,0.93631405476465
"11440","1325","Ec_N",191,40,40,"Ec",16,1,1,1,1,0,0.93631405476465
"11441","1325","Ec_N",191,41,41,"Ec",16,1,1,1,1,0,0.93631405476465
"11442","1325","Ec_N",191,42,42,"Ec",16,1,1,1,1,0,0.93631405476465
"11443","1325","Ec_N",191,43,43,"Ec",16,1,1,1,1,0,0.93631405476465
"11444","1325","Ec_N",191,44,44,"Ec",16,1,1,1,1,0,0.93631405476465
"11445","1325","Ec_N",191,45,45,"Ec",16,1,1,1,1,0,0.93631405476465
"11446","1325","Ec_N",191,46,46,"Ec",16,1,1,1,1,0,0.93631405476465
"11447","1325","Ec_N",191,47,47,"Ec",16,1,1,1,1,0,0.93631405476465
"11448","1325","Ec_N",191,48,48,"Ec",16,1,1,1,1,0,0.93631405476465
"11449","1325","Ec_N",191,49,49,"Ec",16,1,1,1,1,0,0.93631405476465
"11450","1325","Ec_N",191,50,50,"Ec",16,1,1,1,1,0,0.93631405476465
"11451","1325","Ec_N",191,51,51,"Ec",16,1,1,1,1,0,0.93631405476465
"11452","1325","Ec_N",191,52,52,"Ec",16,1,1,1,1,0,0.93631405476465
"11453","1325","Ec_N",191,53,53,"Ec",16,1,1,1,1,0,0.93631405476465
"11454","1325","Ec_N",191,54,54,"Ec",16,1,1,1,1,0,0.93631405476465
"11455","1325","Ec_N",191,55,55,"Ec",16,1,1,1,1,0,0.93631405476465
"11456","1325","Ec_N",191,56,56,"Ec",16,1,1,1,1,0,0.93631405476465
"11457","1325","Ec_N",191,57,57,"Ec",16,1,1,1,1,0,0.93631405476465
"11458","1325","Ec_N",191,58,58,"Ec",16,1,1,1,1,0,0.93631405476465
"11459","1325","Ec_N",191,59,59,"Ec",16,1,1,1,1,0,0.93631405476465
"11460","1325","Ec_N",191,60,60,"Ec",16,1,1,1,1,0,0.93631405476465
"11461","1325","Ec_N",192,1,1,"Ec",1,0,0,0,0,0,0
"11462","1325","Ec_N",192,2,2,"Ec",1,0,0,0,0,0,0
"11463","1325","Ec_N",192,3,3,"Ec",1,0,0,0,0,0,0
"11464","1325","Ec_N",192,4,4,"Ec",1,0,0,0,0,0,0
"11465","1325","Ec_N",192,5,5,"Ec",1,0,0,0,0,0,0
"11466","1325","Ec_N",192,6,6,"Ec",2,1,0,0,0,0,0.3072222461044
"11467","1325","Ec_N",192,7,7,"Ec",2,1,0,0,0,0,0.3072222461044
"11468","1325","Ec_N",192,8,8,"Ec",2,1,0,0,0,0,0.3072222461044
"11469","1325","Ec_N",192,9,9,"Ec",2,1,0,0,0,0,0.3072222461044
"11470","1325","Ec_N",192,10,10,"Ec",2,1,0,0,0,0,0.3072222461044
"11471","1325","Ec_N",192,11,11,"Ec",2,1,0,0,0,0,0.3072222461044
"11472","1325","Ec_N",192,12,12,"Ec",2,1,0,0,0,0,0.3072222461044
"11473","1325","Ec_N",192,13,13,"Ec",2,1,0,0,0,0,0.3072222461044
"11474","1325","Ec_N",192,14,14,"Ec",2,1,0,0,0,0,0.3072222461044
"11475","1325","Ec_N",192,15,15,"Ec",10,1,0,0,1,0,0.356246730064637
"11476","1325","Ec_N",192,16,16,"Ec",10,1,0,0,1,0,0.356246730064637
"11477","1325","Ec_N",192,17,17,"Ec",12,1,1,0,1,0,0.776685026312455
"11478","1325","Ec_N",192,18,18,"Ec",12,1,1,0,1,0,0.776685026312455
"11479","1325","Ec_N",192,19,19,"Ec",12,1,1,0,1,0,0.776685026312455
"11480","1325","Ec_N",192,20,20,"Ec",12,1,1,0,1,0,0.776685026312455
"11481","1325","Ec_N",192,21,21,"Ec",12,1,1,0,1,0,0.776685026312455
"11482","1325","Ec_N",192,22,22,"Ec",12,1,1,0,1,0,0.776685026312455
"11483","1325","Ec_N",192,23,23,"Ec",12,1,1,0,1,0,0.776685026312455
"11484","1325","Ec_N",192,24,24,"Ec",12,1,1,0,1,0,0.776685026312455
"11485","1325","Ec_N",192,25,25,"Ec",12,1,1,0,1,0,0.776685026312455
"11486","1325","Ec_N",192,26,26,"Ec",12,1,1,0,1,0,0.776685026312455
"11487","1325","Ec_N",192,27,27,"Ec",12,1,1,0,1,0,0.776685026312455
"11488","1325","Ec_N",192,28,28,"Ec",12,1,1,0,1,0,0.776685026312455
"11489","1325","Ec_N",192,29,29,"Ec",12,1,1,0,1,0,0.776685026312455
"11490","1325","Ec_N",192,30,30,"Ec",12,1,1,0,1,0,0.776685026312455
"11491","1325","Ec_N",192,31,31,"Ec",12,1,1,0,1,0,0.776685026312455
"11492","1325","Ec_N",192,32,32,"Ec",16,1,1,1,1,0,0.93631405476465
"11493","1325","Ec_N",192,33,33,"Ec",16,1,1,1,1,0,0.93631405476465
"11494","1325","Ec_N",192,34,34,"Ec",16,1,1,1,1,0,0.93631405476465
"11495","1325","Ec_N",192,35,35,"Ec",16,1,1,1,1,0,0.93631405476465
"11496","1325","Ec_N",192,36,36,"Ec",16,1,1,1,1,0,0.93631405476465
"11497","1325","Ec_N",192,37,37,"Ec",16,1,1,1,1,0,0.93631405476465
"11498","1325","Ec_N",192,38,38,"Ec",16,1,1,1,1,0,0.93631405476465
"11499","1325","Ec_N",192,39,39,"Ec",16,1,1,1,1,0,0.93631405476465
"11500","1325","Ec_N",192,40,40,"Ec",16,1,1,1,1,0,0.93631405476465
"11501","1325","Ec_N",192,41,41,"Ec",16,1,1,1,1,0,0.93631405476465
"11502","1325","Ec_N",192,42,42,"Ec",16,1,1,1,1,0,0.93631405476465
"11503","1325","Ec_N",192,43,43,"Ec",16,1,1,1,1,0,0.93631405476465
"11504","1325","Ec_N",192,44,44,"Ec",16,1,1,1,1,0,0.93631405476465
"11505","1325","Ec_N",192,45,45,"Ec",16,1,1,1,1,0,0.93631405476465
"11506","1325","Ec_N",192,46,46,"Ec",16,1,1,1,1,0,0.93631405476465
"11507","1325","Ec_N",192,47,47,"Ec",16,1,1,1,1,0,0.93631405476465
"11508","1325","Ec_N",192,48,48,"Ec",16,1,1,1,1,0,0.93631405476465
"11509","1325","Ec_N",192,49,49,"Ec",16,1,1,1,1,0,0.93631405476465
"11510","1325","Ec_N",192,50,50,"Ec",16,1,1,1,1,0,0.93631405476465
"11511","1325","Ec_N",192,51,51,"Ec",16,1,1,1,1,0,0.93631405476465
"11512","1325","Ec_N",192,52,52,"Ec",16,1,1,1,1,0,0.93631405476465
"11513","1325","Ec_N",192,53,53,"Ec",16,1,1,1,1,0,0.93631405476465
"11514","1325","Ec_N",192,54,54,"Ec",16,1,1,1,1,0,0.93631405476465
"11515","1325","Ec_N",192,55,55,"Ec",16,1,1,1,1,0,0.93631405476465
"11516","1325","Ec_N",192,56,56,"Ec",16,1,1,1,1,0,0.93631405476465
"11517","1325","Ec_N",192,57,57,"Ec",16,1,1,1,1,0,0.93631405476465
"11518","1325","Ec_N",192,58,58,"Ec",16,1,1,1,1,0,0.93631405476465
"11519","1325","Ec_N",192,59,59,"Ec",16,1,1,1,1,0,0.93631405476465
"11520","1325","Ec_N",192,60,60,"Ec",16,1,1,1,1,0,0.93631405476465
"11521","1325","Ec_N",193,1,1,"Ec",1,0,0,0,0,0,0
"11522","1325","Ec_N",193,2,2,"Ec",1,0,0,0,0,0,0
"11523","1325","Ec_N",193,3,3,"Ec",5,0,0,1,0,0,0.159629028452195
"11524","1325","Ec_N",193,4,4,"Ec",7,0,1,1,0,0,0.580067324700012
"11525","1325","Ec_N",193,5,5,"Ec",7,0,1,1,0,0,0.580067324700012
"11526","1325","Ec_N",193,6,6,"Ec",7,0,1,1,0,0,0.580067324700012
"11527","1325","Ec_N",193,7,7,"Ec",7,0,1,1,0,0,0.580067324700012
"11528","1325","Ec_N",193,8,8,"Ec",7,0,1,1,0,0,0.580067324700012
"11529","1325","Ec_N",193,9,9,"Ec",7,0,1,1,0,0,0.580067324700012
"11530","1325","Ec_N",193,10,10,"Ec",7,0,1,1,0,0,0.580067324700012
"11531","1325","Ec_N",193,11,11,"Ec",7,0,1,1,0,0,0.580067324700012
"11532","1325","Ec_N",193,12,12,"Ec",15,0,1,1,1,0,0.62909180866025
"11533","1325","Ec_N",193,13,13,"Ec",15,0,1,1,1,0,0.62909180866025
"11534","1325","Ec_N",193,14,14,"Ec",15,0,1,1,1,0,0.62909180866025
"11535","1325","Ec_N",193,15,15,"Ec",15,0,1,1,1,0,0.62909180866025
"11536","1325","Ec_N",193,16,16,"Ec",15,0,1,1,1,0,0.62909180866025
"11537","1325","Ec_N",193,17,17,"Ec",15,0,1,1,1,0,0.62909180866025
"11538","1325","Ec_N",193,18,18,"Ec",15,0,1,1,1,0,0.62909180866025
"11539","1325","Ec_N",193,19,19,"Ec",15,0,1,1,1,0,0.62909180866025
"11540","1325","Ec_N",193,20,20,"Ec",15,0,1,1,1,0,0.62909180866025
"11541","1325","Ec_N",193,21,21,"Ec",15,0,1,1,1,0,0.62909180866025
"11542","1325","Ec_N",193,22,22,"Ec",15,0,1,1,1,0,0.62909180866025
"11543","1325","Ec_N",193,23,23,"Ec",15,0,1,1,1,0,0.62909180866025
"11544","1325","Ec_N",193,24,24,"Ec",31,0,1,1,1,1,0.6927777538956
"11545","1325","Ec_N",193,25,25,"Ec",31,0,1,1,1,1,0.6927777538956
"11546","1325","Ec_N",193,26,26,"Ec",31,0,1,1,1,1,0.6927777538956
"11547","1325","Ec_N",193,27,27,"Ec",31,0,1,1,1,1,0.6927777538956
"11548","1325","Ec_N",193,28,28,"Ec",31,0,1,1,1,1,0.6927777538956
"11549","1325","Ec_N",193,29,29,"Ec",31,0,1,1,1,1,0.6927777538956
"11550","1325","Ec_N",193,30,30,"Ec",31,0,1,1,1,1,0.6927777538956
"11551","1325","Ec_N",193,31,31,"Ec",31,0,1,1,1,1,0.6927777538956
"11552","1325","Ec_N",193,32,32,"Ec",31,0,1,1,1,1,0.6927777538956
"11553","1325","Ec_N",193,33,33,"Ec",31,0,1,1,1,1,0.6927777538956
"11554","1325","Ec_N",193,34,34,"Ec",31,0,1,1,1,1,0.6927777538956
"11555","1325","Ec_N",193,35,35,"Ec",31,0,1,1,1,1,0.6927777538956
"11556","1325","Ec_N",193,36,36,"Ec",31,0,1,1,1,1,0.6927777538956
"11557","1325","Ec_N",193,37,37,"Ec",31,0,1,1,1,1,0.6927777538956
"11558","1325","Ec_N",193,38,38,"Ec",31,0,1,1,1,1,0.6927777538956
"11559","1325","Ec_N",193,39,39,"Ec",31,0,1,1,1,1,0.6927777538956
"11560","1325","Ec_N",193,40,40,"Ec",31,0,1,1,1,1,0.6927777538956
"11561","1325","Ec_N",193,41,41,"Ec",31,0,1,1,1,1,0.6927777538956
"11562","1325","Ec_N",193,42,42,"Ec",31,0,1,1,1,1,0.6927777538956
"11563","1325","Ec_N",193,43,43,"Ec",31,0,1,1,1,1,0.6927777538956
"11564","1325","Ec_N",193,44,44,"Ec",31,0,1,1,1,1,0.6927777538956
"11565","1325","Ec_N",193,45,45,"Ec",31,0,1,1,1,1,0.6927777538956
"11566","1325","Ec_N",193,46,46,"Ec",31,0,1,1,1,1,0.6927777538956
"11567","1325","Ec_N",193,47,47,"Ec",31,0,1,1,1,1,0.6927777538956
"11568","1325","Ec_N",193,48,48,"Ec",32,1,1,1,1,1,1
"11569","1325","Ec_N",193,49,49,"Ec",32,1,1,1,1,1,1
"11570","1325","Ec_N",193,50,50,"Ec",32,1,1,1,1,1,1
"11571","1325","Ec_N",193,51,51,"Ec",32,1,1,1,1,1,1
"11572","1325","Ec_N",193,52,52,"Ec",32,1,1,1,1,1,1
"11573","1325","Ec_N",193,53,53,"Ec",32,1,1,1,1,1,1
"11574","1325","Ec_N",193,54,54,"Ec",32,1,1,1,1,1,1
"11575","1325","Ec_N",193,55,55,"Ec",32,1,1,1,1,1,1
"11576","1325","Ec_N",193,56,56,"Ec",32,1,1,1,1,1,1
"11577","1325","Ec_N",193,57,57,"Ec",32,1,1,1,1,1,1
"11578","1325","Ec_N",193,58,58,"Ec",32,1,1,1,1,1,1
"11579","1325","Ec_N",193,59,59,"Ec",32,1,1,1,1,1,1
"11580","1325","Ec_N",193,60,60,"Ec",32,1,1,1,1,1,1
"11581","1325","Ec_N",194,1,1,"Ec",1,0,0,0,0,0,0
"11582","1325","Ec_N",194,2,2,"Ec",1,0,0,0,0,0,0
"11583","1325","Ec_N",194,3,3,"Ec",1,0,0,0,0,0,0
"11584","1325","Ec_N",194,4,4,"Ec",1,0,0,0,0,0,0
"11585","1325","Ec_N",194,5,5,"Ec",1,0,0,0,0,0,0
"11586","1325","Ec_N",194,6,6,"Ec",3,0,1,0,0,0,0.420438296247818
"11587","1325","Ec_N",194,7,7,"Ec",3,0,1,0,0,0,0.420438296247818
"11588","1325","Ec_N",194,8,8,"Ec",19,0,1,0,0,1,0.484124241483168
"11589","1325","Ec_N",194,9,9,"Ec",19,0,1,0,0,1,0.484124241483168
"11590","1325","Ec_N",194,10,10,"Ec",19,0,1,0,0,1,0.484124241483168
"11591","1325","Ec_N",194,11,11,"Ec",19,0,1,0,0,1,0.484124241483168
"11592","1325","Ec_N",194,12,12,"Ec",19,0,1,0,0,1,0.484124241483168
"11593","1325","Ec_N",194,13,13,"Ec",19,0,1,0,0,1,0.484124241483168
"11594","1325","Ec_N",194,14,14,"Ec",19,0,1,0,0,1,0.484124241483168
"11595","1325","Ec_N",194,15,15,"Ec",19,0,1,0,0,1,0.484124241483168
"11596","1325","Ec_N",194,16,16,"Ec",27,0,1,0,1,1,0.533148725443406
"11597","1325","Ec_N",194,17,17,"Ec",27,0,1,0,1,1,0.533148725443406
"11598","1325","Ec_N",194,18,18,"Ec",27,0,1,0,1,1,0.533148725443406
"11599","1325","Ec_N",194,19,19,"Ec",27,0,1,0,1,1,0.533148725443406
"11600","1325","Ec_N",194,20,20,"Ec",27,0,1,0,1,1,0.533148725443406
"11601","1325","Ec_N",194,21,21,"Ec",27,0,1,0,1,1,0.533148725443406
"11602","1325","Ec_N",194,22,22,"Ec",27,0,1,0,1,1,0.533148725443406
"11603","1325","Ec_N",194,23,23,"Ec",27,0,1,0,1,1,0.533148725443406
"11604","1325","Ec_N",194,24,24,"Ec",27,0,1,0,1,1,0.533148725443406
"11605","1325","Ec_N",194,25,25,"Ec",28,1,1,0,1,1,0.815884725734249
"11606","1325","Ec_N",194,26,26,"Ec",28,1,1,0,1,1,0.815884725734249
"11607","1325","Ec_N",194,27,27,"Ec",28,1,1,0,1,1,0.815884725734249
"11608","1325","Ec_N",194,28,28,"Ec",28,1,1,0,1,1,0.815884725734249
"11609","1325","Ec_N",194,29,29,"Ec",32,1,1,1,1,1,1
"11610","1325","Ec_N",194,30,30,"Ec",32,1,1,1,1,1,1
"11611","1325","Ec_N",194,31,31,"Ec",32,1,1,1,1,1,1
"11612","1325","Ec_N",194,32,32,"Ec",32,1,1,1,1,1,1
"11613","1325","Ec_N",194,33,33,"Ec",32,1,1,1,1,1,1
"11614","1325","Ec_N",194,34,34,"Ec",32,1,1,1,1,1,1
"11615","1325","Ec_N",194,35,35,"Ec",32,1,1,1,1,1,1
"11616","1325","Ec_N",194,36,36,"Ec",32,1,1,1,1,1,1
"11617","1325","Ec_N",194,37,37,"Ec",32,1,1,1,1,1,1
"11618","1325","Ec_N",194,38,38,"Ec",32,1,1,1,1,1,1
"11619","1325","Ec_N",194,39,39,"Ec",32,1,1,1,1,1,1
"11620","1325","Ec_N",194,40,40,"Ec",32,1,1,1,1,1,1
"11621","1325","Ec_N",194,41,41,"Ec",32,1,1,1,1,1,1
"11622","1325","Ec_N",194,42,42,"Ec",32,1,1,1,1,1,1
"11623","1325","Ec_N",194,43,43,"Ec",32,1,1,1,1,1,1
"11624","1325","Ec_N",194,44,44,"Ec",32,1,1,1,1,1,1
"11625","1325","Ec_N",194,45,45,"Ec",32,1,1,1,1,1,1
"11626","1325","Ec_N",194,46,46,"Ec",32,1,1,1,1,1,1
"11627","1325","Ec_N",194,47,47,"Ec",32,1,1,1,1,1,1
"11628","1325","Ec_N",194,48,48,"Ec",32,1,1,1,1,1,1
"11629","1325","Ec_N",194,49,49,"Ec",32,1,1,1,1,1,1
"11630","1325","Ec_N",194,50,50,"Ec",32,1,1,1,1,1,1
"11631","1325","Ec_N",194,51,51,"Ec",32,1,1,1,1,1,1
"11632","1325","Ec_N",194,52,52,"Ec",32,1,1,1,1,1,1
"11633","1325","Ec_N",194,53,53,"Ec",32,1,1,1,1,1,1
"11634","1325","Ec_N",194,54,54,"Ec",32,1,1,1,1,1,1
"11635","1325","Ec_N",194,55,55,"Ec",32,1,1,1,1,1,1
"11636","1325","Ec_N",194,56,56,"Ec",32,1,1,1,1,1,1
"11637","1325","Ec_N",194,57,57,"Ec",32,1,1,1,1,1,1
"11638","1325","Ec_N",194,58,58,"Ec",32,1,1,1,1,1,1
"11639","1325","Ec_N",194,59,59,"Ec",32,1,1,1,1,1,1
"11640","1325","Ec_N",194,60,60,"Ec",32,1,1,1,1,1,1
"11641","1325","Ec_N",195,1,1,"Ec",1,0,0,0,0,0,0
"11642","1325","Ec_N",195,2,2,"Ec",1,0,0,0,0,0,0
"11643","1325","Ec_N",195,3,3,"Ec",1,0,0,0,0,0,0
"11644","1325","Ec_N",195,4,4,"Ec",1,0,0,0,0,0,0
"11645","1325","Ec_N",195,5,5,"Ec",1,0,0,0,0,0,0
"11646","1325","Ec_N",195,6,6,"Ec",1,0,0,0,0,0,0
"11647","1325","Ec_N",195,7,7,"Ec",1,0,0,0,0,0,0
"11648","1325","Ec_N",195,8,8,"Ec",9,0,0,0,1,0,0.0490244839602376
"11649","1325","Ec_N",195,9,9,"Ec",9,0,0,0,1,0,0.0490244839602376
"11650","1325","Ec_N",195,10,10,"Ec",9,0,0,0,1,0,0.0490244839602376
"11651","1325","Ec_N",195,11,11,"Ec",9,0,0,0,1,0,0.0490244839602376
"11652","1325","Ec_N",195,12,12,"Ec",9,0,0,0,1,0,0.0490244839602376
"11653","1325","Ec_N",195,13,13,"Ec",11,0,1,0,1,0,0.503461616060769
"11654","1325","Ec_N",195,14,14,"Ec",11,0,1,0,1,0,0.503461616060769
"11655","1325","Ec_N",195,15,15,"Ec",11,0,1,0,1,0,0.503461616060769
"11656","1325","Ec_N",195,16,16,"Ec",11,0,1,0,1,0,0.503461616060769
"11657","1325","Ec_N",195,17,17,"Ec",11,0,1,0,1,0,0.503461616060769
"11658","1325","Ec_N",195,18,18,"Ec",11,0,1,0,1,0,0.503461616060769
"11659","1325","Ec_N",195,19,19,"Ec",11,0,1,0,1,0,0.503461616060769
"11660","1325","Ec_N",195,20,20,"Ec",11,0,1,0,1,0,0.503461616060769
"11661","1325","Ec_N",195,21,21,"Ec",11,0,1,0,1,0,0.503461616060769
"11662","1325","Ec_N",195,22,22,"Ec",11,0,1,0,1,0,0.503461616060769
"11663","1325","Ec_N",195,23,23,"Ec",27,0,1,0,1,1,0.533148725443406
"11664","1325","Ec_N",195,24,24,"Ec",27,0,1,0,1,1,0.533148725443406
"11665","1325","Ec_N",195,25,25,"Ec",27,0,1,0,1,1,0.533148725443406
"11666","1325","Ec_N",195,26,26,"Ec",27,0,1,0,1,1,0.533148725443406
"11667","1325","Ec_N",195,27,27,"Ec",27,0,1,0,1,1,0.533148725443406
"11668","1325","Ec_N",195,28,28,"Ec",27,0,1,0,1,1,0.533148725443406
"11669","1325","Ec_N",195,29,29,"Ec",27,0,1,0,1,1,0.533148725443406
"11670","1325","Ec_N",195,30,30,"Ec",27,0,1,0,1,1,0.533148725443406
"11671","1325","Ec_N",195,31,31,"Ec",27,0,1,0,1,1,0.533148725443406
"11672","1325","Ec_N",195,32,32,"Ec",27,0,1,0,1,1,0.533148725443406
"11673","1325","Ec_N",195,33,33,"Ec",27,0,1,0,1,1,0.533148725443406
"11674","1325","Ec_N",195,34,34,"Ec",27,0,1,0,1,1,0.533148725443406
"11675","1325","Ec_N",195,35,35,"Ec",27,0,1,0,1,1,0.533148725443406
"11676","1325","Ec_N",195,36,36,"Ec",27,0,1,0,1,1,0.533148725443406
"11677","1325","Ec_N",195,37,37,"Ec",27,0,1,0,1,1,0.533148725443406
"11678","1325","Ec_N",195,38,38,"Ec",27,0,1,0,1,1,0.533148725443406
"11679","1325","Ec_N",195,39,39,"Ec",27,0,1,0,1,1,0.533148725443406
"11680","1325","Ec_N",195,40,40,"Ec",27,0,1,0,1,1,0.533148725443406
"11681","1325","Ec_N",195,41,41,"Ec",27,0,1,0,1,1,0.533148725443406
"11682","1325","Ec_N",195,42,42,"Ec",27,0,1,0,1,1,0.533148725443406
"11683","1325","Ec_N",195,43,43,"Ec",27,0,1,0,1,1,0.533148725443406
"11684","1325","Ec_N",195,44,44,"Ec",27,0,1,0,1,1,0.533148725443406
"11685","1325","Ec_N",195,45,45,"Ec",27,0,1,0,1,1,0.533148725443406
"11686","1325","Ec_N",195,46,46,"Ec",27,0,1,0,1,1,0.533148725443406
"11687","1325","Ec_N",195,47,47,"Ec",27,0,1,0,1,1,0.533148725443406
"11688","1325","Ec_N",195,48,48,"Ec",27,0,1,0,1,1,0.533148725443406
"11689","1325","Ec_N",195,49,49,"Ec",27,0,1,0,1,1,0.533148725443406
"11690","1325","Ec_N",195,50,50,"Ec",27,0,1,0,1,1,0.533148725443406
"11691","1325","Ec_N",195,51,51,"Ec",27,0,1,0,1,1,0.533148725443406
"11692","1325","Ec_N",195,52,52,"Ec",27,0,1,0,1,1,0.533148725443406
"11693","1325","Ec_N",195,53,53,"Ec",31,0,1,1,1,1,0.6927777538956
"11694","1325","Ec_N",195,54,54,"Ec",31,0,1,1,1,1,0.6927777538956
"11695","1325","Ec_N",195,55,55,"Ec",31,0,1,1,1,1,0.6927777538956
"11696","1325","Ec_N",195,56,56,"Ec",31,0,1,1,1,1,0.6927777538956
"11697","1325","Ec_N",195,57,57,"Ec",31,0,1,1,1,1,0.6927777538956
"11698","1325","Ec_N",195,58,58,"Ec",31,0,1,1,1,1,0.6927777538956
"11699","1325","Ec_N",195,59,59,"Ec",31,0,1,1,1,1,0.6927777538956
"11700","1325","Ec_N",195,60,60,"Ec",31,0,1,1,1,1,0.6927777538956
"11701","1325","Ec_N",196,1,1,"Ec",1,0,0,0,0,0,0
"11702","1325","Ec_N",196,2,2,"Ec",1,0,0,0,0,0,0
"11703","1325","Ec_N",196,3,3,"Ec",1,0,0,0,0,0,0
"11704","1325","Ec_N",196,4,4,"Ec",1,0,0,0,0,0,0
"11705","1325","Ec_N",196,5,5,"Ec",1,0,0,0,0,0,0
"11706","1325","Ec_N",196,6,6,"Ec",1,0,0,0,0,0,0
"11707","1325","Ec_N",196,7,7,"Ec",9,0,0,0,1,0,0.0490244839602376
"11708","1325","Ec_N",196,8,8,"Ec",9,0,0,0,1,0,0.0490244839602376
"11709","1325","Ec_N",196,9,9,"Ec",9,0,0,0,1,0,0.0490244839602376
"11710","1325","Ec_N",196,10,10,"Ec",9,0,0,0,1,0,0.0490244839602376
"11711","1325","Ec_N",196,11,11,"Ec",9,0,0,0,1,0,0.0490244839602376
"11712","1325","Ec_N",196,12,12,"Ec",9,0,0,0,1,0,0.0490244839602376
"11713","1325","Ec_N",196,13,13,"Ec",13,0,0,1,1,0,0.208653512412432
"11714","1325","Ec_N",196,14,14,"Ec",13,0,0,1,1,0,0.208653512412432
"11715","1325","Ec_N",196,15,15,"Ec",13,0,0,1,1,0,0.208653512412432
"11716","1325","Ec_N",196,16,16,"Ec",13,0,0,1,1,0,0.208653512412432
"11717","1325","Ec_N",196,17,17,"Ec",13,0,0,1,1,0,0.208653512412432
"11718","1325","Ec_N",196,18,18,"Ec",29,0,0,1,1,1,0.272339457647783
"11719","1325","Ec_N",196,19,19,"Ec",29,0,0,1,1,1,0.272339457647783
"11720","1325","Ec_N",196,20,20,"Ec",29,0,0,1,1,1,0.272339457647783
"11721","1325","Ec_N",196,21,21,"Ec",29,0,0,1,1,1,0.272339457647783
"11722","1325","Ec_N",196,22,22,"Ec",29,0,0,1,1,1,0.272339457647783
"11723","1325","Ec_N",196,23,23,"Ec",31,0,1,1,1,1,0.6927777538956
"11724","1325","Ec_N",196,24,24,"Ec",31,0,1,1,1,1,0.6927777538956
"11725","1325","Ec_N",196,25,25,"Ec",31,0,1,1,1,1,0.6927777538956
"11726","1325","Ec_N",196,26,26,"Ec",31,0,1,1,1,1,0.6927777538956
"11727","1325","Ec_N",196,27,27,"Ec",32,1,1,1,1,1,1
"11728","1325","Ec_N",196,28,28,"Ec",32,1,1,1,1,1,1
"11729","1325","Ec_N",196,29,29,"Ec",32,1,1,1,1,1,1
"11730","1325","Ec_N",196,30,30,"Ec",32,1,1,1,1,1,1
"11731","1325","Ec_N",196,31,31,"Ec",32,1,1,1,1,1,1
"11732","1325","Ec_N",196,32,32,"Ec",32,1,1,1,1,1,1
"11733","1325","Ec_N",196,33,33,"Ec",32,1,1,1,1,1,1
"11734","1325","Ec_N",196,34,34,"Ec",32,1,1,1,1,1,1
"11735","1325","Ec_N",196,35,35,"Ec",32,1,1,1,1,1,1
"11736","1325","Ec_N",196,36,36,"Ec",32,1,1,1,1,1,1
"11737","1325","Ec_N",196,37,37,"Ec",32,1,1,1,1,1,1
"11738","1325","Ec_N",196,38,38,"Ec",32,1,1,1,1,1,1
"11739","1325","Ec_N",196,39,39,"Ec",32,1,1,1,1,1,1
"11740","1325","Ec_N",196,40,40,"Ec",32,1,1,1,1,1,1
"11741","1325","Ec_N",196,41,41,"Ec",32,1,1,1,1,1,1
"11742","1325","Ec_N",196,42,42,"Ec",32,1,1,1,1,1,1
"11743","1325","Ec_N",196,43,43,"Ec",32,1,1,1,1,1,1
"11744","1325","Ec_N",196,44,44,"Ec",32,1,1,1,1,1,1
"11745","1325","Ec_N",196,45,45,"Ec",32,1,1,1,1,1,1
"11746","1325","Ec_N",196,46,46,"Ec",32,1,1,1,1,1,1
"11747","1325","Ec_N",196,47,47,"Ec",32,1,1,1,1,1,1
"11748","1325","Ec_N",196,48,48,"Ec",32,1,1,1,1,1,1
"11749","1325","Ec_N",196,49,49,"Ec",32,1,1,1,1,1,1
"11750","1325","Ec_N",196,50,50,"Ec",32,1,1,1,1,1,1
"11751","1325","Ec_N",196,51,51,"Ec",32,1,1,1,1,1,1
"11752","1325","Ec_N",196,52,52,"Ec",32,1,1,1,1,1,1
"11753","1325","Ec_N",196,53,53,"Ec",32,1,1,1,1,1,1
"11754","1325","Ec_N",196,54,54,"Ec",32,1,1,1,1,1,1
"11755","1325","Ec_N",196,55,55,"Ec",32,1,1,1,1,1,1
"11756","1325","Ec_N",196,56,56,"Ec",32,1,1,1,1,1,1
"11757","1325","Ec_N",196,57,57,"Ec",32,1,1,1,1,1,1
"11758","1325","Ec_N",196,58,58,"Ec",32,1,1,1,1,1,1
"11759","1325","Ec_N",196,59,59,"Ec",32,1,1,1,1,1,1
"11760","1325","Ec_N",196,60,60,"Ec",32,1,1,1,1,1,1
"11761","1325","Ec_N",197,1,1,"Ec",1,0,0,0,0,0,0
"11762","1325","Ec_N",197,2,2,"Ec",1,0,0,0,0,0,0
"11763","1325","Ec_N",197,3,3,"Ec",1,0,0,0,0,0,0
"11764","1325","Ec_N",197,4,4,"Ec",1,0,0,0,0,0,0
"11765","1325","Ec_N",197,5,5,"Ec",2,1,0,0,0,0,0.3072222461044
"11766","1325","Ec_N",197,6,6,"Ec",2,1,0,0,0,0,0.3072222461044
"11767","1325","Ec_N",197,7,7,"Ec",2,1,0,0,0,0,0.3072222461044
"11768","1325","Ec_N",197,8,8,"Ec",2,1,0,0,0,0,0.3072222461044
"11769","1325","Ec_N",197,9,9,"Ec",18,1,0,0,0,1,0.37090819133975
"11770","1325","Ec_N",197,10,10,"Ec",18,1,0,0,0,1,0.37090819133975
"11771","1325","Ec_N",197,11,11,"Ec",18,1,0,0,0,1,0.37090819133975
"11772","1325","Ec_N",197,12,12,"Ec",18,1,0,0,0,1,0.37090819133975
"11773","1325","Ec_N",197,13,13,"Ec",18,1,0,0,0,1,0.37090819133975
"11774","1325","Ec_N",197,14,14,"Ec",18,1,0,0,0,1,0.37090819133975
"11775","1325","Ec_N",197,15,15,"Ec",18,1,0,0,0,1,0.37090819133975
"11776","1325","Ec_N",197,16,16,"Ec",18,1,0,0,0,1,0.37090819133975
"11777","1325","Ec_N",197,17,17,"Ec",18,1,0,0,0,1,0.37090819133975
"11778","1325","Ec_N",197,18,18,"Ec",18,1,0,0,0,1,0.37090819133975
"11779","1325","Ec_N",197,19,19,"Ec",18,1,0,0,0,1,0.37090819133975
"11780","1325","Ec_N",197,20,20,"Ec",18,1,0,0,0,1,0.37090819133975
"11781","1325","Ec_N",197,21,21,"Ec",18,1,0,0,0,1,0.37090819133975
"11782","1325","Ec_N",197,22,22,"Ec",18,1,0,0,0,1,0.37090819133975
"11783","1325","Ec_N",197,23,23,"Ec",18,1,0,0,0,1,0.37090819133975
"11784","1325","Ec_N",197,24,24,"Ec",18,1,0,0,0,1,0.37090819133975
"11785","1325","Ec_N",197,25,25,"Ec",18,1,0,0,0,1,0.37090819133975
"11786","1325","Ec_N",197,26,26,"Ec",18,1,0,0,0,1,0.37090819133975
"11787","1325","Ec_N",197,27,27,"Ec",18,1,0,0,0,1,0.37090819133975
"11788","1325","Ec_N",197,28,28,"Ec",18,1,0,0,0,1,0.37090819133975
"11789","1325","Ec_N",197,29,29,"Ec",18,1,0,0,0,1,0.37090819133975
"11790","1325","Ec_N",197,30,30,"Ec",18,1,0,0,0,1,0.37090819133975
"11791","1325","Ec_N",197,31,31,"Ec",18,1,0,0,0,1,0.37090819133975
"11792","1325","Ec_N",197,32,32,"Ec",22,1,0,1,0,1,0.530537219791945
"11793","1325","Ec_N",197,33,33,"Ec",30,1,0,1,1,1,0.579561703752182
"11794","1325","Ec_N",197,34,34,"Ec",32,1,1,1,1,1,1
"11795","1325","Ec_N",197,35,35,"Ec",32,1,1,1,1,1,1
"11796","1325","Ec_N",197,36,36,"Ec",32,1,1,1,1,1,1
"11797","1325","Ec_N",197,37,37,"Ec",32,1,1,1,1,1,1
"11798","1325","Ec_N",197,38,38,"Ec",32,1,1,1,1,1,1
"11799","1325","Ec_N",197,39,39,"Ec",32,1,1,1,1,1,1
"11800","1325","Ec_N",197,40,40,"Ec",32,1,1,1,1,1,1
"11801","1325","Ec_N",197,41,41,"Ec",32,1,1,1,1,1,1
"11802","1325","Ec_N",197,42,42,"Ec",32,1,1,1,1,1,1
"11803","1325","Ec_N",197,43,43,"Ec",32,1,1,1,1,1,1
"11804","1325","Ec_N",197,44,44,"Ec",32,1,1,1,1,1,1
"11805","1325","Ec_N",197,45,45,"Ec",32,1,1,1,1,1,1
"11806","1325","Ec_N",197,46,46,"Ec",32,1,1,1,1,1,1
"11807","1325","Ec_N",197,47,47,"Ec",32,1,1,1,1,1,1
"11808","1325","Ec_N",197,48,48,"Ec",32,1,1,1,1,1,1
"11809","1325","Ec_N",197,49,49,"Ec",32,1,1,1,1,1,1
"11810","1325","Ec_N",197,50,50,"Ec",32,1,1,1,1,1,1
"11811","1325","Ec_N",197,51,51,"Ec",32,1,1,1,1,1,1
"11812","1325","Ec_N",197,52,52,"Ec",32,1,1,1,1,1,1
"11813","1325","Ec_N",197,53,53,"Ec",32,1,1,1,1,1,1
"11814","1325","Ec_N",197,54,54,"Ec",32,1,1,1,1,1,1
"11815","1325","Ec_N",197,55,55,"Ec",32,1,1,1,1,1,1
"11816","1325","Ec_N",197,56,56,"Ec",32,1,1,1,1,1,1
"11817","1325","Ec_N",197,57,57,"Ec",32,1,1,1,1,1,1
"11818","1325","Ec_N",197,58,58,"Ec",32,1,1,1,1,1,1
"11819","1325","Ec_N",197,59,59,"Ec",32,1,1,1,1,1,1
"11820","1325","Ec_N",197,60,60,"Ec",32,1,1,1,1,1,1
"11821","1325","Ec_N",198,1,1,"Ec",1,0,0,0,0,0,0
"11822","1325","Ec_N",198,2,2,"Ec",5,0,0,1,0,0,0.159629028452195
"11823","1325","Ec_N",198,3,3,"Ec",5,0,0,1,0,0,0.159629028452195
"11824","1325","Ec_N",198,4,4,"Ec",21,0,0,1,0,1,0.223314973687545
"11825","1325","Ec_N",198,5,5,"Ec",29,0,0,1,1,1,0.272339457647783
"11826","1325","Ec_N",198,6,6,"Ec",29,0,0,1,1,1,0.272339457647783
"11827","1325","Ec_N",198,7,7,"Ec",29,0,0,1,1,1,0.272339457647783
"11828","1325","Ec_N",198,8,8,"Ec",29,0,0,1,1,1,0.272339457647783
"11829","1325","Ec_N",198,9,9,"Ec",29,0,0,1,1,1,0.272339457647783
"11830","1325","Ec_N",198,10,10,"Ec",29,0,0,1,1,1,0.272339457647783
"11831","1325","Ec_N",198,11,11,"Ec",29,0,0,1,1,1,0.272339457647783
"11832","1325","Ec_N",198,12,12,"Ec",29,0,0,1,1,1,0.272339457647783
"11833","1325","Ec_N",198,13,13,"Ec",29,0,0,1,1,1,0.272339457647783
"11834","1325","Ec_N",198,14,14,"Ec",29,0,0,1,1,1,0.272339457647783
"11835","1325","Ec_N",198,15,15,"Ec",29,0,0,1,1,1,0.272339457647783
"11836","1325","Ec_N",198,16,16,"Ec",31,0,1,1,1,1,0.6927777538956
"11837","1325","Ec_N",198,17,17,"Ec",31,0,1,1,1,1,0.6927777538956
"11838","1325","Ec_N",198,18,18,"Ec",31,0,1,1,1,1,0.6927777538956
"11839","1325","Ec_N",198,19,19,"Ec",31,0,1,1,1,1,0.6927777538956
"11840","1325","Ec_N",198,20,20,"Ec",31,0,1,1,1,1,0.6927777538956
"11841","1325","Ec_N",198,21,21,"Ec",31,0,1,1,1,1,0.6927777538956
"11842","1325","Ec_N",198,22,22,"Ec",31,0,1,1,1,1,0.6927777538956
"11843","1325","Ec_N",198,23,23,"Ec",31,0,1,1,1,1,0.6927777538956
"11844","1325","Ec_N",198,24,24,"Ec",31,0,1,1,1,1,0.6927777538956
"11845","1325","Ec_N",198,25,25,"Ec",32,1,1,1,1,1,1
"11846","1325","Ec_N",198,26,26,"Ec",32,1,1,1,1,1,1
"11847","1325","Ec_N",198,27,27,"Ec",32,1,1,1,1,1,1
"11848","1325","Ec_N",198,28,28,"Ec",32,1,1,1,1,1,1
"11849","1325","Ec_N",198,29,29,"Ec",32,1,1,1,1,1,1
"11850","1325","Ec_N",198,30,30,"Ec",32,1,1,1,1,1,1
"11851","1325","Ec_N",198,31,31,"Ec",32,1,1,1,1,1,1
"11852","1325","Ec_N",198,32,32,"Ec",32,1,1,1,1,1,1
"11853","1325","Ec_N",198,33,33,"Ec",32,1,1,1,1,1,1
"11854","1325","Ec_N",198,34,34,"Ec",32,1,1,1,1,1,1
"11855","1325","Ec_N",198,35,35,"Ec",32,1,1,1,1,1,1
"11856","1325","Ec_N",198,36,36,"Ec",32,1,1,1,1,1,1
"11857","1325","Ec_N",198,37,37,"Ec",32,1,1,1,1,1,1
"11858","1325","Ec_N",198,38,38,"Ec",32,1,1,1,1,1,1
"11859","1325","Ec_N",198,39,39,"Ec",32,1,1,1,1,1,1
"11860","1325","Ec_N",198,40,40,"Ec",32,1,1,1,1,1,1
"11861","1325","Ec_N",198,41,41,"Ec",32,1,1,1,1,1,1
"11862","1325","Ec_N",198,42,42,"Ec",32,1,1,1,1,1,1
"11863","1325","Ec_N",198,43,43,"Ec",32,1,1,1,1,1,1
"11864","1325","Ec_N",198,44,44,"Ec",32,1,1,1,1,1,1
"11865","1325","Ec_N",198,45,45,"Ec",32,1,1,1,1,1,1
"11866","1325","Ec_N",198,46,46,"Ec",32,1,1,1,1,1,1
"11867","1325","Ec_N",198,47,47,"Ec",32,1,1,1,1,1,1
"11868","1325","Ec_N",198,48,48,"Ec",32,1,1,1,1,1,1
"11869","1325","Ec_N",198,49,49,"Ec",32,1,1,1,1,1,1
"11870","1325","Ec_N",198,50,50,"Ec",32,1,1,1,1,1,1
"11871","1325","Ec_N",198,51,51,"Ec",32,1,1,1,1,1,1
"11872","1325","Ec_N",198,52,52,"Ec",32,1,1,1,1,1,1
"11873","1325","Ec_N",198,53,53,"Ec",32,1,1,1,1,1,1
"11874","1325","Ec_N",198,54,54,"Ec",32,1,1,1,1,1,1
"11875","1325","Ec_N",198,55,55,"Ec",32,1,1,1,1,1,1
"11876","1325","Ec_N",198,56,56,"Ec",32,1,1,1,1,1,1
"11877","1325","Ec_N",198,57,57,"Ec",32,1,1,1,1,1,1
"11878","1325","Ec_N",198,58,58,"Ec",32,1,1,1,1,1,1
"11879","1325","Ec_N",198,59,59,"Ec",32,1,1,1,1,1,1
"11880","1325","Ec_N",198,60,60,"Ec",32,1,1,1,1,1,1
"11881","1325","Ec_N",199,1,1,"Ec",1,0,0,0,0,0,0
"11882","1325","Ec_N",199,2,2,"Ec",1,0,0,0,0,0,0
"11883","1325","Ec_N",199,3,3,"Ec",17,0,0,0,0,1,0.0636859452353503
"11884","1325","Ec_N",199,4,4,"Ec",17,0,0,0,0,1,0.0636859452353503
"11885","1325","Ec_N",199,5,5,"Ec",17,0,0,0,0,1,0.0636859452353503
"11886","1325","Ec_N",199,6,6,"Ec",19,0,1,0,0,1,0.484124241483168
"11887","1325","Ec_N",199,7,7,"Ec",19,0,1,0,0,1,0.484124241483168
"11888","1325","Ec_N",199,8,8,"Ec",19,0,1,0,0,1,0.484124241483168
"11889","1325","Ec_N",199,9,9,"Ec",19,0,1,0,0,1,0.484124241483168
"11890","1325","Ec_N",199,10,10,"Ec",19,0,1,0,0,1,0.484124241483168
"11891","1325","Ec_N",199,11,11,"Ec",19,0,1,0,0,1,0.484124241483168
"11892","1325","Ec_N",199,12,12,"Ec",19,0,1,0,0,1,0.484124241483168
"11893","1325","Ec_N",199,13,13,"Ec",19,0,1,0,0,1,0.484124241483168
"11894","1325","Ec_N",199,14,14,"Ec",19,0,1,0,0,1,0.484124241483168
"11895","1325","Ec_N",199,15,15,"Ec",19,0,1,0,0,1,0.484124241483168
"11896","1325","Ec_N",199,16,16,"Ec",19,0,1,0,0,1,0.484124241483168
"11897","1325","Ec_N",199,17,17,"Ec",19,0,1,0,0,1,0.484124241483168
"11898","1325","Ec_N",199,18,18,"Ec",27,0,1,0,1,1,0.533148725443406
"11899","1325","Ec_N",199,19,19,"Ec",27,0,1,0,1,1,0.533148725443406
"11900","1325","Ec_N",199,20,20,"Ec",31,0,1,1,1,1,0.6927777538956
"11901","1325","Ec_N",199,21,21,"Ec",32,1,1,1,1,1,1
"11902","1325","Ec_N",199,22,22,"Ec",32,1,1,1,1,1,1
"11903","1325","Ec_N",199,23,23,"Ec",32,1,1,1,1,1,1
"11904","1325","Ec_N",199,24,24,"Ec",32,1,1,1,1,1,1
"11905","1325","Ec_N",199,25,25,"Ec",32,1,1,1,1,1,1
"11906","1325","Ec_N",199,26,26,"Ec",32,1,1,1,1,1,1
"11907","1325","Ec_N",199,27,27,"Ec",32,1,1,1,1,1,1
"11908","1325","Ec_N",199,28,28,"Ec",32,1,1,1,1,1,1
"11909","1325","Ec_N",199,29,29,"Ec",32,1,1,1,1,1,1
"11910","1325","Ec_N",199,30,30,"Ec",32,1,1,1,1,1,1
"11911","1325","Ec_N",199,31,31,"Ec",32,1,1,1,1,1,1
"11912","1325","Ec_N",199,32,32,"Ec",32,1,1,1,1,1,1
"11913","1325","Ec_N",199,33,33,"Ec",32,1,1,1,1,1,1
"11914","1325","Ec_N",199,34,34,"Ec",32,1,1,1,1,1,1
"11915","1325","Ec_N",199,35,35,"Ec",32,1,1,1,1,1,1
"11916","1325","Ec_N",199,36,36,"Ec",32,1,1,1,1,1,1
"11917","1325","Ec_N",199,37,37,"Ec",32,1,1,1,1,1,1
"11918","1325","Ec_N",199,38,38,"Ec",32,1,1,1,1,1,1
"11919","1325","Ec_N",199,39,39,"Ec",32,1,1,1,1,1,1
"11920","1325","Ec_N",199,40,40,"Ec",32,1,1,1,1,1,1
"11921","1325","Ec_N",199,41,41,"Ec",32,1,1,1,1,1,1
"11922","1325","Ec_N",199,42,42,"Ec",32,1,1,1,1,1,1
"11923","1325","Ec_N",199,43,43,"Ec",32,1,1,1,1,1,1
"11924","1325","Ec_N",199,44,44,"Ec",32,1,1,1,1,1,1
"11925","1325","Ec_N",199,45,45,"Ec",32,1,1,1,1,1,1
"11926","1325","Ec_N",199,46,46,"Ec",32,1,1,1,1,1,1
"11927","1325","Ec_N",199,47,47,"Ec",32,1,1,1,1,1,1
"11928","1325","Ec_N",199,48,48,"Ec",32,1,1,1,1,1,1
"11929","1325","Ec_N",199,49,49,"Ec",32,1,1,1,1,1,1
"11930","1325","Ec_N",199,50,50,"Ec",32,1,1,1,1,1,1
"11931","1325","Ec_N",199,51,51,"Ec",32,1,1,1,1,1,1
"11932","1325","Ec_N",199,52,52,"Ec",32,1,1,1,1,1,1
"11933","1325","Ec_N",199,53,53,"Ec",32,1,1,1,1,1,1
"11934","1325","Ec_N",199,54,54,"Ec",32,1,1,1,1,1,1
"11935","1325","Ec_N",199,55,55,"Ec",32,1,1,1,1,1,1
"11936","1325","Ec_N",199,56,56,"Ec",32,1,1,1,1,1,1
"11937","1325","Ec_N",199,57,57,"Ec",32,1,1,1,1,1,1
"11938","1325","Ec_N",199,58,58,"Ec",32,1,1,1,1,1,1
"11939","1325","Ec_N",199,59,59,"Ec",32,1,1,1,1,1,1
"11940","1325","Ec_N",199,60,60,"Ec",32,1,1,1,1,1,1
"11941","1325","Ec_N",200,1,1,"Ec",1,0,0,0,0,0,0
"11942","1325","Ec_N",200,2,2,"Ec",1,0,0,0,0,0,0
"11943","1325","Ec_N",200,3,3,"Ec",1,0,0,0,0,0,0
"11944","1325","Ec_N",200,4,4,"Ec",1,0,0,0,0,0,0
"11945","1325","Ec_N",200,5,5,"Ec",2,1,0,0,0,0,0.3072222461044
"11946","1325","Ec_N",200,6,6,"Ec",18,1,0,0,0,1,0.37090819133975
"11947","1325","Ec_N",200,7,7,"Ec",18,1,0,0,0,1,0.37090819133975
"11948","1325","Ec_N",200,8,8,"Ec",18,1,0,0,0,1,0.37090819133975
"11949","1325","Ec_N",200,9,9,"Ec",18,1,0,0,0,1,0.37090819133975
"11950","1325","Ec_N",200,10,10,"Ec",18,1,0,0,0,1,0.37090819133975
"11951","1325","Ec_N",200,11,11,"Ec",18,1,0,0,0,1,0.37090819133975
"11952","1325","Ec_N",200,12,12,"Ec",18,1,0,0,0,1,0.37090819133975
"11953","1325","Ec_N",200,13,13,"Ec",18,1,0,0,0,1,0.37090819133975
"11954","1325","Ec_N",200,14,14,"Ec",18,1,0,0,0,1,0.37090819133975
"11955","1325","Ec_N",200,15,15,"Ec",18,1,0,0,0,1,0.37090819133975
"11956","1325","Ec_N",200,16,16,"Ec",18,1,0,0,0,1,0.37090819133975
"11957","1325","Ec_N",200,17,17,"Ec",18,1,0,0,0,1,0.37090819133975
"11958","1325","Ec_N",200,18,18,"Ec",18,1,0,0,0,1,0.37090819133975
"11959","1325","Ec_N",200,19,19,"Ec",18,1,0,0,0,1,0.37090819133975
"11960","1325","Ec_N",200,20,20,"Ec",18,1,0,0,0,1,0.37090819133975
"11961","1325","Ec_N",200,21,21,"Ec",18,1,0,0,0,1,0.37090819133975
"11962","1325","Ec_N",200,22,22,"Ec",18,1,0,0,0,1,0.37090819133975
"11963","1325","Ec_N",200,23,23,"Ec",18,1,0,0,0,1,0.37090819133975
"11964","1325","Ec_N",200,24,24,"Ec",22,1,0,1,0,1,0.530537219791945
"11965","1325","Ec_N",200,25,25,"Ec",22,1,0,1,0,1,0.530537219791945
"11966","1325","Ec_N",200,26,26,"Ec",22,1,0,1,0,1,0.530537219791945
"11967","1325","Ec_N",200,27,27,"Ec",22,1,0,1,0,1,0.530537219791945
"11968","1325","Ec_N",200,28,28,"Ec",30,1,0,1,1,1,0.579561703752182
"11969","1325","Ec_N",200,29,29,"Ec",30,1,0,1,1,1,0.579561703752182
"11970","1325","Ec_N",200,30,30,"Ec",30,1,0,1,1,1,0.579561703752182
"11971","1325","Ec_N",200,31,31,"Ec",30,1,0,1,1,1,0.579561703752182
"11972","1325","Ec_N",200,32,32,"Ec",30,1,0,1,1,1,0.579561703752182
"11973","1325","Ec_N",200,33,33,"Ec",30,1,0,1,1,1,0.579561703752182
"11974","1325","Ec_N",200,34,34,"Ec",30,1,0,1,1,1,0.579561703752182
"11975","1325","Ec_N",200,35,35,"Ec",32,1,1,1,1,1,1
"11976","1325","Ec_N",200,36,36,"Ec",32,1,1,1,1,1,1
"11977","1325","Ec_N",200,37,37,"Ec",32,1,1,1,1,1,1
"11978","1325","Ec_N",200,38,38,"Ec",32,1,1,1,1,1,1
"11979","1325","Ec_N",200,39,39,"Ec",32,1,1,1,1,1,1
"11980","1325","Ec_N",200,40,40,"Ec",32,1,1,1,1,1,1
"11981","1325","Ec_N",200,41,41,"Ec",32,1,1,1,1,1,1
"11982","1325","Ec_N",200,42,42,"Ec",32,1,1,1,1,1,1
"11983","1325","Ec_N",200,43,43,"Ec",32,1,1,1,1,1,1
"11984","1325","Ec_N",200,44,44,"Ec",32,1,1,1,1,1,1
"11985","1325","Ec_N",200,45,45,"Ec",32,1,1,1,1,1,1
"11986","1325","Ec_N",200,46,46,"Ec",32,1,1,1,1,1,1
"11987","1325","Ec_N",200,47,47,"Ec",32,1,1,1,1,1,1
"11988","1325","Ec_N",200,48,48,"Ec",32,1,1,1,1,1,1
"11989","1325","Ec_N",200,49,49,"Ec",32,1,1,1,1,1,1
"11990","1325","Ec_N",200,50,50,"Ec",32,1,1,1,1,1,1
"11991","1325","Ec_N",200,51,51,"Ec",32,1,1,1,1,1,1
"11992","1325","Ec_N",200,52,52,"Ec",32,1,1,1,1,1,1
"11993","1325","Ec_N",200,53,53,"Ec",32,1,1,1,1,1,1
"11994","1325","Ec_N",200,54,54,"Ec",32,1,1,1,1,1,1
"11995","1325","Ec_N",200,55,55,"Ec",32,1,1,1,1,1,1
"11996","1325","Ec_N",200,56,56,"Ec",32,1,1,1,1,1,1
"11997","1325","Ec_N",200,57,57,"Ec",32,1,1,1,1,1,1
"11998","1325","Ec_N",200,58,58,"Ec",32,1,1,1,1,1,1
"11999","1325","Ec_N",200,59,59,"Ec",32,1,1,1,1,1,1
"12000","1325","Ec_N",200,60,60,"Ec",32,1,1,1,1,1,1
"12001","1325","Ec_N",201,1,1,"Ec",1,0,0,0,0,0,0
"12002","1325","Ec_N",201,2,2,"Ec",1,0,0,0,0,0,0
"12003","1325","Ec_N",201,3,3,"Ec",1,0,0,0,0,0,0
"12004","1325","Ec_N",201,4,4,"Ec",1,0,0,0,0,0,0
"12005","1325","Ec_N",201,5,5,"Ec",1,0,0,0,0,0,0
"12006","1325","Ec_N",201,6,6,"Ec",1,0,0,0,0,0,0
"12007","1325","Ec_N",201,7,7,"Ec",1,0,0,0,0,0,0
"12008","1325","Ec_N",201,8,8,"Ec",5,0,0,1,0,0,0.159629028452195
"12009","1325","Ec_N",201,9,9,"Ec",5,0,0,1,0,0,0.159629028452195
"12010","1325","Ec_N",201,10,10,"Ec",6,1,0,1,0,0,0.466851274556594
"12011","1325","Ec_N",201,11,11,"Ec",6,1,0,1,0,0,0.466851274556594
"12012","1325","Ec_N",201,12,12,"Ec",6,1,0,1,0,0,0.466851274556594
"12013","1325","Ec_N",201,13,13,"Ec",6,1,0,1,0,0,0.466851274556594
"12014","1325","Ec_N",201,14,14,"Ec",6,1,0,1,0,0,0.466851274556594
"12015","1325","Ec_N",201,15,15,"Ec",6,1,0,1,0,0,0.466851274556594
"12016","1325","Ec_N",201,16,16,"Ec",6,1,0,1,0,0,0.466851274556594
"12017","1325","Ec_N",201,17,17,"Ec",8,1,1,1,0,0,0.887289570804412
"12018","1325","Ec_N",201,18,18,"Ec",8,1,1,1,0,0,0.887289570804412
"12019","1325","Ec_N",201,19,19,"Ec",8,1,1,1,0,0,0.887289570804412
"12020","1325","Ec_N",201,20,20,"Ec",8,1,1,1,0,0,0.887289570804412
"12021","1325","Ec_N",201,21,21,"Ec",8,1,1,1,0,0,0.887289570804412
"12022","1325","Ec_N",201,22,22,"Ec",8,1,1,1,0,0,0.887289570804412
"12023","1325","Ec_N",201,23,23,"Ec",8,1,1,1,0,0,0.887289570804412
"12024","1325","Ec_N",201,24,24,"Ec",8,1,1,1,0,0,0.887289570804412
"12025","1325","Ec_N",201,25,25,"Ec",8,1,1,1,0,0,0.887289570804412
"12026","1325","Ec_N",201,26,26,"Ec",8,1,1,1,0,0,0.887289570804412
"12027","1325","Ec_N",201,27,27,"Ec",8,1,1,1,0,0,0.887289570804412
"12028","1325","Ec_N",201,28,28,"Ec",8,1,1,1,0,0,0.887289570804412
"12029","1325","Ec_N",201,29,29,"Ec",8,1,1,1,0,0,0.887289570804412
"12030","1325","Ec_N",201,30,30,"Ec",8,1,1,1,0,0,0.887289570804412
"12031","1325","Ec_N",201,31,31,"Ec",8,1,1,1,0,0,0.887289570804412
"12032","1325","Ec_N",201,32,32,"Ec",8,1,1,1,0,0,0.887289570804412
"12033","1325","Ec_N",201,33,33,"Ec",8,1,1,1,0,0,0.887289570804412
"12034","1325","Ec_N",201,34,34,"Ec",8,1,1,1,0,0,0.887289570804412
"12035","1325","Ec_N",201,35,35,"Ec",8,1,1,1,0,0,0.887289570804412
"12036","1325","Ec_N",201,36,36,"Ec",16,1,1,1,1,0,0.93631405476465
"12037","1325","Ec_N",201,37,37,"Ec",16,1,1,1,1,0,0.93631405476465
"12038","1325","Ec_N",201,38,38,"Ec",16,1,1,1,1,0,0.93631405476465
"12039","1325","Ec_N",201,39,39,"Ec",16,1,1,1,1,0,0.93631405476465
"12040","1325","Ec_N",201,40,40,"Ec",16,1,1,1,1,0,0.93631405476465
"12041","1325","Ec_N",201,41,41,"Ec",16,1,1,1,1,0,0.93631405476465
"12042","1325","Ec_N",201,42,42,"Ec",16,1,1,1,1,0,0.93631405476465
"12043","1325","Ec_N",201,43,43,"Ec",16,1,1,1,1,0,0.93631405476465
"12044","1325","Ec_N",201,44,44,"Ec",16,1,1,1,1,0,0.93631405476465
"12045","1325","Ec_N",201,45,45,"Ec",32,1,1,1,1,1,1
"12046","1325","Ec_N",201,46,46,"Ec",32,1,1,1,1,1,1
"12047","1325","Ec_N",201,47,47,"Ec",32,1,1,1,1,1,1
"12048","1325","Ec_N",201,48,48,"Ec",32,1,1,1,1,1,1
"12049","1325","Ec_N",201,49,49,"Ec",32,1,1,1,1,1,1
"12050","1325","Ec_N",201,50,50,"Ec",32,1,1,1,1,1,1
"12051","1325","Ec_N",201,51,51,"Ec",32,1,1,1,1,1,1
"12052","1325","Ec_N",201,52,52,"Ec",32,1,1,1,1,1,1
"12053","1325","Ec_N",201,53,53,"Ec",32,1,1,1,1,1,1
"12054","1325","Ec_N",201,54,54,"Ec",32,1,1,1,1,1,1
"12055","1325","Ec_N",201,55,55,"Ec",32,1,1,1,1,1,1
"12056","1325","Ec_N",201,56,56,"Ec",32,1,1,1,1,1,1
"12057","1325","Ec_N",201,57,57,"Ec",32,1,1,1,1,1,1
"12058","1325","Ec_N",201,58,58,"Ec",32,1,1,1,1,1,1
"12059","1325","Ec_N",201,59,59,"Ec",32,1,1,1,1,1,1
"12060","1325","Ec_N",201,60,60,"Ec",32,1,1,1,1,1,1
"12061","1325","Ec_N",202,1,1,"Ec",1,0,0,0,0,0,0
"12062","1325","Ec_N",202,2,2,"Ec",1,0,0,0,0,0,0
"12063","1325","Ec_N",202,3,3,"Ec",1,0,0,0,0,0,0
"12064","1325","Ec_N",202,4,4,"Ec",3,0,1,0,0,0,0.420438296247818
"12065","1325","Ec_N",202,5,5,"Ec",7,0,1,1,0,0,0.580067324700012
"12066","1325","Ec_N",202,6,6,"Ec",7,0,1,1,0,0,0.580067324700012
"12067","1325","Ec_N",202,7,7,"Ec",7,0,1,1,0,0,0.580067324700012
"12068","1325","Ec_N",202,8,8,"Ec",7,0,1,1,0,0,0.580067324700012
"12069","1325","Ec_N",202,9,9,"Ec",7,0,1,1,0,0,0.580067324700012
"12070","1325","Ec_N",202,10,10,"Ec",7,0,1,1,0,0,0.580067324700012
"12071","1325","Ec_N",202,11,11,"Ec",7,0,1,1,0,0,0.580067324700012
"12072","1325","Ec_N",202,12,12,"Ec",7,0,1,1,0,0,0.580067324700012
"12073","1325","Ec_N",202,13,13,"Ec",7,0,1,1,0,0,0.580067324700012
"12074","1325","Ec_N",202,14,14,"Ec",7,0,1,1,0,0,0.580067324700012
"12075","1325","Ec_N",202,15,15,"Ec",7,0,1,1,0,0,0.580067324700012
"12076","1325","Ec_N",202,16,16,"Ec",15,0,1,1,1,0,0.62909180866025
"12077","1325","Ec_N",202,17,17,"Ec",15,0,1,1,1,0,0.62909180866025
"12078","1325","Ec_N",202,18,18,"Ec",15,0,1,1,1,0,0.62909180866025
"12079","1325","Ec_N",202,19,19,"Ec",15,0,1,1,1,0,0.62909180866025
"12080","1325","Ec_N",202,20,20,"Ec",15,0,1,1,1,0,0.62909180866025
"12081","1325","Ec_N",202,21,21,"Ec",15,0,1,1,1,0,0.62909180866025
"12082","1325","Ec_N",202,22,22,"Ec",15,0,1,1,1,0,0.62909180866025
"12083","1325","Ec_N",202,23,23,"Ec",15,0,1,1,1,0,0.62909180866025
"12084","1325","Ec_N",202,24,24,"Ec",15,0,1,1,1,0,0.62909180866025
"12085","1325","Ec_N",202,25,25,"Ec",15,0,1,1,1,0,0.62909180866025
"12086","1325","Ec_N",202,26,26,"Ec",15,0,1,1,1,0,0.62909180866025
"12087","1325","Ec_N",202,27,27,"Ec",15,0,1,1,1,0,0.62909180866025
"12088","1325","Ec_N",202,28,28,"Ec",15,0,1,1,1,0,0.62909180866025
"12089","1325","Ec_N",202,29,29,"Ec",15,0,1,1,1,0,0.62909180866025
"12090","1325","Ec_N",202,30,30,"Ec",15,0,1,1,1,0,0.62909180866025
"12091","1325","Ec_N",202,31,31,"Ec",15,0,1,1,1,0,0.62909180866025
"12092","1325","Ec_N",202,32,32,"Ec",15,0,1,1,1,0,0.62909180866025
"12093","1325","Ec_N",202,33,33,"Ec",15,0,1,1,1,0,0.62909180866025
"12094","1325","Ec_N",202,34,34,"Ec",15,0,1,1,1,0,0.62909180866025
"12095","1325","Ec_N",202,35,35,"Ec",15,0,1,1,1,0,0.62909180866025
"12096","1325","Ec_N",202,36,36,"Ec",16,1,1,1,1,0,0.93631405476465
"12097","1325","Ec_N",202,37,37,"Ec",16,1,1,1,1,0,0.93631405476465
"12098","1325","Ec_N",202,38,38,"Ec",16,1,1,1,1,0,0.93631405476465
"12099","1325","Ec_N",202,39,39,"Ec",16,1,1,1,1,0,0.93631405476465
"12100","1325","Ec_N",202,40,40,"Ec",16,1,1,1,1,0,0.93631405476465
"12101","1325","Ec_N",202,41,41,"Ec",16,1,1,1,1,0,0.93631405476465
"12102","1325","Ec_N",202,42,42,"Ec",16,1,1,1,1,0,0.93631405476465
"12103","1325","Ec_N",202,43,43,"Ec",16,1,1,1,1,0,0.93631405476465
"12104","1325","Ec_N",202,44,44,"Ec",16,1,1,1,1,0,0.93631405476465
"12105","1325","Ec_N",202,45,45,"Ec",16,1,1,1,1,0,0.93631405476465
"12106","1325","Ec_N",202,46,46,"Ec",16,1,1,1,1,0,0.93631405476465
"12107","1325","Ec_N",202,47,47,"Ec",16,1,1,1,1,0,0.93631405476465
"12108","1325","Ec_N",202,48,48,"Ec",16,1,1,1,1,0,0.93631405476465
"12109","1325","Ec_N",202,49,49,"Ec",16,1,1,1,1,0,0.93631405476465
"12110","1325","Ec_N",202,50,50,"Ec",16,1,1,1,1,0,0.93631405476465
"12111","1325","Ec_N",202,51,51,"Ec",16,1,1,1,1,0,0.93631405476465
"12112","1325","Ec_N",202,52,52,"Ec",16,1,1,1,1,0,0.93631405476465
"12113","1325","Ec_N",202,53,53,"Ec",16,1,1,1,1,0,0.93631405476465
"12114","1325","Ec_N",202,54,54,"Ec",16,1,1,1,1,0,0.93631405476465
"12115","1325","Ec_N",202,55,55,"Ec",16,1,1,1,1,0,0.93631405476465
"12116","1325","Ec_N",202,56,56,"Ec",16,1,1,1,1,0,0.93631405476465
"12117","1325","Ec_N",202,57,57,"Ec",16,1,1,1,1,0,0.93631405476465
"12118","1325","Ec_N",202,58,58,"Ec",16,1,1,1,1,0,0.93631405476465
"12119","1325","Ec_N",202,59,59,"Ec",16,1,1,1,1,0,0.93631405476465
"12120","1325","Ec_N",202,60,60,"Ec",32,1,1,1,1,1,1
"12121","1325","Ec_N",203,1,1,"Ec",1,0,0,0,0,0,0
"12122","1325","Ec_N",203,2,2,"Ec",9,0,0,0,1,0,0.0490244839602376
"12123","1325","Ec_N",203,3,3,"Ec",9,0,0,0,1,0,0.0490244839602376
"12124","1325","Ec_N",203,4,4,"Ec",9,0,0,0,1,0,0.0490244839602376
"12125","1325","Ec_N",203,5,5,"Ec",10,1,0,0,1,0,0.356246730064637
"12126","1325","Ec_N",203,6,6,"Ec",10,1,0,0,1,0,0.356246730064637
"12127","1325","Ec_N",203,7,7,"Ec",12,1,1,0,1,0,0.776685026312455
"12128","1325","Ec_N",203,8,8,"Ec",12,1,1,0,1,0,0.776685026312455
"12129","1325","Ec_N",203,9,9,"Ec",12,1,1,0,1,0,0.776685026312455
"12130","1325","Ec_N",203,10,10,"Ec",12,1,1,0,1,0,0.776685026312455
"12131","1325","Ec_N",203,11,11,"Ec",12,1,1,0,1,0,0.776685026312455
"12132","1325","Ec_N",203,12,12,"Ec",12,1,1,0,1,0,0.776685026312455
"12133","1325","Ec_N",203,13,13,"Ec",12,1,1,0,1,0,0.776685026312455
"12134","1325","Ec_N",203,14,14,"Ec",12,1,1,0,1,0,0.776685026312455
"12135","1325","Ec_N",203,15,15,"Ec",12,1,1,0,1,0,0.776685026312455
"12136","1325","Ec_N",203,16,16,"Ec",12,1,1,0,1,0,0.776685026312455
"12137","1325","Ec_N",203,17,17,"Ec",12,1,1,0,1,0,0.776685026312455
"12138","1325","Ec_N",203,18,18,"Ec",12,1,1,0,1,0,0.776685026312455
"12139","1325","Ec_N",203,19,19,"Ec",12,1,1,0,1,0,0.776685026312455
"12140","1325","Ec_N",203,20,20,"Ec",12,1,1,0,1,0,0.776685026312455
"12141","1325","Ec_N",203,21,21,"Ec",12,1,1,0,1,0,0.776685026312455
"12142","1325","Ec_N",203,22,22,"Ec",12,1,1,0,1,0,0.776685026312455
"12143","1325","Ec_N",203,23,23,"Ec",12,1,1,0,1,0,0.776685026312455
"12144","1325","Ec_N",203,24,24,"Ec",28,1,1,0,1,1,0.815884725734249
"12145","1325","Ec_N",203,25,25,"Ec",28,1,1,0,1,1,0.815884725734249
"12146","1325","Ec_N",203,26,26,"Ec",28,1,1,0,1,1,0.815884725734249
"12147","1325","Ec_N",203,27,27,"Ec",28,1,1,0,1,1,0.815884725734249
"12148","1325","Ec_N",203,28,28,"Ec",28,1,1,0,1,1,0.815884725734249
"12149","1325","Ec_N",203,29,29,"Ec",28,1,1,0,1,1,0.815884725734249
"12150","1325","Ec_N",203,30,30,"Ec",28,1,1,0,1,1,0.815884725734249
"12151","1325","Ec_N",203,31,31,"Ec",28,1,1,0,1,1,0.815884725734249
"12152","1325","Ec_N",203,32,32,"Ec",28,1,1,0,1,1,0.815884725734249
"12153","1325","Ec_N",203,33,33,"Ec",28,1,1,0,1,1,0.815884725734249
"12154","1325","Ec_N",203,34,34,"Ec",28,1,1,0,1,1,0.815884725734249
"12155","1325","Ec_N",203,35,35,"Ec",32,1,1,1,1,1,1
"12156","1325","Ec_N",203,36,36,"Ec",32,1,1,1,1,1,1
"12157","1325","Ec_N",203,37,37,"Ec",32,1,1,1,1,1,1
"12158","1325","Ec_N",203,38,38,"Ec",32,1,1,1,1,1,1
"12159","1325","Ec_N",203,39,39,"Ec",32,1,1,1,1,1,1
"12160","1325","Ec_N",203,40,40,"Ec",32,1,1,1,1,1,1
"12161","1325","Ec_N",203,41,41,"Ec",32,1,1,1,1,1,1
"12162","1325","Ec_N",203,42,42,"Ec",32,1,1,1,1,1,1
"12163","1325","Ec_N",203,43,43,"Ec",32,1,1,1,1,1,1
"12164","1325","Ec_N",203,44,44,"Ec",32,1,1,1,1,1,1
"12165","1325","Ec_N",203,45,45,"Ec",32,1,1,1,1,1,1
"12166","1325","Ec_N",203,46,46,"Ec",32,1,1,1,1,1,1
"12167","1325","Ec_N",203,47,47,"Ec",32,1,1,1,1,1,1
"12168","1325","Ec_N",203,48,48,"Ec",32,1,1,1,1,1,1
"12169","1325","Ec_N",203,49,49,"Ec",32,1,1,1,1,1,1
"12170","1325","Ec_N",203,50,50,"Ec",32,1,1,1,1,1,1
"12171","1325","Ec_N",203,51,51,"Ec",32,1,1,1,1,1,1
"12172","1325","Ec_N",203,52,52,"Ec",32,1,1,1,1,1,1
"12173","1325","Ec_N",203,53,53,"Ec",32,1,1,1,1,1,1
"12174","1325","Ec_N",203,54,54,"Ec",32,1,1,1,1,1,1
"12175","1325","Ec_N",203,55,55,"Ec",32,1,1,1,1,1,1
"12176","1325","Ec_N",203,56,56,"Ec",32,1,1,1,1,1,1
"12177","1325","Ec_N",203,57,57,"Ec",32,1,1,1,1,1,1
"12178","1325","Ec_N",203,58,58,"Ec",32,1,1,1,1,1,1
"12179","1325","Ec_N",203,59,59,"Ec",32,1,1,1,1,1,1
"12180","1325","Ec_N",203,60,60,"Ec",32,1,1,1,1,1,1
"12181","1325","Ec_N",204,1,1,"Ec",1,0,0,0,0,0,0
"12182","1325","Ec_N",204,2,2,"Ec",1,0,0,0,0,0,0
"12183","1325","Ec_N",204,3,3,"Ec",1,0,0,0,0,0,0
"12184","1325","Ec_N",204,4,4,"Ec",1,0,0,0,0,0,0
"12185","1325","Ec_N",204,5,5,"Ec",1,0,0,0,0,0,0
"12186","1325","Ec_N",204,6,6,"Ec",1,0,0,0,0,0,0
"12187","1325","Ec_N",204,7,7,"Ec",1,0,0,0,0,0,0
"12188","1325","Ec_N",204,8,8,"Ec",1,0,0,0,0,0,0
"12189","1325","Ec_N",204,9,9,"Ec",17,0,0,0,0,1,0.0636859452353503
"12190","1325","Ec_N",204,10,10,"Ec",17,0,0,0,0,1,0.0636859452353503
"12191","1325","Ec_N",204,11,11,"Ec",17,0,0,0,0,1,0.0636859452353503
"12192","1325","Ec_N",204,12,12,"Ec",17,0,0,0,0,1,0.0636859452353503
"12193","1325","Ec_N",204,13,13,"Ec",17,0,0,0,0,1,0.0636859452353503
"12194","1325","Ec_N",204,14,14,"Ec",21,0,0,1,0,1,0.223314973687545
"12195","1325","Ec_N",204,15,15,"Ec",21,0,0,1,0,1,0.223314973687545
"12196","1325","Ec_N",204,16,16,"Ec",21,0,0,1,0,1,0.223314973687545
"12197","1325","Ec_N",204,17,17,"Ec",21,0,0,1,0,1,0.223314973687545
"12198","1325","Ec_N",204,18,18,"Ec",21,0,0,1,0,1,0.223314973687545
"12199","1325","Ec_N",204,19,19,"Ec",21,0,0,1,0,1,0.223314973687545
"12200","1325","Ec_N",204,20,20,"Ec",21,0,0,1,0,1,0.223314973687545
"12201","1325","Ec_N",204,21,21,"Ec",21,0,0,1,0,1,0.223314973687545
"12202","1325","Ec_N",204,22,22,"Ec",21,0,0,1,0,1,0.223314973687545
"12203","1325","Ec_N",204,23,23,"Ec",21,0,0,1,0,1,0.223314973687545
"12204","1325","Ec_N",204,24,24,"Ec",21,0,0,1,0,1,0.223314973687545
"12205","1325","Ec_N",204,25,25,"Ec",21,0,0,1,0,1,0.223314973687545
"12206","1325","Ec_N",204,26,26,"Ec",22,1,0,1,0,1,0.530537219791945
"12207","1325","Ec_N",204,27,27,"Ec",22,1,0,1,0,1,0.530537219791945
"12208","1325","Ec_N",204,28,28,"Ec",22,1,0,1,0,1,0.530537219791945
"12209","1325","Ec_N",204,29,29,"Ec",22,1,0,1,0,1,0.530537219791945
"12210","1325","Ec_N",204,30,30,"Ec",22,1,0,1,0,1,0.530537219791945
"12211","1325","Ec_N",204,31,31,"Ec",22,1,0,1,0,1,0.530537219791945
"12212","1325","Ec_N",204,32,32,"Ec",22,1,0,1,0,1,0.530537219791945
"12213","1325","Ec_N",204,33,33,"Ec",22,1,0,1,0,1,0.530537219791945
"12214","1325","Ec_N",204,34,34,"Ec",22,1,0,1,0,1,0.530537219791945
"12215","1325","Ec_N",204,35,35,"Ec",22,1,0,1,0,1,0.530537219791945
"12216","1325","Ec_N",204,36,36,"Ec",22,1,0,1,0,1,0.530537219791945
"12217","1325","Ec_N",204,37,37,"Ec",22,1,0,1,0,1,0.530537219791945
"12218","1325","Ec_N",204,38,38,"Ec",22,1,0,1,0,1,0.530537219791945
"12219","1325","Ec_N",204,39,39,"Ec",24,1,1,1,0,1,0.872975948786018
"12220","1325","Ec_N",204,40,40,"Ec",24,1,1,1,0,1,0.872975948786018
"12221","1325","Ec_N",204,41,41,"Ec",24,1,1,1,0,1,0.872975948786018
"12222","1325","Ec_N",204,42,42,"Ec",24,1,1,1,0,1,0.872975948786018
"12223","1325","Ec_N",204,43,43,"Ec",24,1,1,1,0,1,0.872975948786018
"12224","1325","Ec_N",204,44,44,"Ec",24,1,1,1,0,1,0.872975948786018
"12225","1325","Ec_N",204,45,45,"Ec",8,1,1,1,0,0,0.887289570804412
"12226","1325","Ec_N",204,46,46,"Ec",8,1,1,1,0,0,0.887289570804412
"12227","1325","Ec_N",204,47,47,"Ec",8,1,1,1,0,0,0.887289570804412
"12228","1325","Ec_N",204,48,48,"Ec",8,1,1,1,0,0,0.887289570804412
"12229","1325","Ec_N",204,49,49,"Ec",8,1,1,1,0,0,0.887289570804412
"12230","1325","Ec_N",204,50,50,"Ec",16,1,1,1,1,0,0.93631405476465
"12231","1325","Ec_N",204,51,51,"Ec",16,1,1,1,1,0,0.93631405476465
"12232","1325","Ec_N",204,52,52,"Ec",16,1,1,1,1,0,0.93631405476465
"12233","1325","Ec_N",204,53,53,"Ec",16,1,1,1,1,0,0.93631405476465
"12234","1325","Ec_N",204,54,54,"Ec",16,1,1,1,1,0,0.93631405476465
"12235","1325","Ec_N",204,55,55,"Ec",16,1,1,1,1,0,0.93631405476465
"12236","1325","Ec_N",204,56,56,"Ec",32,1,1,1,1,1,1
"12237","1325","Ec_N",204,57,57,"Ec",32,1,1,1,1,1,1
"12238","1325","Ec_N",204,58,58,"Ec",32,1,1,1,1,1,1
"12239","1325","Ec_N",204,59,59,"Ec",32,1,1,1,1,1,1
"12240","1325","Ec_N",204,60,60,"Ec",32,1,1,1,1,1,1
"12241","1325","Ec_N",205,1,1,"Ec",1,0,0,0,0,0,0
"12242","1325","Ec_N",205,2,2,"Ec",1,0,0,0,0,0,0
"12243","1325","Ec_N",205,3,3,"Ec",1,0,0,0,0,0,0
"12244","1325","Ec_N",205,4,4,"Ec",1,0,0,0,0,0,0
"12245","1325","Ec_N",205,5,5,"Ec",1,0,0,0,0,0,0
"12246","1325","Ec_N",205,6,6,"Ec",1,0,0,0,0,0,0
"12247","1325","Ec_N",205,7,7,"Ec",1,0,0,0,0,0,0
"12248","1325","Ec_N",205,8,8,"Ec",2,1,0,0,0,0,0.3072222461044
"12249","1325","Ec_N",205,9,9,"Ec",2,1,0,0,0,0,0.3072222461044
"12250","1325","Ec_N",205,10,10,"Ec",2,1,0,0,0,0,0.3072222461044
"12251","1325","Ec_N",205,11,11,"Ec",2,1,0,0,0,0,0.3072222461044
"12252","1325","Ec_N",205,12,12,"Ec",2,1,0,0,0,0,0.3072222461044
"12253","1325","Ec_N",205,13,13,"Ec",4,1,1,0,0,0,0.727660542352217
"12254","1325","Ec_N",205,14,14,"Ec",4,1,1,0,0,0,0.727660542352217
"12255","1325","Ec_N",205,15,15,"Ec",4,1,1,0,0,0,0.727660542352217
"12256","1325","Ec_N",205,16,16,"Ec",4,1,1,0,0,0,0.727660542352217
"12257","1325","Ec_N",205,17,17,"Ec",4,1,1,0,0,0,0.727660542352217
"12258","1325","Ec_N",205,18,18,"Ec",4,1,1,0,0,0,0.727660542352217
"12259","1325","Ec_N",205,19,19,"Ec",4,1,1,0,0,0,0.727660542352217
"12260","1325","Ec_N",205,20,20,"Ec",4,1,1,0,0,0,0.727660542352217
"12261","1325","Ec_N",205,21,21,"Ec",20,1,1,0,0,1,0.791346487587567
"12262","1325","Ec_N",205,22,22,"Ec",20,1,1,0,0,1,0.791346487587567
"12263","1325","Ec_N",205,23,23,"Ec",20,1,1,0,0,1,0.791346487587567
"12264","1325","Ec_N",205,24,24,"Ec",20,1,1,0,0,1,0.791346487587567
"12265","1325","Ec_N",205,25,25,"Ec",20,1,1,0,0,1,0.791346487587567
"12266","1325","Ec_N",205,26,26,"Ec",20,1,1,0,0,1,0.791346487587567
"12267","1325","Ec_N",205,27,27,"Ec",20,1,1,0,0,1,0.791346487587567
"12268","1325","Ec_N",205,28,28,"Ec",20,1,1,0,0,1,0.791346487587567
"12269","1325","Ec_N",205,29,29,"Ec",20,1,1,0,0,1,0.791346487587567
"12270","1325","Ec_N",205,30,30,"Ec",20,1,1,0,0,1,0.791346487587567
"12271","1325","Ec_N",205,31,31,"Ec",20,1,1,0,0,1,0.791346487587567
"12272","1325","Ec_N",205,32,32,"Ec",20,1,1,0,0,1,0.791346487587567
"12273","1325","Ec_N",205,33,33,"Ec",20,1,1,0,0,1,0.791346487587567
"12274","1325","Ec_N",205,34,34,"Ec",20,1,1,0,0,1,0.791346487587567
"12275","1325","Ec_N",205,35,35,"Ec",28,1,1,0,1,1,0.815884725734249
"12276","1325","Ec_N",205,36,36,"Ec",28,1,1,0,1,1,0.815884725734249
"12277","1325","Ec_N",205,37,37,"Ec",28,1,1,0,1,1,0.815884725734249
"12278","1325","Ec_N",205,38,38,"Ec",28,1,1,0,1,1,0.815884725734249
"12279","1325","Ec_N",205,39,39,"Ec",28,1,1,0,1,1,0.815884725734249
"12280","1325","Ec_N",205,40,40,"Ec",28,1,1,0,1,1,0.815884725734249
"12281","1325","Ec_N",205,41,41,"Ec",28,1,1,0,1,1,0.815884725734249
"12282","1325","Ec_N",205,42,42,"Ec",28,1,1,0,1,1,0.815884725734249
"12283","1325","Ec_N",205,43,43,"Ec",28,1,1,0,1,1,0.815884725734249
"12284","1325","Ec_N",205,44,44,"Ec",28,1,1,0,1,1,0.815884725734249
"12285","1325","Ec_N",205,45,45,"Ec",28,1,1,0,1,1,0.815884725734249
"12286","1325","Ec_N",205,46,46,"Ec",32,1,1,1,1,1,1
"12287","1325","Ec_N",205,47,47,"Ec",32,1,1,1,1,1,1
"12288","1325","Ec_N",205,48,48,"Ec",32,1,1,1,1,1,1
"12289","1325","Ec_N",205,49,49,"Ec",32,1,1,1,1,1,1
"12290","1325","Ec_N",205,50,50,"Ec",32,1,1,1,1,1,1
"12291","1325","Ec_N",205,51,51,"Ec",32,1,1,1,1,1,1
"12292","1325","Ec_N",205,52,52,"Ec",32,1,1,1,1,1,1
"12293","1325","Ec_N",205,53,53,"Ec",32,1,1,1,1,1,1
"12294","1325","Ec_N",205,54,54,"Ec",32,1,1,1,1,1,1
"12295","1325","Ec_N",205,55,55,"Ec",32,1,1,1,1,1,1
"12296","1325","Ec_N",205,56,56,"Ec",32,1,1,1,1,1,1
"12297","1325","Ec_N",205,57,57,"Ec",32,1,1,1,1,1,1
"12298","1325","Ec_N",205,58,58,"Ec",32,1,1,1,1,1,1
"12299","1325","Ec_N",205,59,59,"Ec",32,1,1,1,1,1,1
"12300","1325","Ec_N",205,60,60,"Ec",32,1,1,1,1,1,1
"12301","1325","Ec_N",206,1,1,"Ec",1,0,0,0,0,0,0
"12302","1325","Ec_N",206,2,2,"Ec",1,0,0,0,0,0,0
"12303","1325","Ec_N",206,3,3,"Ec",1,0,0,0,0,0,0
"12304","1325","Ec_N",206,4,4,"Ec",17,0,0,0,0,1,0.0636859452353503
"12305","1325","Ec_N",206,5,5,"Ec",17,0,0,0,0,1,0.0636859452353503
"12306","1325","Ec_N",206,6,6,"Ec",17,0,0,0,0,1,0.0636859452353503
"12307","1325","Ec_N",206,7,7,"Ec",17,0,0,0,0,1,0.0636859452353503
"12308","1325","Ec_N",206,8,8,"Ec",17,0,0,0,0,1,0.0636859452353503
"12309","1325","Ec_N",206,9,9,"Ec",18,1,0,0,0,1,0.37090819133975
"12310","1325","Ec_N",206,10,10,"Ec",18,1,0,0,0,1,0.37090819133975
"12311","1325","Ec_N",206,11,11,"Ec",18,1,0,0,0,1,0.37090819133975
"12312","1325","Ec_N",206,12,12,"Ec",18,1,0,0,0,1,0.37090819133975
"12313","1325","Ec_N",206,13,13,"Ec",18,1,0,0,0,1,0.37090819133975
"12314","1325","Ec_N",206,14,14,"Ec",26,1,0,0,1,1,0.419932675299988
"12315","1325","Ec_N",206,15,15,"Ec",26,1,0,0,1,1,0.419932675299988
"12316","1325","Ec_N",206,16,16,"Ec",26,1,0,0,1,1,0.419932675299988
"12317","1325","Ec_N",206,17,17,"Ec",26,1,0,0,1,1,0.419932675299988
"12318","1325","Ec_N",206,18,18,"Ec",26,1,0,0,1,1,0.419932675299988
"12319","1325","Ec_N",206,19,19,"Ec",28,1,1,0,1,1,0.815884725734249
"12320","1325","Ec_N",206,20,20,"Ec",28,1,1,0,1,1,0.815884725734249
"12321","1325","Ec_N",206,21,21,"Ec",28,1,1,0,1,1,0.815884725734249
"12322","1325","Ec_N",206,22,22,"Ec",28,1,1,0,1,1,0.815884725734249
"12323","1325","Ec_N",206,23,23,"Ec",32,1,1,1,1,1,1
"12324","1325","Ec_N",206,24,24,"Ec",32,1,1,1,1,1,1
"12325","1325","Ec_N",206,25,25,"Ec",32,1,1,1,1,1,1
"12326","1325","Ec_N",206,26,26,"Ec",32,1,1,1,1,1,1
"12327","1325","Ec_N",206,27,27,"Ec",32,1,1,1,1,1,1
"12328","1325","Ec_N",206,28,28,"Ec",32,1,1,1,1,1,1
"12329","1325","Ec_N",206,29,29,"Ec",32,1,1,1,1,1,1
"12330","1325","Ec_N",206,30,30,"Ec",32,1,1,1,1,1,1
"12331","1325","Ec_N",206,31,31,"Ec",32,1,1,1,1,1,1
"12332","1325","Ec_N",206,32,32,"Ec",32,1,1,1,1,1,1
"12333","1325","Ec_N",206,33,33,"Ec",32,1,1,1,1,1,1
"12334","1325","Ec_N",206,34,34,"Ec",32,1,1,1,1,1,1
"12335","1325","Ec_N",206,35,35,"Ec",32,1,1,1,1,1,1
"12336","1325","Ec_N",206,36,36,"Ec",32,1,1,1,1,1,1
"12337","1325","Ec_N",206,37,37,"Ec",32,1,1,1,1,1,1
"12338","1325","Ec_N",206,38,38,"Ec",32,1,1,1,1,1,1
"12339","1325","Ec_N",206,39,39,"Ec",32,1,1,1,1,1,1
"12340","1325","Ec_N",206,40,40,"Ec",32,1,1,1,1,1,1
"12341","1325","Ec_N",206,41,41,"Ec",32,1,1,1,1,1,1
"12342","1325","Ec_N",206,42,42,"Ec",32,1,1,1,1,1,1
"12343","1325","Ec_N",206,43,43,"Ec",32,1,1,1,1,1,1
"12344","1325","Ec_N",206,44,44,"Ec",32,1,1,1,1,1,1
"12345","1325","Ec_N",206,45,45,"Ec",32,1,1,1,1,1,1
"12346","1325","Ec_N",206,46,46,"Ec",32,1,1,1,1,1,1
"12347","1325","Ec_N",206,47,47,"Ec",32,1,1,1,1,1,1
"12348","1325","Ec_N",206,48,48,"Ec",32,1,1,1,1,1,1
"12349","1325","Ec_N",206,49,49,"Ec",32,1,1,1,1,1,1
"12350","1325","Ec_N",206,50,50,"Ec",32,1,1,1,1,1,1
"12351","1325","Ec_N",206,51,51,"Ec",32,1,1,1,1,1,1
"12352","1325","Ec_N",206,52,52,"Ec",32,1,1,1,1,1,1
"12353","1325","Ec_N",206,53,53,"Ec",32,1,1,1,1,1,1
"12354","1325","Ec_N",206,54,54,"Ec",32,1,1,1,1,1,1
"12355","1325","Ec_N",206,55,55,"Ec",32,1,1,1,1,1,1
"12356","1325","Ec_N",206,56,56,"Ec",32,1,1,1,1,1,1
"12357","1325","Ec_N",206,57,57,"Ec",32,1,1,1,1,1,1
"12358","1325","Ec_N",206,58,58,"Ec",32,1,1,1,1,1,1
"12359","1325","Ec_N",206,59,59,"Ec",32,1,1,1,1,1,1
"12360","1325","Ec_N",206,60,60,"Ec",32,1,1,1,1,1,1
"12361","1325","Ec_N",207,1,1,"Ec",1,0,0,0,0,0,0
"12362","1325","Ec_N",207,2,2,"Ec",1,0,0,0,0,0,0
"12363","1325","Ec_N",207,3,3,"Ec",17,0,0,0,0,1,0.0636859452353503
"12364","1325","Ec_N",207,4,4,"Ec",17,0,0,0,0,1,0.0636859452353503
"12365","1325","Ec_N",207,5,5,"Ec",17,0,0,0,0,1,0.0636859452353503
"12366","1325","Ec_N",207,6,6,"Ec",17,0,0,0,0,1,0.0636859452353503
"12367","1325","Ec_N",207,7,7,"Ec",19,0,1,0,0,1,0.484124241483168
"12368","1325","Ec_N",207,8,8,"Ec",19,0,1,0,0,1,0.484124241483168
"12369","1325","Ec_N",207,9,9,"Ec",19,0,1,0,0,1,0.484124241483168
"12370","1325","Ec_N",207,10,10,"Ec",19,0,1,0,0,1,0.484124241483168
"12371","1325","Ec_N",207,11,11,"Ec",27,0,1,0,1,1,0.533148725443406
"12372","1325","Ec_N",207,12,12,"Ec",27,0,1,0,1,1,0.533148725443406
"12373","1325","Ec_N",207,13,13,"Ec",27,0,1,0,1,1,0.533148725443406
"12374","1325","Ec_N",207,14,14,"Ec",27,0,1,0,1,1,0.533148725443406
"12375","1325","Ec_N",207,15,15,"Ec",27,0,1,0,1,1,0.533148725443406
"12376","1325","Ec_N",207,16,16,"Ec",27,0,1,0,1,1,0.533148725443406
"12377","1325","Ec_N",207,17,17,"Ec",27,0,1,0,1,1,0.533148725443406
"12378","1325","Ec_N",207,18,18,"Ec",27,0,1,0,1,1,0.533148725443406
"12379","1325","Ec_N",207,19,19,"Ec",27,0,1,0,1,1,0.533148725443406
"12380","1325","Ec_N",207,20,20,"Ec",27,0,1,0,1,1,0.533148725443406
"12381","1325","Ec_N",207,21,21,"Ec",27,0,1,0,1,1,0.533148725443406
"12382","1325","Ec_N",207,22,22,"Ec",27,0,1,0,1,1,0.533148725443406
"12383","1325","Ec_N",207,23,23,"Ec",27,0,1,0,1,1,0.533148725443406
"12384","1325","Ec_N",207,24,24,"Ec",27,0,1,0,1,1,0.533148725443406
"12385","1325","Ec_N",207,25,25,"Ec",27,0,1,0,1,1,0.533148725443406
"12386","1325","Ec_N",207,26,26,"Ec",27,0,1,0,1,1,0.533148725443406
"12387","1325","Ec_N",207,27,27,"Ec",27,0,1,0,1,1,0.533148725443406
"12388","1325","Ec_N",207,28,28,"Ec",27,0,1,0,1,1,0.533148725443406
"12389","1325","Ec_N",207,29,29,"Ec",27,0,1,0,1,1,0.533148725443406
"12390","1325","Ec_N",207,30,30,"Ec",27,0,1,0,1,1,0.533148725443406
"12391","1325","Ec_N",207,31,31,"Ec",27,0,1,0,1,1,0.533148725443406
"12392","1325","Ec_N",207,32,32,"Ec",27,0,1,0,1,1,0.533148725443406
"12393","1325","Ec_N",207,33,33,"Ec",27,0,1,0,1,1,0.533148725443406
"12394","1325","Ec_N",207,34,34,"Ec",27,0,1,0,1,1,0.533148725443406
"12395","1325","Ec_N",207,35,35,"Ec",27,0,1,0,1,1,0.533148725443406
"12396","1325","Ec_N",207,36,36,"Ec",27,0,1,0,1,1,0.533148725443406
"12397","1325","Ec_N",207,37,37,"Ec",27,0,1,0,1,1,0.533148725443406
"12398","1325","Ec_N",207,38,38,"Ec",27,0,1,0,1,1,0.533148725443406
"12399","1325","Ec_N",207,39,39,"Ec",27,0,1,0,1,1,0.533148725443406
"12400","1325","Ec_N",207,40,40,"Ec",27,0,1,0,1,1,0.533148725443406
"12401","1325","Ec_N",207,41,41,"Ec",27,0,1,0,1,1,0.533148725443406
"12402","1325","Ec_N",207,42,42,"Ec",27,0,1,0,1,1,0.533148725443406
"12403","1325","Ec_N",207,43,43,"Ec",27,0,1,0,1,1,0.533148725443406
"12404","1325","Ec_N",207,44,44,"Ec",27,0,1,0,1,1,0.533148725443406
"12405","1325","Ec_N",207,45,45,"Ec",31,0,1,1,1,1,0.6927777538956
"12406","1325","Ec_N",207,46,46,"Ec",31,0,1,1,1,1,0.6927777538956
"12407","1325","Ec_N",207,47,47,"Ec",31,0,1,1,1,1,0.6927777538956
"12408","1325","Ec_N",207,48,48,"Ec",31,0,1,1,1,1,0.6927777538956
"12409","1325","Ec_N",207,49,49,"Ec",31,0,1,1,1,1,0.6927777538956
"12410","1325","Ec_N",207,50,50,"Ec",31,0,1,1,1,1,0.6927777538956
"12411","1325","Ec_N",207,51,51,"Ec",31,0,1,1,1,1,0.6927777538956
"12412","1325","Ec_N",207,52,52,"Ec",32,1,1,1,1,1,1
"12413","1325","Ec_N",207,53,53,"Ec",32,1,1,1,1,1,1
"12414","1325","Ec_N",207,54,54,"Ec",32,1,1,1,1,1,1
"12415","1325","Ec_N",207,55,55,"Ec",32,1,1,1,1,1,1
"12416","1325","Ec_N",207,56,56,"Ec",32,1,1,1,1,1,1
"12417","1325","Ec_N",207,57,57,"Ec",32,1,1,1,1,1,1
"12418","1325","Ec_N",207,58,58,"Ec",32,1,1,1,1,1,1
"12419","1325","Ec_N",207,59,59,"Ec",32,1,1,1,1,1,1
"12420","1325","Ec_N",207,60,60,"Ec",32,1,1,1,1,1,1
"12421","1325","Ec_N",208,1,1,"Ec",1,0,0,0,0,0,0
"12422","1325","Ec_N",208,2,2,"Ec",1,0,0,0,0,0,0
"12423","1325","Ec_N",208,3,3,"Ec",2,1,0,0,0,0,0.3072222461044
"12424","1325","Ec_N",208,4,4,"Ec",18,1,0,0,0,1,0.37090819133975
"12425","1325","Ec_N",208,5,5,"Ec",18,1,0,0,0,1,0.37090819133975
"12426","1325","Ec_N",208,6,6,"Ec",18,1,0,0,0,1,0.37090819133975
"12427","1325","Ec_N",208,7,7,"Ec",18,1,0,0,0,1,0.37090819133975
"12428","1325","Ec_N",208,8,8,"Ec",18,1,0,0,0,1,0.37090819133975
"12429","1325","Ec_N",208,9,9,"Ec",18,1,0,0,0,1,0.37090819133975
"12430","1325","Ec_N",208,10,10,"Ec",18,1,0,0,0,1,0.37090819133975
"12431","1325","Ec_N",208,11,11,"Ec",26,1,0,0,1,1,0.419932675299988
"12432","1325","Ec_N",208,12,12,"Ec",26,1,0,0,1,1,0.419932675299988
"12433","1325","Ec_N",208,13,13,"Ec",26,1,0,0,1,1,0.419932675299988
"12434","1325","Ec_N",208,14,14,"Ec",26,1,0,0,1,1,0.419932675299988
"12435","1325","Ec_N",208,15,15,"Ec",26,1,0,0,1,1,0.419932675299988
"12436","1325","Ec_N",208,16,16,"Ec",26,1,0,0,1,1,0.419932675299988
"12437","1325","Ec_N",208,17,17,"Ec",26,1,0,0,1,1,0.419932675299988
"12438","1325","Ec_N",208,18,18,"Ec",26,1,0,0,1,1,0.419932675299988
"12439","1325","Ec_N",208,19,19,"Ec",26,1,0,0,1,1,0.419932675299988
"12440","1325","Ec_N",208,20,20,"Ec",28,1,1,0,1,1,0.815884725734249
"12441","1325","Ec_N",208,21,21,"Ec",28,1,1,0,1,1,0.815884725734249
"12442","1325","Ec_N",208,22,22,"Ec",28,1,1,0,1,1,0.815884725734249
"12443","1325","Ec_N",208,23,23,"Ec",28,1,1,0,1,1,0.815884725734249
"12444","1325","Ec_N",208,24,24,"Ec",28,1,1,0,1,1,0.815884725734249
"12445","1325","Ec_N",208,25,25,"Ec",28,1,1,0,1,1,0.815884725734249
"12446","1325","Ec_N",208,26,26,"Ec",28,1,1,0,1,1,0.815884725734249
"12447","1325","Ec_N",208,27,27,"Ec",28,1,1,0,1,1,0.815884725734249
"12448","1325","Ec_N",208,28,28,"Ec",28,1,1,0,1,1,0.815884725734249
"12449","1325","Ec_N",208,29,29,"Ec",28,1,1,0,1,1,0.815884725734249
"12450","1325","Ec_N",208,30,30,"Ec",28,1,1,0,1,1,0.815884725734249
"12451","1325","Ec_N",208,31,31,"Ec",28,1,1,0,1,1,0.815884725734249
"12452","1325","Ec_N",208,32,32,"Ec",28,1,1,0,1,1,0.815884725734249
"12453","1325","Ec_N",208,33,33,"Ec",28,1,1,0,1,1,0.815884725734249
"12454","1325","Ec_N",208,34,34,"Ec",28,1,1,0,1,1,0.815884725734249
"12455","1325","Ec_N",208,35,35,"Ec",32,1,1,1,1,1,1
"12456","1325","Ec_N",208,36,36,"Ec",32,1,1,1,1,1,1
"12457","1325","Ec_N",208,37,37,"Ec",32,1,1,1,1,1,1
"12458","1325","Ec_N",208,38,38,"Ec",32,1,1,1,1,1,1
"12459","1325","Ec_N",208,39,39,"Ec",32,1,1,1,1,1,1
"12460","1325","Ec_N",208,40,40,"Ec",32,1,1,1,1,1,1
"12461","1325","Ec_N",208,41,41,"Ec",32,1,1,1,1,1,1
"12462","1325","Ec_N",208,42,42,"Ec",32,1,1,1,1,1,1
"12463","1325","Ec_N",208,43,43,"Ec",32,1,1,1,1,1,1
"12464","1325","Ec_N",208,44,44,"Ec",32,1,1,1,1,1,1
"12465","1325","Ec_N",208,45,45,"Ec",32,1,1,1,1,1,1
"12466","1325","Ec_N",208,46,46,"Ec",32,1,1,1,1,1,1
"12467","1325","Ec_N",208,47,47,"Ec",32,1,1,1,1,1,1
"12468","1325","Ec_N",208,48,48,"Ec",32,1,1,1,1,1,1
"12469","1325","Ec_N",208,49,49,"Ec",32,1,1,1,1,1,1
"12470","1325","Ec_N",208,50,50,"Ec",32,1,1,1,1,1,1
"12471","1325","Ec_N",208,51,51,"Ec",32,1,1,1,1,1,1
"12472","1325","Ec_N",208,52,52,"Ec",32,1,1,1,1,1,1
"12473","1325","Ec_N",208,53,53,"Ec",32,1,1,1,1,1,1
"12474","1325","Ec_N",208,54,54,"Ec",32,1,1,1,1,1,1
"12475","1325","Ec_N",208,55,55,"Ec",32,1,1,1,1,1,1
"12476","1325","Ec_N",208,56,56,"Ec",32,1,1,1,1,1,1
"12477","1325","Ec_N",208,57,57,"Ec",32,1,1,1,1,1,1
"12478","1325","Ec_N",208,58,58,"Ec",32,1,1,1,1,1,1
"12479","1325","Ec_N",208,59,59,"Ec",32,1,1,1,1,1,1
"12480","1325","Ec_N",208,60,60,"Ec",32,1,1,1,1,1,1
"12481","1325","Ec_N",209,1,1,"Ec",1,0,0,0,0,0,0
"12482","1325","Ec_N",209,2,2,"Ec",1,0,0,0,0,0,0
"12483","1325","Ec_N",209,3,3,"Ec",1,0,0,0,0,0,0
"12484","1325","Ec_N",209,4,4,"Ec",17,0,0,0,0,1,0.0636859452353503
"12485","1325","Ec_N",209,5,5,"Ec",17,0,0,0,0,1,0.0636859452353503
"12486","1325","Ec_N",209,6,6,"Ec",17,0,0,0,0,1,0.0636859452353503
"12487","1325","Ec_N",209,7,7,"Ec",17,0,0,0,0,1,0.0636859452353503
"12488","1325","Ec_N",209,8,8,"Ec",17,0,0,0,0,1,0.0636859452353503
"12489","1325","Ec_N",209,9,9,"Ec",17,0,0,0,0,1,0.0636859452353503
"12490","1325","Ec_N",209,10,10,"Ec",25,0,0,0,1,1,0.112710429195588
"12491","1325","Ec_N",209,11,11,"Ec",25,0,0,0,1,1,0.112710429195588
"12492","1325","Ec_N",209,12,12,"Ec",25,0,0,0,1,1,0.112710429195588
"12493","1325","Ec_N",209,13,13,"Ec",25,0,0,0,1,1,0.112710429195588
"12494","1325","Ec_N",209,14,14,"Ec",25,0,0,0,1,1,0.112710429195588
"12495","1325","Ec_N",209,15,15,"Ec",25,0,0,0,1,1,0.112710429195588
"12496","1325","Ec_N",209,16,16,"Ec",27,0,1,0,1,1,0.533148725443406
"12497","1325","Ec_N",209,17,17,"Ec",27,0,1,0,1,1,0.533148725443406
"12498","1325","Ec_N",209,18,18,"Ec",27,0,1,0,1,1,0.533148725443406
"12499","1325","Ec_N",209,19,19,"Ec",27,0,1,0,1,1,0.533148725443406
"12500","1325","Ec_N",209,20,20,"Ec",27,0,1,0,1,1,0.533148725443406
"12501","1325","Ec_N",209,21,21,"Ec",27,0,1,0,1,1,0.533148725443406
"12502","1325","Ec_N",209,22,22,"Ec",27,0,1,0,1,1,0.533148725443406
"12503","1325","Ec_N",209,23,23,"Ec",27,0,1,0,1,1,0.533148725443406
"12504","1325","Ec_N",209,24,24,"Ec",27,0,1,0,1,1,0.533148725443406
"12505","1325","Ec_N",209,25,25,"Ec",27,0,1,0,1,1,0.533148725443406
"12506","1325","Ec_N",209,26,26,"Ec",27,0,1,0,1,1,0.533148725443406
"12507","1325","Ec_N",209,27,27,"Ec",27,0,1,0,1,1,0.533148725443406
"12508","1325","Ec_N",209,28,28,"Ec",27,0,1,0,1,1,0.533148725443406
"12509","1325","Ec_N",209,29,29,"Ec",27,0,1,0,1,1,0.533148725443406
"12510","1325","Ec_N",209,30,30,"Ec",27,0,1,0,1,1,0.533148725443406
"12511","1325","Ec_N",209,31,31,"Ec",27,0,1,0,1,1,0.533148725443406
"12512","1325","Ec_N",209,32,32,"Ec",27,0,1,0,1,1,0.533148725443406
"12513","1325","Ec_N",209,33,33,"Ec",27,0,1,0,1,1,0.533148725443406
"12514","1325","Ec_N",209,34,34,"Ec",31,0,1,1,1,1,0.6927777538956
"12515","1325","Ec_N",209,35,35,"Ec",31,0,1,1,1,1,0.6927777538956
"12516","1325","Ec_N",209,36,36,"Ec",31,0,1,1,1,1,0.6927777538956
"12517","1325","Ec_N",209,37,37,"Ec",31,0,1,1,1,1,0.6927777538956
"12518","1325","Ec_N",209,38,38,"Ec",31,0,1,1,1,1,0.6927777538956
"12519","1325","Ec_N",209,39,39,"Ec",31,0,1,1,1,1,0.6927777538956
"12520","1325","Ec_N",209,40,40,"Ec",31,0,1,1,1,1,0.6927777538956
"12521","1325","Ec_N",209,41,41,"Ec",31,0,1,1,1,1,0.6927777538956
"12522","1325","Ec_N",209,42,42,"Ec",31,0,1,1,1,1,0.6927777538956
"12523","1325","Ec_N",209,43,43,"Ec",31,0,1,1,1,1,0.6927777538956
"12524","1325","Ec_N",209,44,44,"Ec",31,0,1,1,1,1,0.6927777538956
"12525","1325","Ec_N",209,45,45,"Ec",31,0,1,1,1,1,0.6927777538956
"12526","1325","Ec_N",209,46,46,"Ec",31,0,1,1,1,1,0.6927777538956
"12527","1325","Ec_N",209,47,47,"Ec",31,0,1,1,1,1,0.6927777538956
"12528","1325","Ec_N",209,48,48,"Ec",32,1,1,1,1,1,1
"12529","1325","Ec_N",209,49,49,"Ec",32,1,1,1,1,1,1
"12530","1325","Ec_N",209,50,50,"Ec",32,1,1,1,1,1,1
"12531","1325","Ec_N",209,51,51,"Ec",32,1,1,1,1,1,1
"12532","1325","Ec_N",209,52,52,"Ec",32,1,1,1,1,1,1
"12533","1325","Ec_N",209,53,53,"Ec",32,1,1,1,1,1,1
"12534","1325","Ec_N",209,54,54,"Ec",32,1,1,1,1,1,1
"12535","1325","Ec_N",209,55,55,"Ec",32,1,1,1,1,1,1
"12536","1325","Ec_N",209,56,56,"Ec",32,1,1,1,1,1,1
"12537","1325","Ec_N",209,57,57,"Ec",32,1,1,1,1,1,1
"12538","1325","Ec_N",209,58,58,"Ec",32,1,1,1,1,1,1
"12539","1325","Ec_N",209,59,59,"Ec",32,1,1,1,1,1,1
"12540","1325","Ec_N",209,60,60,"Ec",32,1,1,1,1,1,1
"12541","1325","Ec_N",210,1,1,"Ec",1,0,0,0,0,0,0
"12542","1325","Ec_N",210,2,2,"Ec",1,0,0,0,0,0,0
"12543","1325","Ec_N",210,3,3,"Ec",1,0,0,0,0,0,0
"12544","1325","Ec_N",210,4,4,"Ec",1,0,0,0,0,0,0
"12545","1325","Ec_N",210,5,5,"Ec",1,0,0,0,0,0,0
"12546","1325","Ec_N",210,6,6,"Ec",1,0,0,0,0,0,0
"12547","1325","Ec_N",210,7,7,"Ec",5,0,0,1,0,0,0.159629028452195
"12548","1325","Ec_N",210,8,8,"Ec",7,0,1,1,0,0,0.580067324700012
"12549","1325","Ec_N",210,9,9,"Ec",7,0,1,1,0,0,0.580067324700012
"12550","1325","Ec_N",210,10,10,"Ec",7,0,1,1,0,0,0.580067324700012
"12551","1325","Ec_N",210,11,11,"Ec",7,0,1,1,0,0,0.580067324700012
"12552","1325","Ec_N",210,12,12,"Ec",7,0,1,1,0,0,0.580067324700012
"12553","1325","Ec_N",210,13,13,"Ec",7,0,1,1,0,0,0.580067324700012
"12554","1325","Ec_N",210,14,14,"Ec",7,0,1,1,0,0,0.580067324700012
"12555","1325","Ec_N",210,15,15,"Ec",7,0,1,1,0,0,0.580067324700012
"12556","1325","Ec_N",210,16,16,"Ec",7,0,1,1,0,0,0.580067324700012
"12557","1325","Ec_N",210,17,17,"Ec",7,0,1,1,0,0,0.580067324700012
"12558","1325","Ec_N",210,18,18,"Ec",7,0,1,1,0,0,0.580067324700012
"12559","1325","Ec_N",210,19,19,"Ec",7,0,1,1,0,0,0.580067324700012
"12560","1325","Ec_N",210,20,20,"Ec",7,0,1,1,0,0,0.580067324700012
"12561","1325","Ec_N",210,21,21,"Ec",7,0,1,1,0,0,0.580067324700012
"12562","1325","Ec_N",210,22,22,"Ec",7,0,1,1,0,0,0.580067324700012
"12563","1325","Ec_N",210,23,23,"Ec",7,0,1,1,0,0,0.580067324700012
"12564","1325","Ec_N",210,24,24,"Ec",15,0,1,1,1,0,0.62909180866025
"12565","1325","Ec_N",210,25,25,"Ec",15,0,1,1,1,0,0.62909180866025
"12566","1325","Ec_N",210,26,26,"Ec",15,0,1,1,1,0,0.62909180866025
"12567","1325","Ec_N",210,27,27,"Ec",15,0,1,1,1,0,0.62909180866025
"12568","1325","Ec_N",210,28,28,"Ec",15,0,1,1,1,0,0.62909180866025
"12569","1325","Ec_N",210,29,29,"Ec",15,0,1,1,1,0,0.62909180866025
"12570","1325","Ec_N",210,30,30,"Ec",15,0,1,1,1,0,0.62909180866025
"12571","1325","Ec_N",210,31,31,"Ec",15,0,1,1,1,0,0.62909180866025
"12572","1325","Ec_N",210,32,32,"Ec",15,0,1,1,1,0,0.62909180866025
"12573","1325","Ec_N",210,33,33,"Ec",15,0,1,1,1,0,0.62909180866025
"12574","1325","Ec_N",210,34,34,"Ec",15,0,1,1,1,0,0.62909180866025
"12575","1325","Ec_N",210,35,35,"Ec",15,0,1,1,1,0,0.62909180866025
"12576","1325","Ec_N",210,36,36,"Ec",15,0,1,1,1,0,0.62909180866025
"12577","1325","Ec_N",210,37,37,"Ec",15,0,1,1,1,0,0.62909180866025
"12578","1325","Ec_N",210,38,38,"Ec",15,0,1,1,1,0,0.62909180866025
"12579","1325","Ec_N",210,39,39,"Ec",15,0,1,1,1,0,0.62909180866025
"12580","1325","Ec_N",210,40,40,"Ec",15,0,1,1,1,0,0.62909180866025
"12581","1325","Ec_N",210,41,41,"Ec",15,0,1,1,1,0,0.62909180866025
"12582","1325","Ec_N",210,42,42,"Ec",15,0,1,1,1,0,0.62909180866025
"12583","1325","Ec_N",210,43,43,"Ec",15,0,1,1,1,0,0.62909180866025
"12584","1325","Ec_N",210,44,44,"Ec",15,0,1,1,1,0,0.62909180866025
"12585","1325","Ec_N",210,45,45,"Ec",15,0,1,1,1,0,0.62909180866025
"12586","1325","Ec_N",210,46,46,"Ec",15,0,1,1,1,0,0.62909180866025
"12587","1325","Ec_N",210,47,47,"Ec",15,0,1,1,1,0,0.62909180866025
"12588","1325","Ec_N",210,48,48,"Ec",15,0,1,1,1,0,0.62909180866025
"12589","1325","Ec_N",210,49,49,"Ec",15,0,1,1,1,0,0.62909180866025
"12590","1325","Ec_N",210,50,50,"Ec",15,0,1,1,1,0,0.62909180866025
"12591","1325","Ec_N",210,51,51,"Ec",31,0,1,1,1,1,0.6927777538956
"12592","1325","Ec_N",210,52,52,"Ec",31,0,1,1,1,1,0.6927777538956
"12593","1325","Ec_N",210,53,53,"Ec",31,0,1,1,1,1,0.6927777538956
"12594","1325","Ec_N",210,54,54,"Ec",31,0,1,1,1,1,0.6927777538956
"12595","1325","Ec_N",210,55,55,"Ec",31,0,1,1,1,1,0.6927777538956
"12596","1325","Ec_N",210,56,56,"Ec",31,0,1,1,1,1,0.6927777538956
"12597","1325","Ec_N",210,57,57,"Ec",31,0,1,1,1,1,0.6927777538956
"12598","1325","Ec_N",210,58,58,"Ec",31,0,1,1,1,1,0.6927777538956
"12599","1325","Ec_N",210,59,59,"Ec",31,0,1,1,1,1,0.6927777538956
"12600","1325","Ec_N",210,60,60,"Ec",31,0,1,1,1,1,0.6927777538956
"12601","1325","Ec_N",211,1,1,"Ec",1,0,0,0,0,0,0
"12602","1325","Ec_N",211,2,2,"Ec",1,0,0,0,0,0,0
"12603","1325","Ec_N",211,3,3,"Ec",1,0,0,0,0,0,0
"12604","1325","Ec_N",211,4,4,"Ec",1,0,0,0,0,0,0
"12605","1325","Ec_N",211,5,5,"Ec",2,1,0,0,0,0,0.3072222461044
"12606","1325","Ec_N",211,6,6,"Ec",2,1,0,0,0,0,0.3072222461044
"12607","1325","Ec_N",211,7,7,"Ec",2,1,0,0,0,0,0.3072222461044
"12608","1325","Ec_N",211,8,8,"Ec",2,1,0,0,0,0,0.3072222461044
"12609","1325","Ec_N",211,9,9,"Ec",2,1,0,0,0,0,0.3072222461044
"12610","1325","Ec_N",211,10,10,"Ec",2,1,0,0,0,0,0.3072222461044
"12611","1325","Ec_N",211,11,11,"Ec",10,1,0,0,1,0,0.356246730064637
"12612","1325","Ec_N",211,12,12,"Ec",10,1,0,0,1,0,0.356246730064637
"12613","1325","Ec_N",211,13,13,"Ec",10,1,0,0,1,0,0.356246730064637
"12614","1325","Ec_N",211,14,14,"Ec",10,1,0,0,1,0,0.356246730064637
"12615","1325","Ec_N",211,15,15,"Ec",10,1,0,0,1,0,0.356246730064637
"12616","1325","Ec_N",211,16,16,"Ec",10,1,0,0,1,0,0.356246730064637
"12617","1325","Ec_N",211,17,17,"Ec",10,1,0,0,1,0,0.356246730064637
"12618","1325","Ec_N",211,18,18,"Ec",10,1,0,0,1,0,0.356246730064637
"12619","1325","Ec_N",211,19,19,"Ec",26,1,0,0,1,1,0.419932675299988
"12620","1325","Ec_N",211,20,20,"Ec",26,1,0,0,1,1,0.419932675299988
"12621","1325","Ec_N",211,21,21,"Ec",26,1,0,0,1,1,0.419932675299988
"12622","1325","Ec_N",211,22,22,"Ec",26,1,0,0,1,1,0.419932675299988
"12623","1325","Ec_N",211,23,23,"Ec",26,1,0,0,1,1,0.419932675299988
"12624","1325","Ec_N",211,24,24,"Ec",26,1,0,0,1,1,0.419932675299988
"12625","1325","Ec_N",211,25,25,"Ec",26,1,0,0,1,1,0.419932675299988
"12626","1325","Ec_N",211,26,26,"Ec",26,1,0,0,1,1,0.419932675299988
"12627","1325","Ec_N",211,27,27,"Ec",26,1,0,0,1,1,0.419932675299988
"12628","1325","Ec_N",211,28,28,"Ec",26,1,0,0,1,1,0.419932675299988
"12629","1325","Ec_N",211,29,29,"Ec",26,1,0,0,1,1,0.419932675299988
"12630","1325","Ec_N",211,30,30,"Ec",26,1,0,0,1,1,0.419932675299988
"12631","1325","Ec_N",211,31,31,"Ec",26,1,0,0,1,1,0.419932675299988
"12632","1325","Ec_N",211,32,32,"Ec",26,1,0,0,1,1,0.419932675299988
"12633","1325","Ec_N",211,33,33,"Ec",26,1,0,0,1,1,0.419932675299988
"12634","1325","Ec_N",211,34,34,"Ec",26,1,0,0,1,1,0.419932675299988
"12635","1325","Ec_N",211,35,35,"Ec",26,1,0,0,1,1,0.419932675299988
"12636","1325","Ec_N",211,36,36,"Ec",26,1,0,0,1,1,0.419932675299988
"12637","1325","Ec_N",211,37,37,"Ec",26,1,0,0,1,1,0.419932675299988
"12638","1325","Ec_N",211,38,38,"Ec",26,1,0,0,1,1,0.419932675299988
"12639","1325","Ec_N",211,39,39,"Ec",26,1,0,0,1,1,0.419932675299988
"12640","1325","Ec_N",211,40,40,"Ec",26,1,0,0,1,1,0.419932675299988
"12641","1325","Ec_N",211,41,41,"Ec",26,1,0,0,1,1,0.419932675299988
"12642","1325","Ec_N",211,42,42,"Ec",26,1,0,0,1,1,0.419932675299988
"12643","1325","Ec_N",211,43,43,"Ec",26,1,0,0,1,1,0.419932675299988
"12644","1325","Ec_N",211,44,44,"Ec",26,1,0,0,1,1,0.419932675299988
"12645","1325","Ec_N",211,45,45,"Ec",26,1,0,0,1,1,0.419932675299988
"12646","1325","Ec_N",211,46,46,"Ec",26,1,0,0,1,1,0.419932675299988
"12647","1325","Ec_N",211,47,47,"Ec",26,1,0,0,1,1,0.419932675299988
"12648","1325","Ec_N",211,48,48,"Ec",26,1,0,0,1,1,0.419932675299988
"12649","1325","Ec_N",211,49,49,"Ec",26,1,0,0,1,1,0.419932675299988
"12650","1325","Ec_N",211,50,50,"Ec",26,1,0,0,1,1,0.419932675299988
"12651","1325","Ec_N",211,51,51,"Ec",26,1,0,0,1,1,0.419932675299988
"12652","1325","Ec_N",211,52,52,"Ec",26,1,0,0,1,1,0.419932675299988
"12653","1325","Ec_N",211,53,53,"Ec",26,1,0,0,1,1,0.419932675299988
"12654","1325","Ec_N",211,54,54,"Ec",26,1,0,0,1,1,0.419932675299988
"12655","1325","Ec_N",211,55,55,"Ec",26,1,0,0,1,1,0.419932675299988
"12656","1325","Ec_N",211,56,56,"Ec",26,1,0,0,1,1,0.419932675299988
"12657","1325","Ec_N",211,57,57,"Ec",26,1,0,0,1,1,0.419932675299988
"12658","1325","Ec_N",211,58,58,"Ec",26,1,0,0,1,1,0.419932675299988
"12659","1325","Ec_N",211,59,59,"Ec",26,1,0,0,1,1,0.419932675299988
"12660","1325","Ec_N",211,60,60,"Ec",26,1,0,0,1,1,0.419932675299988
"12661","1325","Ec_N",212,1,1,"Ec",1,0,0,0,0,0,0
"12662","1325","Ec_N",212,2,2,"Ec",3,0,1,0,0,0,0.420438296247818
"12663","1325","Ec_N",212,3,3,"Ec",11,0,1,0,1,0,0.503461616060769
"12664","1325","Ec_N",212,4,4,"Ec",11,0,1,0,1,0,0.503461616060769
"12665","1325","Ec_N",212,5,5,"Ec",11,0,1,0,1,0,0.503461616060769
"12666","1325","Ec_N",212,6,6,"Ec",11,0,1,0,1,0,0.503461616060769
"12667","1325","Ec_N",212,7,7,"Ec",11,0,1,0,1,0,0.503461616060769
"12668","1325","Ec_N",212,8,8,"Ec",11,0,1,0,1,0,0.503461616060769
"12669","1325","Ec_N",212,9,9,"Ec",11,0,1,0,1,0,0.503461616060769
"12670","1325","Ec_N",212,10,10,"Ec",11,0,1,0,1,0,0.503461616060769
"12671","1325","Ec_N",212,11,11,"Ec",11,0,1,0,1,0,0.503461616060769
"12672","1325","Ec_N",212,12,12,"Ec",11,0,1,0,1,0,0.503461616060769
"12673","1325","Ec_N",212,13,13,"Ec",11,0,1,0,1,0,0.503461616060769
"12674","1325","Ec_N",212,14,14,"Ec",27,0,1,0,1,1,0.533148725443406
"12675","1325","Ec_N",212,15,15,"Ec",27,0,1,0,1,1,0.533148725443406
"12676","1325","Ec_N",212,16,16,"Ec",27,0,1,0,1,1,0.533148725443406
"12677","1325","Ec_N",212,17,17,"Ec",31,0,1,1,1,1,0.6927777538956
"12678","1325","Ec_N",212,18,18,"Ec",31,0,1,1,1,1,0.6927777538956
"12679","1325","Ec_N",212,19,19,"Ec",31,0,1,1,1,1,0.6927777538956
"12680","1325","Ec_N",212,20,20,"Ec",31,0,1,1,1,1,0.6927777538956
"12681","1325","Ec_N",212,21,21,"Ec",32,1,1,1,1,1,1
"12682","1325","Ec_N",212,22,22,"Ec",32,1,1,1,1,1,1
"12683","1325","Ec_N",212,23,23,"Ec",32,1,1,1,1,1,1
"12684","1325","Ec_N",212,24,24,"Ec",32,1,1,1,1,1,1
"12685","1325","Ec_N",212,25,25,"Ec",32,1,1,1,1,1,1
"12686","1325","Ec_N",212,26,26,"Ec",32,1,1,1,1,1,1
"12687","1325","Ec_N",212,27,27,"Ec",32,1,1,1,1,1,1
"12688","1325","Ec_N",212,28,28,"Ec",32,1,1,1,1,1,1
"12689","1325","Ec_N",212,29,29,"Ec",32,1,1,1,1,1,1
"12690","1325","Ec_N",212,30,30,"Ec",32,1,1,1,1,1,1
"12691","1325","Ec_N",212,31,31,"Ec",32,1,1,1,1,1,1
"12692","1325","Ec_N",212,32,32,"Ec",32,1,1,1,1,1,1
"12693","1325","Ec_N",212,33,33,"Ec",32,1,1,1,1,1,1
"12694","1325","Ec_N",212,34,34,"Ec",32,1,1,1,1,1,1
"12695","1325","Ec_N",212,35,35,"Ec",32,1,1,1,1,1,1
"12696","1325","Ec_N",212,36,36,"Ec",32,1,1,1,1,1,1
"12697","1325","Ec_N",212,37,37,"Ec",32,1,1,1,1,1,1
"12698","1325","Ec_N",212,38,38,"Ec",32,1,1,1,1,1,1
"12699","1325","Ec_N",212,39,39,"Ec",32,1,1,1,1,1,1
"12700","1325","Ec_N",212,40,40,"Ec",32,1,1,1,1,1,1
"12701","1325","Ec_N",212,41,41,"Ec",32,1,1,1,1,1,1
"12702","1325","Ec_N",212,42,42,"Ec",32,1,1,1,1,1,1
"12703","1325","Ec_N",212,43,43,"Ec",32,1,1,1,1,1,1
"12704","1325","Ec_N",212,44,44,"Ec",32,1,1,1,1,1,1
"12705","1325","Ec_N",212,45,45,"Ec",32,1,1,1,1,1,1
"12706","1325","Ec_N",212,46,46,"Ec",32,1,1,1,1,1,1
"12707","1325","Ec_N",212,47,47,"Ec",32,1,1,1,1,1,1
"12708","1325","Ec_N",212,48,48,"Ec",32,1,1,1,1,1,1
"12709","1325","Ec_N",212,49,49,"Ec",32,1,1,1,1,1,1
"12710","1325","Ec_N",212,50,50,"Ec",32,1,1,1,1,1,1
"12711","1325","Ec_N",212,51,51,"Ec",32,1,1,1,1,1,1
"12712","1325","Ec_N",212,52,52,"Ec",32,1,1,1,1,1,1
"12713","1325","Ec_N",212,53,53,"Ec",32,1,1,1,1,1,1
"12714","1325","Ec_N",212,54,54,"Ec",32,1,1,1,1,1,1
"12715","1325","Ec_N",212,55,55,"Ec",32,1,1,1,1,1,1
"12716","1325","Ec_N",212,56,56,"Ec",32,1,1,1,1,1,1
"12717","1325","Ec_N",212,57,57,"Ec",32,1,1,1,1,1,1
"12718","1325","Ec_N",212,58,58,"Ec",32,1,1,1,1,1,1
"12719","1325","Ec_N",212,59,59,"Ec",32,1,1,1,1,1,1
"12720","1325","Ec_N",212,60,60,"Ec",32,1,1,1,1,1,1
"12721","1325","Ec_N",213,1,1,"Ec",1,0,0,0,0,0,0
"12722","1325","Ec_N",213,2,2,"Ec",1,0,0,0,0,0,0
"12723","1325","Ec_N",213,3,3,"Ec",1,0,0,0,0,0,0
"12724","1325","Ec_N",213,4,4,"Ec",2,1,0,0,0,0,0.3072222461044
"12725","1325","Ec_N",213,5,5,"Ec",2,1,0,0,0,0,0.3072222461044
"12726","1325","Ec_N",213,6,6,"Ec",2,1,0,0,0,0,0.3072222461044
"12727","1325","Ec_N",213,7,7,"Ec",2,1,0,0,0,0,0.3072222461044
"12728","1325","Ec_N",213,8,8,"Ec",2,1,0,0,0,0,0.3072222461044
"12729","1325","Ec_N",213,9,9,"Ec",2,1,0,0,0,0,0.3072222461044
"12730","1325","Ec_N",213,10,10,"Ec",6,1,0,1,0,0,0.466851274556594
"12731","1325","Ec_N",213,11,11,"Ec",6,1,0,1,0,0,0.466851274556594
"12732","1325","Ec_N",213,12,12,"Ec",6,1,0,1,0,0,0.466851274556594
"12733","1325","Ec_N",213,13,13,"Ec",6,1,0,1,0,0,0.466851274556594
"12734","1325","Ec_N",213,14,14,"Ec",8,1,1,1,0,0,0.887289570804412
"12735","1325","Ec_N",213,15,15,"Ec",8,1,1,1,0,0,0.887289570804412
"12736","1325","Ec_N",213,16,16,"Ec",8,1,1,1,0,0,0.887289570804412
"12737","1325","Ec_N",213,17,17,"Ec",8,1,1,1,0,0,0.887289570804412
"12738","1325","Ec_N",213,18,18,"Ec",8,1,1,1,0,0,0.887289570804412
"12739","1325","Ec_N",213,19,19,"Ec",8,1,1,1,0,0,0.887289570804412
"12740","1325","Ec_N",213,20,20,"Ec",8,1,1,1,0,0,0.887289570804412
"12741","1325","Ec_N",213,21,21,"Ec",8,1,1,1,0,0,0.887289570804412
"12742","1325","Ec_N",213,22,22,"Ec",8,1,1,1,0,0,0.887289570804412
"12743","1325","Ec_N",213,23,23,"Ec",8,1,1,1,0,0,0.887289570804412
"12744","1325","Ec_N",213,24,24,"Ec",8,1,1,1,0,0,0.887289570804412
"12745","1325","Ec_N",213,25,25,"Ec",8,1,1,1,0,0,0.887289570804412
"12746","1325","Ec_N",213,26,26,"Ec",8,1,1,1,0,0,0.887289570804412
"12747","1325","Ec_N",213,27,27,"Ec",8,1,1,1,0,0,0.887289570804412
"12748","1325","Ec_N",213,28,28,"Ec",8,1,1,1,0,0,0.887289570804412
"12749","1325","Ec_N",213,29,29,"Ec",8,1,1,1,0,0,0.887289570804412
"12750","1325","Ec_N",213,30,30,"Ec",8,1,1,1,0,0,0.887289570804412
"12751","1325","Ec_N",213,31,31,"Ec",8,1,1,1,0,0,0.887289570804412
"12752","1325","Ec_N",213,32,32,"Ec",8,1,1,1,0,0,0.887289570804412
"12753","1325","Ec_N",213,33,33,"Ec",8,1,1,1,0,0,0.887289570804412
"12754","1325","Ec_N",213,34,34,"Ec",8,1,1,1,0,0,0.887289570804412
"12755","1325","Ec_N",213,35,35,"Ec",8,1,1,1,0,0,0.887289570804412
"12756","1325","Ec_N",213,36,36,"Ec",8,1,1,1,0,0,0.887289570804412
"12757","1325","Ec_N",213,37,37,"Ec",8,1,1,1,0,0,0.887289570804412
"12758","1325","Ec_N",213,38,38,"Ec",8,1,1,1,0,0,0.887289570804412
"12759","1325","Ec_N",213,39,39,"Ec",8,1,1,1,0,0,0.887289570804412
"12760","1325","Ec_N",213,40,40,"Ec",8,1,1,1,0,0,0.887289570804412
"12761","1325","Ec_N",213,41,41,"Ec",8,1,1,1,0,0,0.887289570804412
"12762","1325","Ec_N",213,42,42,"Ec",8,1,1,1,0,0,0.887289570804412
"12763","1325","Ec_N",213,43,43,"Ec",8,1,1,1,0,0,0.887289570804412
"12764","1325","Ec_N",213,44,44,"Ec",8,1,1,1,0,0,0.887289570804412
"12765","1325","Ec_N",213,45,45,"Ec",16,1,1,1,1,0,0.93631405476465
"12766","1325","Ec_N",213,46,46,"Ec",16,1,1,1,1,0,0.93631405476465
"12767","1325","Ec_N",213,47,47,"Ec",16,1,1,1,1,0,0.93631405476465
"12768","1325","Ec_N",213,48,48,"Ec",16,1,1,1,1,0,0.93631405476465
"12769","1325","Ec_N",213,49,49,"Ec",16,1,1,1,1,0,0.93631405476465
"12770","1325","Ec_N",213,50,50,"Ec",16,1,1,1,1,0,0.93631405476465
"12771","1325","Ec_N",213,51,51,"Ec",16,1,1,1,1,0,0.93631405476465
"12772","1325","Ec_N",213,52,52,"Ec",16,1,1,1,1,0,0.93631405476465
"12773","1325","Ec_N",213,53,53,"Ec",32,1,1,1,1,1,1
"12774","1325","Ec_N",213,54,54,"Ec",32,1,1,1,1,1,1
"12775","1325","Ec_N",213,55,55,"Ec",32,1,1,1,1,1,1
"12776","1325","Ec_N",213,56,56,"Ec",32,1,1,1,1,1,1
"12777","1325","Ec_N",213,57,57,"Ec",32,1,1,1,1,1,1
"12778","1325","Ec_N",213,58,58,"Ec",32,1,1,1,1,1,1
"12779","1325","Ec_N",213,59,59,"Ec",32,1,1,1,1,1,1
"12780","1325","Ec_N",213,60,60,"Ec",32,1,1,1,1,1,1
"12781","1325","Ec_N",214,1,1,"Ec",1,0,0,0,0,0,0
"12782","1325","Ec_N",214,2,2,"Ec",3,0,1,0,0,0,0.420438296247818
"12783","1325","Ec_N",214,3,3,"Ec",3,0,1,0,0,0,0.420438296247818
"12784","1325","Ec_N",214,4,4,"Ec",3,0,1,0,0,0,0.420438296247818
"12785","1325","Ec_N",214,5,5,"Ec",7,0,1,1,0,0,0.580067324700012
"12786","1325","Ec_N",214,6,6,"Ec",7,0,1,1,0,0,0.580067324700012
"12787","1325","Ec_N",214,7,7,"Ec",7,0,1,1,0,0,0.580067324700012
"12788","1325","Ec_N",214,8,8,"Ec",7,0,1,1,0,0,0.580067324700012
"12789","1325","Ec_N",214,9,9,"Ec",7,0,1,1,0,0,0.580067324700012
"12790","1325","Ec_N",214,10,10,"Ec",7,0,1,1,0,0,0.580067324700012
"12791","1325","Ec_N",214,11,11,"Ec",7,0,1,1,0,0,0.580067324700012
"12792","1325","Ec_N",214,12,12,"Ec",15,0,1,1,1,0,0.62909180866025
"12793","1325","Ec_N",214,13,13,"Ec",15,0,1,1,1,0,0.62909180866025
"12794","1325","Ec_N",214,14,14,"Ec",15,0,1,1,1,0,0.62909180866025
"12795","1325","Ec_N",214,15,15,"Ec",15,0,1,1,1,0,0.62909180866025
"12796","1325","Ec_N",214,16,16,"Ec",15,0,1,1,1,0,0.62909180866025
"12797","1325","Ec_N",214,17,17,"Ec",15,0,1,1,1,0,0.62909180866025
"12798","1325","Ec_N",214,18,18,"Ec",15,0,1,1,1,0,0.62909180866025
"12799","1325","Ec_N",214,19,19,"Ec",15,0,1,1,1,0,0.62909180866025
"12800","1325","Ec_N",214,20,20,"Ec",15,0,1,1,1,0,0.62909180866025
"12801","1325","Ec_N",214,21,21,"Ec",15,0,1,1,1,0,0.62909180866025
"12802","1325","Ec_N",214,22,22,"Ec",15,0,1,1,1,0,0.62909180866025
"12803","1325","Ec_N",214,23,23,"Ec",15,0,1,1,1,0,0.62909180866025
"12804","1325","Ec_N",214,24,24,"Ec",15,0,1,1,1,0,0.62909180866025
"12805","1325","Ec_N",214,25,25,"Ec",15,0,1,1,1,0,0.62909180866025
"12806","1325","Ec_N",214,26,26,"Ec",15,0,1,1,1,0,0.62909180866025
"12807","1325","Ec_N",214,27,27,"Ec",15,0,1,1,1,0,0.62909180866025
"12808","1325","Ec_N",214,28,28,"Ec",15,0,1,1,1,0,0.62909180866025
"12809","1325","Ec_N",214,29,29,"Ec",15,0,1,1,1,0,0.62909180866025
"12810","1325","Ec_N",214,30,30,"Ec",15,0,1,1,1,0,0.62909180866025
"12811","1325","Ec_N",214,31,31,"Ec",15,0,1,1,1,0,0.62909180866025
"12812","1325","Ec_N",214,32,32,"Ec",15,0,1,1,1,0,0.62909180866025
"12813","1325","Ec_N",214,33,33,"Ec",15,0,1,1,1,0,0.62909180866025
"12814","1325","Ec_N",214,34,34,"Ec",15,0,1,1,1,0,0.62909180866025
"12815","1325","Ec_N",214,35,35,"Ec",16,1,1,1,1,0,0.93631405476465
"12816","1325","Ec_N",214,36,36,"Ec",16,1,1,1,1,0,0.93631405476465
"12817","1325","Ec_N",214,37,37,"Ec",16,1,1,1,1,0,0.93631405476465
"12818","1325","Ec_N",214,38,38,"Ec",16,1,1,1,1,0,0.93631405476465
"12819","1325","Ec_N",214,39,39,"Ec",16,1,1,1,1,0,0.93631405476465
"12820","1325","Ec_N",214,40,40,"Ec",16,1,1,1,1,0,0.93631405476465
"12821","1325","Ec_N",214,41,41,"Ec",16,1,1,1,1,0,0.93631405476465
"12822","1325","Ec_N",214,42,42,"Ec",16,1,1,1,1,0,0.93631405476465
"12823","1325","Ec_N",214,43,43,"Ec",16,1,1,1,1,0,0.93631405476465
"12824","1325","Ec_N",214,44,44,"Ec",16,1,1,1,1,0,0.93631405476465
"12825","1325","Ec_N",214,45,45,"Ec",16,1,1,1,1,0,0.93631405476465
"12826","1325","Ec_N",214,46,46,"Ec",16,1,1,1,1,0,0.93631405476465
"12827","1325","Ec_N",214,47,47,"Ec",16,1,1,1,1,0,0.93631405476465
"12828","1325","Ec_N",214,48,48,"Ec",16,1,1,1,1,0,0.93631405476465
"12829","1325","Ec_N",214,49,49,"Ec",16,1,1,1,1,0,0.93631405476465
"12830","1325","Ec_N",214,50,50,"Ec",16,1,1,1,1,0,0.93631405476465
"12831","1325","Ec_N",214,51,51,"Ec",16,1,1,1,1,0,0.93631405476465
"12832","1325","Ec_N",214,52,52,"Ec",16,1,1,1,1,0,0.93631405476465
"12833","1325","Ec_N",214,53,53,"Ec",16,1,1,1,1,0,0.93631405476465
"12834","1325","Ec_N",214,54,54,"Ec",16,1,1,1,1,0,0.93631405476465
"12835","1325","Ec_N",214,55,55,"Ec",16,1,1,1,1,0,0.93631405476465
"12836","1325","Ec_N",214,56,56,"Ec",16,1,1,1,1,0,0.93631405476465
"12837","1325","Ec_N",214,57,57,"Ec",16,1,1,1,1,0,0.93631405476465
"12838","1325","Ec_N",214,58,58,"Ec",16,1,1,1,1,0,0.93631405476465
"12839","1325","Ec_N",214,59,59,"Ec",16,1,1,1,1,0,0.93631405476465
"12840","1325","Ec_N",214,60,60,"Ec",16,1,1,1,1,0,0.93631405476465
"12841","1325","Ec_N",215,1,1,"Ec",1,0,0,0,0,0,0
"12842","1325","Ec_N",215,2,2,"Ec",1,0,0,0,0,0,0
"12843","1325","Ec_N",215,3,3,"Ec",5,0,0,1,0,0,0.159629028452195
"12844","1325","Ec_N",215,4,4,"Ec",5,0,0,1,0,0,0.159629028452195
"12845","1325","Ec_N",215,5,5,"Ec",7,0,1,1,0,0,0.580067324700012
"12846","1325","Ec_N",215,6,6,"Ec",7,0,1,1,0,0,0.580067324700012
"12847","1325","Ec_N",215,7,7,"Ec",7,0,1,1,0,0,0.580067324700012
"12848","1325","Ec_N",215,8,8,"Ec",7,0,1,1,0,0,0.580067324700012
"12849","1325","Ec_N",215,9,9,"Ec",7,0,1,1,0,0,0.580067324700012
"12850","1325","Ec_N",215,10,10,"Ec",7,0,1,1,0,0,0.580067324700012
"12851","1325","Ec_N",215,11,11,"Ec",7,0,1,1,0,0,0.580067324700012
"12852","1325","Ec_N",215,12,12,"Ec",7,0,1,1,0,0,0.580067324700012
"12853","1325","Ec_N",215,13,13,"Ec",7,0,1,1,0,0,0.580067324700012
"12854","1325","Ec_N",215,14,14,"Ec",7,0,1,1,0,0,0.580067324700012
"12855","1325","Ec_N",215,15,15,"Ec",7,0,1,1,0,0,0.580067324700012
"12856","1325","Ec_N",215,16,16,"Ec",7,0,1,1,0,0,0.580067324700012
"12857","1325","Ec_N",215,17,17,"Ec",7,0,1,1,0,0,0.580067324700012
"12858","1325","Ec_N",215,18,18,"Ec",7,0,1,1,0,0,0.580067324700012
"12859","1325","Ec_N",215,19,19,"Ec",7,0,1,1,0,0,0.580067324700012
"12860","1325","Ec_N",215,20,20,"Ec",7,0,1,1,0,0,0.580067324700012
"12861","1325","Ec_N",215,21,21,"Ec",7,0,1,1,0,0,0.580067324700012
"12862","1325","Ec_N",215,22,22,"Ec",7,0,1,1,0,0,0.580067324700012
"12863","1325","Ec_N",215,23,23,"Ec",7,0,1,1,0,0,0.580067324700012
"12864","1325","Ec_N",215,24,24,"Ec",7,0,1,1,0,0,0.580067324700012
"12865","1325","Ec_N",215,25,25,"Ec",7,0,1,1,0,0,0.580067324700012
"12866","1325","Ec_N",215,26,26,"Ec",7,0,1,1,0,0,0.580067324700012
"12867","1325","Ec_N",215,27,27,"Ec",7,0,1,1,0,0,0.580067324700012
"12868","1325","Ec_N",215,28,28,"Ec",15,0,1,1,1,0,0.62909180866025
"12869","1325","Ec_N",215,29,29,"Ec",15,0,1,1,1,0,0.62909180866025
"12870","1325","Ec_N",215,30,30,"Ec",15,0,1,1,1,0,0.62909180866025
"12871","1325","Ec_N",215,31,31,"Ec",15,0,1,1,1,0,0.62909180866025
"12872","1325","Ec_N",215,32,32,"Ec",31,0,1,1,1,1,0.6927777538956
"12873","1325","Ec_N",215,33,33,"Ec",31,0,1,1,1,1,0.6927777538956
"12874","1325","Ec_N",215,34,34,"Ec",31,0,1,1,1,1,0.6927777538956
"12875","1325","Ec_N",215,35,35,"Ec",31,0,1,1,1,1,0.6927777538956
"12876","1325","Ec_N",215,36,36,"Ec",31,0,1,1,1,1,0.6927777538956
"12877","1325","Ec_N",215,37,37,"Ec",31,0,1,1,1,1,0.6927777538956
"12878","1325","Ec_N",215,38,38,"Ec",31,0,1,1,1,1,0.6927777538956
"12879","1325","Ec_N",215,39,39,"Ec",31,0,1,1,1,1,0.6927777538956
"12880","1325","Ec_N",215,40,40,"Ec",32,1,1,1,1,1,1
"12881","1325","Ec_N",215,41,41,"Ec",32,1,1,1,1,1,1
"12882","1325","Ec_N",215,42,42,"Ec",32,1,1,1,1,1,1
"12883","1325","Ec_N",215,43,43,"Ec",32,1,1,1,1,1,1
"12884","1325","Ec_N",215,44,44,"Ec",32,1,1,1,1,1,1
"12885","1325","Ec_N",215,45,45,"Ec",32,1,1,1,1,1,1
"12886","1325","Ec_N",215,46,46,"Ec",32,1,1,1,1,1,1
"12887","1325","Ec_N",215,47,47,"Ec",32,1,1,1,1,1,1
"12888","1325","Ec_N",215,48,48,"Ec",32,1,1,1,1,1,1
"12889","1325","Ec_N",215,49,49,"Ec",32,1,1,1,1,1,1
"12890","1325","Ec_N",215,50,50,"Ec",32,1,1,1,1,1,1
"12891","1325","Ec_N",215,51,51,"Ec",32,1,1,1,1,1,1
"12892","1325","Ec_N",215,52,52,"Ec",32,1,1,1,1,1,1
"12893","1325","Ec_N",215,53,53,"Ec",32,1,1,1,1,1,1
"12894","1325","Ec_N",215,54,54,"Ec",32,1,1,1,1,1,1
"12895","1325","Ec_N",215,55,55,"Ec",32,1,1,1,1,1,1
"12896","1325","Ec_N",215,56,56,"Ec",32,1,1,1,1,1,1
"12897","1325","Ec_N",215,57,57,"Ec",32,1,1,1,1,1,1
"12898","1325","Ec_N",215,58,58,"Ec",32,1,1,1,1,1,1
"12899","1325","Ec_N",215,59,59,"Ec",32,1,1,1,1,1,1
"12900","1325","Ec_N",215,60,60,"Ec",32,1,1,1,1,1,1
"12901","1325","Ec_N",216,1,1,"Ec",1,0,0,0,0,0,0
"12902","1325","Ec_N",216,2,2,"Ec",1,0,0,0,0,0,0
"12903","1325","Ec_N",216,3,3,"Ec",1,0,0,0,0,0,0
"12904","1325","Ec_N",216,4,4,"Ec",1,0,0,0,0,0,0
"12905","1325","Ec_N",216,5,5,"Ec",1,0,0,0,0,0,0
"12906","1325","Ec_N",216,6,6,"Ec",1,0,0,0,0,0,0
"12907","1325","Ec_N",216,7,7,"Ec",1,0,0,0,0,0,0
"12908","1325","Ec_N",216,8,8,"Ec",1,0,0,0,0,0,0
"12909","1325","Ec_N",216,9,9,"Ec",1,0,0,0,0,0,0
"12910","1325","Ec_N",216,10,10,"Ec",1,0,0,0,0,0,0
"12911","1325","Ec_N",216,11,11,"Ec",1,0,0,0,0,0,0
"12912","1325","Ec_N",216,12,12,"Ec",1,0,0,0,0,0,0
"12913","1325","Ec_N",216,13,13,"Ec",1,0,0,0,0,0,0
"12914","1325","Ec_N",216,14,14,"Ec",1,0,0,0,0,0,0
"12915","1325","Ec_N",216,15,15,"Ec",1,0,0,0,0,0,0
"12916","1325","Ec_N",216,16,16,"Ec",1,0,0,0,0,0,0
"12917","1325","Ec_N",216,17,17,"Ec",5,0,0,1,0,0,0.159629028452195
"12918","1325","Ec_N",216,18,18,"Ec",7,0,1,1,0,0,0.580067324700012
"12919","1325","Ec_N",216,19,19,"Ec",7,0,1,1,0,0,0.580067324700012
"12920","1325","Ec_N",216,20,20,"Ec",7,0,1,1,0,0,0.580067324700012
"12921","1325","Ec_N",216,21,21,"Ec",8,1,1,1,0,0,0.887289570804412
"12922","1325","Ec_N",216,22,22,"Ec",8,1,1,1,0,0,0.887289570804412
"12923","1325","Ec_N",216,23,23,"Ec",8,1,1,1,0,0,0.887289570804412
"12924","1325","Ec_N",216,24,24,"Ec",8,1,1,1,0,0,0.887289570804412
"12925","1325","Ec_N",216,25,25,"Ec",8,1,1,1,0,0,0.887289570804412
"12926","1325","Ec_N",216,26,26,"Ec",8,1,1,1,0,0,0.887289570804412
"12927","1325","Ec_N",216,27,27,"Ec",8,1,1,1,0,0,0.887289570804412
"12928","1325","Ec_N",216,28,28,"Ec",8,1,1,1,0,0,0.887289570804412
"12929","1325","Ec_N",216,29,29,"Ec",8,1,1,1,0,0,0.887289570804412
"12930","1325","Ec_N",216,30,30,"Ec",8,1,1,1,0,0,0.887289570804412
"12931","1325","Ec_N",216,31,31,"Ec",16,1,1,1,1,0,0.93631405476465
"12932","1325","Ec_N",216,32,32,"Ec",16,1,1,1,1,0,0.93631405476465
"12933","1325","Ec_N",216,33,33,"Ec",16,1,1,1,1,0,0.93631405476465
"12934","1325","Ec_N",216,34,34,"Ec",16,1,1,1,1,0,0.93631405476465
"12935","1325","Ec_N",216,35,35,"Ec",16,1,1,1,1,0,0.93631405476465
"12936","1325","Ec_N",216,36,36,"Ec",16,1,1,1,1,0,0.93631405476465
"12937","1325","Ec_N",216,37,37,"Ec",16,1,1,1,1,0,0.93631405476465
"12938","1325","Ec_N",216,38,38,"Ec",16,1,1,1,1,0,0.93631405476465
"12939","1325","Ec_N",216,39,39,"Ec",16,1,1,1,1,0,0.93631405476465
"12940","1325","Ec_N",216,40,40,"Ec",16,1,1,1,1,0,0.93631405476465
"12941","1325","Ec_N",216,41,41,"Ec",16,1,1,1,1,0,0.93631405476465
"12942","1325","Ec_N",216,42,42,"Ec",16,1,1,1,1,0,0.93631405476465
"12943","1325","Ec_N",216,43,43,"Ec",16,1,1,1,1,0,0.93631405476465
"12944","1325","Ec_N",216,44,44,"Ec",16,1,1,1,1,0,0.93631405476465
"12945","1325","Ec_N",216,45,45,"Ec",16,1,1,1,1,0,0.93631405476465
"12946","1325","Ec_N",216,46,46,"Ec",16,1,1,1,1,0,0.93631405476465
"12947","1325","Ec_N",216,47,47,"Ec",16,1,1,1,1,0,0.93631405476465
"12948","1325","Ec_N",216,48,48,"Ec",16,1,1,1,1,0,0.93631405476465
"12949","1325","Ec_N",216,49,49,"Ec",16,1,1,1,1,0,0.93631405476465
"12950","1325","Ec_N",216,50,50,"Ec",16,1,1,1,1,0,0.93631405476465
"12951","1325","Ec_N",216,51,51,"Ec",16,1,1,1,1,0,0.93631405476465
"12952","1325","Ec_N",216,52,52,"Ec",16,1,1,1,1,0,0.93631405476465
"12953","1325","Ec_N",216,53,53,"Ec",16,1,1,1,1,0,0.93631405476465
"12954","1325","Ec_N",216,54,54,"Ec",16,1,1,1,1,0,0.93631405476465
"12955","1325","Ec_N",216,55,55,"Ec",16,1,1,1,1,0,0.93631405476465
"12956","1325","Ec_N",216,56,56,"Ec",16,1,1,1,1,0,0.93631405476465
"12957","1325","Ec_N",216,57,57,"Ec",16,1,1,1,1,0,0.93631405476465
"12958","1325","Ec_N",216,58,58,"Ec",16,1,1,1,1,0,0.93631405476465
"12959","1325","Ec_N",216,59,59,"Ec",16,1,1,1,1,0,0.93631405476465
"12960","1325","Ec_N",216,60,60,"Ec",16,1,1,1,1,0,0.93631405476465
"12961","1325","Ec_N",217,1,1,"Ec",1,0,0,0,0,0,0
"12962","1325","Ec_N",217,2,2,"Ec",1,0,0,0,0,0,0
"12963","1325","Ec_N",217,3,3,"Ec",1,0,0,0,0,0,0
"12964","1325","Ec_N",217,4,4,"Ec",1,0,0,0,0,0,0
"12965","1325","Ec_N",217,5,5,"Ec",2,1,0,0,0,0,0.3072222461044
"12966","1325","Ec_N",217,6,6,"Ec",2,1,0,0,0,0,0.3072222461044
"12967","1325","Ec_N",217,7,7,"Ec",2,1,0,0,0,0,0.3072222461044
"12968","1325","Ec_N",217,8,8,"Ec",2,1,0,0,0,0,0.3072222461044
"12969","1325","Ec_N",217,9,9,"Ec",2,1,0,0,0,0,0.3072222461044
"12970","1325","Ec_N",217,10,10,"Ec",4,1,1,0,0,0,0.727660542352217
"12971","1325","Ec_N",217,11,11,"Ec",4,1,1,0,0,0,0.727660542352217
"12972","1325","Ec_N",217,12,12,"Ec",4,1,1,0,0,0,0.727660542352217
"12973","1325","Ec_N",217,13,13,"Ec",12,1,1,0,1,0,0.776685026312455
"12974","1325","Ec_N",217,14,14,"Ec",12,1,1,0,1,0,0.776685026312455
"12975","1325","Ec_N",217,15,15,"Ec",12,1,1,0,1,0,0.776685026312455
"12976","1325","Ec_N",217,16,16,"Ec",12,1,1,0,1,0,0.776685026312455
"12977","1325","Ec_N",217,17,17,"Ec",12,1,1,0,1,0,0.776685026312455
"12978","1325","Ec_N",217,18,18,"Ec",12,1,1,0,1,0,0.776685026312455
"12979","1325","Ec_N",217,19,19,"Ec",28,1,1,0,1,1,0.815884725734249
"12980","1325","Ec_N",217,20,20,"Ec",28,1,1,0,1,1,0.815884725734249
"12981","1325","Ec_N",217,21,21,"Ec",32,1,1,1,1,1,1
"12982","1325","Ec_N",217,22,22,"Ec",32,1,1,1,1,1,1
"12983","1325","Ec_N",217,23,23,"Ec",32,1,1,1,1,1,1
"12984","1325","Ec_N",217,24,24,"Ec",32,1,1,1,1,1,1
"12985","1325","Ec_N",217,25,25,"Ec",32,1,1,1,1,1,1
"12986","1325","Ec_N",217,26,26,"Ec",32,1,1,1,1,1,1
"12987","1325","Ec_N",217,27,27,"Ec",32,1,1,1,1,1,1
"12988","1325","Ec_N",217,28,28,"Ec",32,1,1,1,1,1,1
"12989","1325","Ec_N",217,29,29,"Ec",32,1,1,1,1,1,1
"12990","1325","Ec_N",217,30,30,"Ec",32,1,1,1,1,1,1
"12991","1325","Ec_N",217,31,31,"Ec",32,1,1,1,1,1,1
"12992","1325","Ec_N",217,32,32,"Ec",32,1,1,1,1,1,1
"12993","1325","Ec_N",217,33,33,"Ec",32,1,1,1,1,1,1
"12994","1325","Ec_N",217,34,34,"Ec",32,1,1,1,1,1,1
"12995","1325","Ec_N",217,35,35,"Ec",32,1,1,1,1,1,1
"12996","1325","Ec_N",217,36,36,"Ec",32,1,1,1,1,1,1
"12997","1325","Ec_N",217,37,37,"Ec",32,1,1,1,1,1,1
"12998","1325","Ec_N",217,38,38,"Ec",32,1,1,1,1,1,1
"12999","1325","Ec_N",217,39,39,"Ec",32,1,1,1,1,1,1
"13000","1325","Ec_N",217,40,40,"Ec",32,1,1,1,1,1,1
"13001","1325","Ec_N",217,41,41,"Ec",32,1,1,1,1,1,1
"13002","1325","Ec_N",217,42,42,"Ec",32,1,1,1,1,1,1
"13003","1325","Ec_N",217,43,43,"Ec",32,1,1,1,1,1,1
"13004","1325","Ec_N",217,44,44,"Ec",32,1,1,1,1,1,1
"13005","1325","Ec_N",217,45,45,"Ec",32,1,1,1,1,1,1
"13006","1325","Ec_N",217,46,46,"Ec",32,1,1,1,1,1,1
"13007","1325","Ec_N",217,47,47,"Ec",32,1,1,1,1,1,1
"13008","1325","Ec_N",217,48,48,"Ec",32,1,1,1,1,1,1
"13009","1325","Ec_N",217,49,49,"Ec",32,1,1,1,1,1,1
"13010","1325","Ec_N",217,50,50,"Ec",32,1,1,1,1,1,1
"13011","1325","Ec_N",217,51,51,"Ec",32,1,1,1,1,1,1
"13012","1325","Ec_N",217,52,52,"Ec",32,1,1,1,1,1,1
"13013","1325","Ec_N",217,53,53,"Ec",32,1,1,1,1,1,1
"13014","1325","Ec_N",217,54,54,"Ec",32,1,1,1,1,1,1
"13015","1325","Ec_N",217,55,55,"Ec",32,1,1,1,1,1,1
"13016","1325","Ec_N",217,56,56,"Ec",32,1,1,1,1,1,1
"13017","1325","Ec_N",217,57,57,"Ec",32,1,1,1,1,1,1
"13018","1325","Ec_N",217,58,58,"Ec",32,1,1,1,1,1,1
"13019","1325","Ec_N",217,59,59,"Ec",32,1,1,1,1,1,1
"13020","1325","Ec_N",217,60,60,"Ec",32,1,1,1,1,1,1
"13021","1325","Ec_N",218,1,1,"Ec",1,0,0,0,0,0,0
"13022","1325","Ec_N",218,2,2,"Ec",1,0,0,0,0,0,0
"13023","1325","Ec_N",218,3,3,"Ec",1,0,0,0,0,0,0
"13024","1325","Ec_N",218,4,4,"Ec",9,0,0,0,1,0,0.0490244839602376
"13025","1325","Ec_N",218,5,5,"Ec",25,0,0,0,1,1,0.112710429195588
"13026","1325","Ec_N",218,6,6,"Ec",25,0,0,0,1,1,0.112710429195588
"13027","1325","Ec_N",218,7,7,"Ec",25,0,0,0,1,1,0.112710429195588
"13028","1325","Ec_N",218,8,8,"Ec",25,0,0,0,1,1,0.112710429195588
"13029","1325","Ec_N",218,9,9,"Ec",26,1,0,0,1,1,0.419932675299988
"13030","1325","Ec_N",218,10,10,"Ec",26,1,0,0,1,1,0.419932675299988
"13031","1325","Ec_N",218,11,11,"Ec",30,1,0,1,1,1,0.579561703752182
"13032","1325","Ec_N",218,12,12,"Ec",30,1,0,1,1,1,0.579561703752182
"13033","1325","Ec_N",218,13,13,"Ec",30,1,0,1,1,1,0.579561703752182
"13034","1325","Ec_N",218,14,14,"Ec",30,1,0,1,1,1,0.579561703752182
"13035","1325","Ec_N",218,15,15,"Ec",30,1,0,1,1,1,0.579561703752182
"13036","1325","Ec_N",218,16,16,"Ec",30,1,0,1,1,1,0.579561703752182
"13037","1325","Ec_N",218,17,17,"Ec",30,1,0,1,1,1,0.579561703752182
"13038","1325","Ec_N",218,18,18,"Ec",30,1,0,1,1,1,0.579561703752182
"13039","1325","Ec_N",218,19,19,"Ec",30,1,0,1,1,1,0.579561703752182
"13040","1325","Ec_N",218,20,20,"Ec",30,1,0,1,1,1,0.579561703752182
"13041","1325","Ec_N",218,21,21,"Ec",32,1,1,1,1,1,1
"13042","1325","Ec_N",218,22,22,"Ec",32,1,1,1,1,1,1
"13043","1325","Ec_N",218,23,23,"Ec",32,1,1,1,1,1,1
"13044","1325","Ec_N",218,24,24,"Ec",32,1,1,1,1,1,1
"13045","1325","Ec_N",218,25,25,"Ec",32,1,1,1,1,1,1
"13046","1325","Ec_N",218,26,26,"Ec",32,1,1,1,1,1,1
"13047","1325","Ec_N",218,27,27,"Ec",32,1,1,1,1,1,1
"13048","1325","Ec_N",218,28,28,"Ec",32,1,1,1,1,1,1
"13049","1325","Ec_N",218,29,29,"Ec",32,1,1,1,1,1,1
"13050","1325","Ec_N",218,30,30,"Ec",32,1,1,1,1,1,1
"13051","1325","Ec_N",218,31,31,"Ec",32,1,1,1,1,1,1
"13052","1325","Ec_N",218,32,32,"Ec",32,1,1,1,1,1,1
"13053","1325","Ec_N",218,33,33,"Ec",32,1,1,1,1,1,1
"13054","1325","Ec_N",218,34,34,"Ec",32,1,1,1,1,1,1
"13055","1325","Ec_N",218,35,35,"Ec",32,1,1,1,1,1,1
"13056","1325","Ec_N",218,36,36,"Ec",32,1,1,1,1,1,1
"13057","1325","Ec_N",218,37,37,"Ec",32,1,1,1,1,1,1
"13058","1325","Ec_N",218,38,38,"Ec",32,1,1,1,1,1,1
"13059","1325","Ec_N",218,39,39,"Ec",32,1,1,1,1,1,1
"13060","1325","Ec_N",218,40,40,"Ec",32,1,1,1,1,1,1
"13061","1325","Ec_N",218,41,41,"Ec",32,1,1,1,1,1,1
"13062","1325","Ec_N",218,42,42,"Ec",32,1,1,1,1,1,1
"13063","1325","Ec_N",218,43,43,"Ec",32,1,1,1,1,1,1
"13064","1325","Ec_N",218,44,44,"Ec",32,1,1,1,1,1,1
"13065","1325","Ec_N",218,45,45,"Ec",32,1,1,1,1,1,1
"13066","1325","Ec_N",218,46,46,"Ec",32,1,1,1,1,1,1
"13067","1325","Ec_N",218,47,47,"Ec",32,1,1,1,1,1,1
"13068","1325","Ec_N",218,48,48,"Ec",32,1,1,1,1,1,1
"13069","1325","Ec_N",218,49,49,"Ec",32,1,1,1,1,1,1
"13070","1325","Ec_N",218,50,50,"Ec",32,1,1,1,1,1,1
"13071","1325","Ec_N",218,51,51,"Ec",32,1,1,1,1,1,1
"13072","1325","Ec_N",218,52,52,"Ec",32,1,1,1,1,1,1
"13073","1325","Ec_N",218,53,53,"Ec",32,1,1,1,1,1,1
"13074","1325","Ec_N",218,54,54,"Ec",32,1,1,1,1,1,1
"13075","1325","Ec_N",218,55,55,"Ec",32,1,1,1,1,1,1
"13076","1325","Ec_N",218,56,56,"Ec",32,1,1,1,1,1,1
"13077","1325","Ec_N",218,57,57,"Ec",32,1,1,1,1,1,1
"13078","1325","Ec_N",218,58,58,"Ec",32,1,1,1,1,1,1
"13079","1325","Ec_N",218,59,59,"Ec",32,1,1,1,1,1,1
"13080","1325","Ec_N",218,60,60,"Ec",32,1,1,1,1,1,1
"13081","1325","Ec_N",219,1,1,"Ec",1,0,0,0,0,0,0
"13082","1325","Ec_N",219,2,2,"Ec",1,0,0,0,0,0,0
"13083","1325","Ec_N",219,3,3,"Ec",1,0,0,0,0,0,0
"13084","1325","Ec_N",219,4,4,"Ec",1,0,0,0,0,0,0
"13085","1325","Ec_N",219,5,5,"Ec",1,0,0,0,0,0,0
"13086","1325","Ec_N",219,6,6,"Ec",1,0,0,0,0,0,0
"13087","1325","Ec_N",219,7,7,"Ec",17,0,0,0,0,1,0.0636859452353503
"13088","1325","Ec_N",219,8,8,"Ec",17,0,0,0,0,1,0.0636859452353503
"13089","1325","Ec_N",219,9,9,"Ec",17,0,0,0,0,1,0.0636859452353503
"13090","1325","Ec_N",219,10,10,"Ec",17,0,0,0,0,1,0.0636859452353503
"13091","1325","Ec_N",219,11,11,"Ec",17,0,0,0,0,1,0.0636859452353503
"13092","1325","Ec_N",219,12,12,"Ec",17,0,0,0,0,1,0.0636859452353503
"13093","1325","Ec_N",219,13,13,"Ec",21,0,0,1,0,1,0.223314973687545
"13094","1325","Ec_N",219,14,14,"Ec",21,0,0,1,0,1,0.223314973687545
"13095","1325","Ec_N",219,15,15,"Ec",21,0,0,1,0,1,0.223314973687545
"13096","1325","Ec_N",219,16,16,"Ec",23,0,1,1,0,1,0.57389469344254
"13097","1325","Ec_N",219,17,17,"Ec",23,0,1,1,0,1,0.57389469344254
"13098","1325","Ec_N",219,18,18,"Ec",23,0,1,1,0,1,0.57389469344254
"13099","1325","Ec_N",219,19,19,"Ec",23,0,1,1,0,1,0.57389469344254
"13100","1325","Ec_N",219,20,20,"Ec",23,0,1,1,0,1,0.57389469344254
"13101","1325","Ec_N",219,21,21,"Ec",23,0,1,1,0,1,0.57389469344254
"13102","1325","Ec_N",219,22,22,"Ec",23,0,1,1,0,1,0.57389469344254
"13103","1325","Ec_N",219,23,23,"Ec",7,0,1,1,0,0,0.580067324700012
"13104","1325","Ec_N",219,24,24,"Ec",7,0,1,1,0,0,0.580067324700012
"13105","1325","Ec_N",219,25,25,"Ec",7,0,1,1,0,0,0.580067324700012
"13106","1325","Ec_N",219,26,26,"Ec",7,0,1,1,0,0,0.580067324700012
"13107","1325","Ec_N",219,27,27,"Ec",7,0,1,1,0,0,0.580067324700012
"13108","1325","Ec_N",219,28,28,"Ec",7,0,1,1,0,0,0.580067324700012
"13109","1325","Ec_N",219,29,29,"Ec",7,0,1,1,0,0,0.580067324700012
"13110","1325","Ec_N",219,30,30,"Ec",7,0,1,1,0,0,0.580067324700012
"13111","1325","Ec_N",219,31,31,"Ec",7,0,1,1,0,0,0.580067324700012
"13112","1325","Ec_N",219,32,32,"Ec",7,0,1,1,0,0,0.580067324700012
"13113","1325","Ec_N",219,33,33,"Ec",7,0,1,1,0,0,0.580067324700012
"13114","1325","Ec_N",219,34,34,"Ec",7,0,1,1,0,0,0.580067324700012
"13115","1325","Ec_N",219,35,35,"Ec",7,0,1,1,0,0,0.580067324700012
"13116","1325","Ec_N",219,36,36,"Ec",7,0,1,1,0,0,0.580067324700012
"13117","1325","Ec_N",219,37,37,"Ec",8,1,1,1,0,0,0.887289570804412
"13118","1325","Ec_N",219,38,38,"Ec",8,1,1,1,0,0,0.887289570804412
"13119","1325","Ec_N",219,39,39,"Ec",8,1,1,1,0,0,0.887289570804412
"13120","1325","Ec_N",219,40,40,"Ec",8,1,1,1,0,0,0.887289570804412
"13121","1325","Ec_N",219,41,41,"Ec",8,1,1,1,0,0,0.887289570804412
"13122","1325","Ec_N",219,42,42,"Ec",8,1,1,1,0,0,0.887289570804412
"13123","1325","Ec_N",219,43,43,"Ec",8,1,1,1,0,0,0.887289570804412
"13124","1325","Ec_N",219,44,44,"Ec",8,1,1,1,0,0,0.887289570804412
"13125","1325","Ec_N",219,45,45,"Ec",8,1,1,1,0,0,0.887289570804412
"13126","1325","Ec_N",219,46,46,"Ec",8,1,1,1,0,0,0.887289570804412
"13127","1325","Ec_N",219,47,47,"Ec",8,1,1,1,0,0,0.887289570804412
"13128","1325","Ec_N",219,48,48,"Ec",8,1,1,1,0,0,0.887289570804412
"13129","1325","Ec_N",219,49,49,"Ec",8,1,1,1,0,0,0.887289570804412
"13130","1325","Ec_N",219,50,50,"Ec",8,1,1,1,0,0,0.887289570804412
"13131","1325","Ec_N",219,51,51,"Ec",8,1,1,1,0,0,0.887289570804412
"13132","1325","Ec_N",219,52,52,"Ec",8,1,1,1,0,0,0.887289570804412
"13133","1325","Ec_N",219,53,53,"Ec",8,1,1,1,0,0,0.887289570804412
"13134","1325","Ec_N",219,54,54,"Ec",8,1,1,1,0,0,0.887289570804412
"13135","1325","Ec_N",219,55,55,"Ec",8,1,1,1,0,0,0.887289570804412
"13136","1325","Ec_N",219,56,56,"Ec",8,1,1,1,0,0,0.887289570804412
"13137","1325","Ec_N",219,57,57,"Ec",8,1,1,1,0,0,0.887289570804412
"13138","1325","Ec_N",219,58,58,"Ec",8,1,1,1,0,0,0.887289570804412
"13139","1325","Ec_N",219,59,59,"Ec",8,1,1,1,0,0,0.887289570804412
"13140","1325","Ec_N",219,60,60,"Ec",8,1,1,1,0,0,0.887289570804412
"13141","1325","Ec_N",220,1,1,"Ec",1,0,0,0,0,0,0
"13142","1325","Ec_N",220,2,2,"Ec",9,0,0,0,1,0,0.0490244839602376
"13143","1325","Ec_N",220,3,3,"Ec",9,0,0,0,1,0,0.0490244839602376
"13144","1325","Ec_N",220,4,4,"Ec",9,0,0,0,1,0,0.0490244839602376
"13145","1325","Ec_N",220,5,5,"Ec",9,0,0,0,1,0,0.0490244839602376
"13146","1325","Ec_N",220,6,6,"Ec",13,0,0,1,1,0,0.208653512412432
"13147","1325","Ec_N",220,7,7,"Ec",13,0,0,1,1,0,0.208653512412432
"13148","1325","Ec_N",220,8,8,"Ec",15,0,1,1,1,0,0.62909180866025
"13149","1325","Ec_N",220,9,9,"Ec",15,0,1,1,1,0,0.62909180866025
"13150","1325","Ec_N",220,10,10,"Ec",15,0,1,1,1,0,0.62909180866025
"13151","1325","Ec_N",220,11,11,"Ec",15,0,1,1,1,0,0.62909180866025
"13152","1325","Ec_N",220,12,12,"Ec",15,0,1,1,1,0,0.62909180866025
"13153","1325","Ec_N",220,13,13,"Ec",16,1,1,1,1,0,0.93631405476465
"13154","1325","Ec_N",220,14,14,"Ec",16,1,1,1,1,0,0.93631405476465
"13155","1325","Ec_N",220,15,15,"Ec",32,1,1,1,1,1,1
"13156","1325","Ec_N",220,16,16,"Ec",32,1,1,1,1,1,1
"13157","1325","Ec_N",220,17,17,"Ec",32,1,1,1,1,1,1
"13158","1325","Ec_N",220,18,18,"Ec",32,1,1,1,1,1,1
"13159","1325","Ec_N",220,19,19,"Ec",32,1,1,1,1,1,1
"13160","1325","Ec_N",220,20,20,"Ec",32,1,1,1,1,1,1
"13161","1325","Ec_N",220,21,21,"Ec",32,1,1,1,1,1,1
"13162","1325","Ec_N",220,22,22,"Ec",32,1,1,1,1,1,1
"13163","1325","Ec_N",220,23,23,"Ec",32,1,1,1,1,1,1
"13164","1325","Ec_N",220,24,24,"Ec",32,1,1,1,1,1,1
"13165","1325","Ec_N",220,25,25,"Ec",32,1,1,1,1,1,1
"13166","1325","Ec_N",220,26,26,"Ec",32,1,1,1,1,1,1
"13167","1325","Ec_N",220,27,27,"Ec",32,1,1,1,1,1,1
"13168","1325","Ec_N",220,28,28,"Ec",32,1,1,1,1,1,1
"13169","1325","Ec_N",220,29,29,"Ec",32,1,1,1,1,1,1
"13170","1325","Ec_N",220,30,30,"Ec",32,1,1,1,1,1,1
"13171","1325","Ec_N",220,31,31,"Ec",32,1,1,1,1,1,1
"13172","1325","Ec_N",220,32,32,"Ec",32,1,1,1,1,1,1
"13173","1325","Ec_N",220,33,33,"Ec",32,1,1,1,1,1,1
"13174","1325","Ec_N",220,34,34,"Ec",32,1,1,1,1,1,1
"13175","1325","Ec_N",220,35,35,"Ec",32,1,1,1,1,1,1
"13176","1325","Ec_N",220,36,36,"Ec",32,1,1,1,1,1,1
"13177","1325","Ec_N",220,37,37,"Ec",32,1,1,1,1,1,1
"13178","1325","Ec_N",220,38,38,"Ec",32,1,1,1,1,1,1
"13179","1325","Ec_N",220,39,39,"Ec",32,1,1,1,1,1,1
"13180","1325","Ec_N",220,40,40,"Ec",32,1,1,1,1,1,1
"13181","1325","Ec_N",220,41,41,"Ec",32,1,1,1,1,1,1
"13182","1325","Ec_N",220,42,42,"Ec",32,1,1,1,1,1,1
"13183","1325","Ec_N",220,43,43,"Ec",32,1,1,1,1,1,1
"13184","1325","Ec_N",220,44,44,"Ec",32,1,1,1,1,1,1
"13185","1325","Ec_N",220,45,45,"Ec",32,1,1,1,1,1,1
"13186","1325","Ec_N",220,46,46,"Ec",32,1,1,1,1,1,1
"13187","1325","Ec_N",220,47,47,"Ec",32,1,1,1,1,1,1
"13188","1325","Ec_N",220,48,48,"Ec",32,1,1,1,1,1,1
"13189","1325","Ec_N",220,49,49,"Ec",32,1,1,1,1,1,1
"13190","1325","Ec_N",220,50,50,"Ec",32,1,1,1,1,1,1
"13191","1325","Ec_N",220,51,51,"Ec",32,1,1,1,1,1,1
"13192","1325","Ec_N",220,52,52,"Ec",32,1,1,1,1,1,1
"13193","1325","Ec_N",220,53,53,"Ec",32,1,1,1,1,1,1
"13194","1325","Ec_N",220,54,54,"Ec",32,1,1,1,1,1,1
"13195","1325","Ec_N",220,55,55,"Ec",32,1,1,1,1,1,1
"13196","1325","Ec_N",220,56,56,"Ec",32,1,1,1,1,1,1
"13197","1325","Ec_N",220,57,57,"Ec",32,1,1,1,1,1,1
"13198","1325","Ec_N",220,58,58,"Ec",32,1,1,1,1,1,1
"13199","1325","Ec_N",220,59,59,"Ec",32,1,1,1,1,1,1
"13200","1325","Ec_N",220,60,60,"Ec",32,1,1,1,1,1,1
"13201","1325","Ec_N",221,1,1,"Ec",1,0,0,0,0,0,0
"13202","1325","Ec_N",221,2,2,"Ec",1,0,0,0,0,0,0
"13203","1325","Ec_N",221,3,3,"Ec",1,0,0,0,0,0,0
"13204","1325","Ec_N",221,4,4,"Ec",1,0,0,0,0,0,0
"13205","1325","Ec_N",221,5,5,"Ec",1,0,0,0,0,0,0
"13206","1325","Ec_N",221,6,6,"Ec",5,0,0,1,0,0,0.159629028452195
"13207","1325","Ec_N",221,7,7,"Ec",5,0,0,1,0,0,0.159629028452195
"13208","1325","Ec_N",221,8,8,"Ec",5,0,0,1,0,0,0.159629028452195
"13209","1325","Ec_N",221,9,9,"Ec",5,0,0,1,0,0,0.159629028452195
"13210","1325","Ec_N",221,10,10,"Ec",5,0,0,1,0,0,0.159629028452195
"13211","1325","Ec_N",221,11,11,"Ec",5,0,0,1,0,0,0.159629028452195
"13212","1325","Ec_N",221,12,12,"Ec",5,0,0,1,0,0,0.159629028452195
"13213","1325","Ec_N",221,13,13,"Ec",5,0,0,1,0,0,0.159629028452195
"13214","1325","Ec_N",221,14,14,"Ec",5,0,0,1,0,0,0.159629028452195
"13215","1325","Ec_N",221,15,15,"Ec",5,0,0,1,0,0,0.159629028452195
"13216","1325","Ec_N",221,16,16,"Ec",5,0,0,1,0,0,0.159629028452195
"13217","1325","Ec_N",221,17,17,"Ec",21,0,0,1,0,1,0.223314973687545
"13218","1325","Ec_N",221,18,18,"Ec",21,0,0,1,0,1,0.223314973687545
"13219","1325","Ec_N",221,19,19,"Ec",21,0,0,1,0,1,0.223314973687545
"13220","1325","Ec_N",221,20,20,"Ec",21,0,0,1,0,1,0.223314973687545
"13221","1325","Ec_N",221,21,21,"Ec",21,0,0,1,0,1,0.223314973687545
"13222","1325","Ec_N",221,22,22,"Ec",21,0,0,1,0,1,0.223314973687545
"13223","1325","Ec_N",221,23,23,"Ec",21,0,0,1,0,1,0.223314973687545
"13224","1325","Ec_N",221,24,24,"Ec",21,0,0,1,0,1,0.223314973687545
"13225","1325","Ec_N",221,25,25,"Ec",21,0,0,1,0,1,0.223314973687545
"13226","1325","Ec_N",221,26,26,"Ec",21,0,0,1,0,1,0.223314973687545
"13227","1325","Ec_N",221,27,27,"Ec",21,0,0,1,0,1,0.223314973687545
"13228","1325","Ec_N",221,28,28,"Ec",21,0,0,1,0,1,0.223314973687545
"13229","1325","Ec_N",221,29,29,"Ec",21,0,0,1,0,1,0.223314973687545
"13230","1325","Ec_N",221,30,30,"Ec",23,0,1,1,0,1,0.57389469344254
"13231","1325","Ec_N",221,31,31,"Ec",23,0,1,1,0,1,0.57389469344254
"13232","1325","Ec_N",221,32,32,"Ec",23,0,1,1,0,1,0.57389469344254
"13233","1325","Ec_N",221,33,33,"Ec",7,0,1,1,0,0,0.580067324700012
"13234","1325","Ec_N",221,34,34,"Ec",7,0,1,1,0,0,0.580067324700012
"13235","1325","Ec_N",221,35,35,"Ec",15,0,1,1,1,0,0.62909180866025
"13236","1325","Ec_N",221,36,36,"Ec",15,0,1,1,1,0,0.62909180866025
"13237","1325","Ec_N",221,37,37,"Ec",15,0,1,1,1,0,0.62909180866025
"13238","1325","Ec_N",221,38,38,"Ec",15,0,1,1,1,0,0.62909180866025
"13239","1325","Ec_N",221,39,39,"Ec",16,1,1,1,1,0,0.93631405476465
"13240","1325","Ec_N",221,40,40,"Ec",16,1,1,1,1,0,0.93631405476465
"13241","1325","Ec_N",221,41,41,"Ec",16,1,1,1,1,0,0.93631405476465
"13242","1325","Ec_N",221,42,42,"Ec",16,1,1,1,1,0,0.93631405476465
"13243","1325","Ec_N",221,43,43,"Ec",16,1,1,1,1,0,0.93631405476465
"13244","1325","Ec_N",221,44,44,"Ec",16,1,1,1,1,0,0.93631405476465
"13245","1325","Ec_N",221,45,45,"Ec",16,1,1,1,1,0,0.93631405476465
"13246","1325","Ec_N",221,46,46,"Ec",16,1,1,1,1,0,0.93631405476465
"13247","1325","Ec_N",221,47,47,"Ec",16,1,1,1,1,0,0.93631405476465
"13248","1325","Ec_N",221,48,48,"Ec",16,1,1,1,1,0,0.93631405476465
"13249","1325","Ec_N",221,49,49,"Ec",16,1,1,1,1,0,0.93631405476465
"13250","1325","Ec_N",221,50,50,"Ec",16,1,1,1,1,0,0.93631405476465
"13251","1325","Ec_N",221,51,51,"Ec",16,1,1,1,1,0,0.93631405476465
"13252","1325","Ec_N",221,52,52,"Ec",16,1,1,1,1,0,0.93631405476465
"13253","1325","Ec_N",221,53,53,"Ec",16,1,1,1,1,0,0.93631405476465
"13254","1325","Ec_N",221,54,54,"Ec",16,1,1,1,1,0,0.93631405476465
"13255","1325","Ec_N",221,55,55,"Ec",16,1,1,1,1,0,0.93631405476465
"13256","1325","Ec_N",221,56,56,"Ec",16,1,1,1,1,0,0.93631405476465
"13257","1325","Ec_N",221,57,57,"Ec",16,1,1,1,1,0,0.93631405476465
"13258","1325","Ec_N",221,58,58,"Ec",16,1,1,1,1,0,0.93631405476465
"13259","1325","Ec_N",221,59,59,"Ec",16,1,1,1,1,0,0.93631405476465
"13260","1325","Ec_N",221,60,60,"Ec",16,1,1,1,1,0,0.93631405476465
"13261","1325","Ec_N",222,1,1,"Ec",1,0,0,0,0,0,0
"13262","1325","Ec_N",222,2,2,"Ec",2,1,0,0,0,0,0.3072222461044
"13263","1325","Ec_N",222,3,3,"Ec",2,1,0,0,0,0,0.3072222461044
"13264","1325","Ec_N",222,4,4,"Ec",2,1,0,0,0,0,0.3072222461044
"13265","1325","Ec_N",222,5,5,"Ec",2,1,0,0,0,0,0.3072222461044
"13266","1325","Ec_N",222,6,6,"Ec",2,1,0,0,0,0,0.3072222461044
"13267","1325","Ec_N",222,7,7,"Ec",2,1,0,0,0,0,0.3072222461044
"13268","1325","Ec_N",222,8,8,"Ec",2,1,0,0,0,0,0.3072222461044
"13269","1325","Ec_N",222,9,9,"Ec",2,1,0,0,0,0,0.3072222461044
"13270","1325","Ec_N",222,10,10,"Ec",6,1,0,1,0,0,0.466851274556594
"13271","1325","Ec_N",222,11,11,"Ec",6,1,0,1,0,0,0.466851274556594
"13272","1325","Ec_N",222,12,12,"Ec",6,1,0,1,0,0,0.466851274556594
"13273","1325","Ec_N",222,13,13,"Ec",6,1,0,1,0,0,0.466851274556594
"13274","1325","Ec_N",222,14,14,"Ec",8,1,1,1,0,0,0.887289570804412
"13275","1325","Ec_N",222,15,15,"Ec",8,1,1,1,0,0,0.887289570804412
"13276","1325","Ec_N",222,16,16,"Ec",8,1,1,1,0,0,0.887289570804412
"13277","1325","Ec_N",222,17,17,"Ec",8,1,1,1,0,0,0.887289570804412
"13278","1325","Ec_N",222,18,18,"Ec",8,1,1,1,0,0,0.887289570804412
"13279","1325","Ec_N",222,19,19,"Ec",8,1,1,1,0,0,0.887289570804412
"13280","1325","Ec_N",222,20,20,"Ec",8,1,1,1,0,0,0.887289570804412
"13281","1325","Ec_N",222,21,21,"Ec",8,1,1,1,0,0,0.887289570804412
"13282","1325","Ec_N",222,22,22,"Ec",8,1,1,1,0,0,0.887289570804412
"13283","1325","Ec_N",222,23,23,"Ec",8,1,1,1,0,0,0.887289570804412
"13284","1325","Ec_N",222,24,24,"Ec",8,1,1,1,0,0,0.887289570804412
"13285","1325","Ec_N",222,25,25,"Ec",16,1,1,1,1,0,0.93631405476465
"13286","1325","Ec_N",222,26,26,"Ec",16,1,1,1,1,0,0.93631405476465
"13287","1325","Ec_N",222,27,27,"Ec",16,1,1,1,1,0,0.93631405476465
"13288","1325","Ec_N",222,28,28,"Ec",16,1,1,1,1,0,0.93631405476465
"13289","1325","Ec_N",222,29,29,"Ec",16,1,1,1,1,0,0.93631405476465
"13290","1325","Ec_N",222,30,30,"Ec",16,1,1,1,1,0,0.93631405476465
"13291","1325","Ec_N",222,31,31,"Ec",16,1,1,1,1,0,0.93631405476465
"13292","1325","Ec_N",222,32,32,"Ec",16,1,1,1,1,0,0.93631405476465
"13293","1325","Ec_N",222,33,33,"Ec",32,1,1,1,1,1,1
"13294","1325","Ec_N",222,34,34,"Ec",32,1,1,1,1,1,1
"13295","1325","Ec_N",222,35,35,"Ec",32,1,1,1,1,1,1
"13296","1325","Ec_N",222,36,36,"Ec",32,1,1,1,1,1,1
"13297","1325","Ec_N",222,37,37,"Ec",32,1,1,1,1,1,1
"13298","1325","Ec_N",222,38,38,"Ec",32,1,1,1,1,1,1
"13299","1325","Ec_N",222,39,39,"Ec",32,1,1,1,1,1,1
"13300","1325","Ec_N",222,40,40,"Ec",32,1,1,1,1,1,1
"13301","1325","Ec_N",222,41,41,"Ec",32,1,1,1,1,1,1
"13302","1325","Ec_N",222,42,42,"Ec",32,1,1,1,1,1,1
"13303","1325","Ec_N",222,43,43,"Ec",32,1,1,1,1,1,1
"13304","1325","Ec_N",222,44,44,"Ec",32,1,1,1,1,1,1
"13305","1325","Ec_N",222,45,45,"Ec",32,1,1,1,1,1,1
"13306","1325","Ec_N",222,46,46,"Ec",32,1,1,1,1,1,1
"13307","1325","Ec_N",222,47,47,"Ec",32,1,1,1,1,1,1
"13308","1325","Ec_N",222,48,48,"Ec",32,1,1,1,1,1,1
"13309","1325","Ec_N",222,49,49,"Ec",32,1,1,1,1,1,1
"13310","1325","Ec_N",222,50,50,"Ec",32,1,1,1,1,1,1
"13311","1325","Ec_N",222,51,51,"Ec",32,1,1,1,1,1,1
"13312","1325","Ec_N",222,52,52,"Ec",32,1,1,1,1,1,1
"13313","1325","Ec_N",222,53,53,"Ec",32,1,1,1,1,1,1
"13314","1325","Ec_N",222,54,54,"Ec",32,1,1,1,1,1,1
"13315","1325","Ec_N",222,55,55,"Ec",32,1,1,1,1,1,1
"13316","1325","Ec_N",222,56,56,"Ec",32,1,1,1,1,1,1
"13317","1325","Ec_N",222,57,57,"Ec",32,1,1,1,1,1,1
"13318","1325","Ec_N",222,58,58,"Ec",32,1,1,1,1,1,1
"13319","1325","Ec_N",222,59,59,"Ec",32,1,1,1,1,1,1
"13320","1325","Ec_N",222,60,60,"Ec",32,1,1,1,1,1,1
"13321","1325","Ec_N",223,1,1,"Ec",1,0,0,0,0,0,0
"13322","1325","Ec_N",223,2,2,"Ec",1,0,0,0,0,0,0
"13323","1325","Ec_N",223,3,3,"Ec",1,0,0,0,0,0,0
"13324","1325","Ec_N",223,4,4,"Ec",1,0,0,0,0,0,0
"13325","1325","Ec_N",223,5,5,"Ec",1,0,0,0,0,0,0
"13326","1325","Ec_N",223,6,6,"Ec",3,0,1,0,0,0,0.420438296247818
"13327","1325","Ec_N",223,7,7,"Ec",3,0,1,0,0,0,0.420438296247818
"13328","1325","Ec_N",223,8,8,"Ec",19,0,1,0,0,1,0.484124241483168
"13329","1325","Ec_N",223,9,9,"Ec",19,0,1,0,0,1,0.484124241483168
"13330","1325","Ec_N",223,10,10,"Ec",23,0,1,1,0,1,0.57389469344254
"13331","1325","Ec_N",223,11,11,"Ec",23,0,1,1,0,1,0.57389469344254
"13332","1325","Ec_N",223,12,12,"Ec",23,0,1,1,0,1,0.57389469344254
"13333","1325","Ec_N",223,13,13,"Ec",24,1,1,1,0,1,0.872975948786018
"13334","1325","Ec_N",223,14,14,"Ec",8,1,1,1,0,0,0.887289570804412
"13335","1325","Ec_N",223,15,15,"Ec",8,1,1,1,0,0,0.887289570804412
"13336","1325","Ec_N",223,16,16,"Ec",8,1,1,1,0,0,0.887289570804412
"13337","1325","Ec_N",223,17,17,"Ec",8,1,1,1,0,0,0.887289570804412
"13338","1325","Ec_N",223,18,18,"Ec",8,1,1,1,0,0,0.887289570804412
"13339","1325","Ec_N",223,19,19,"Ec",8,1,1,1,0,0,0.887289570804412
"13340","1325","Ec_N",223,20,20,"Ec",8,1,1,1,0,0,0.887289570804412
"13341","1325","Ec_N",223,21,21,"Ec",8,1,1,1,0,0,0.887289570804412
"13342","1325","Ec_N",223,22,22,"Ec",8,1,1,1,0,0,0.887289570804412
"13343","1325","Ec_N",223,23,23,"Ec",8,1,1,1,0,0,0.887289570804412
"13344","1325","Ec_N",223,24,24,"Ec",8,1,1,1,0,0,0.887289570804412
"13345","1325","Ec_N",223,25,25,"Ec",8,1,1,1,0,0,0.887289570804412
"13346","1325","Ec_N",223,26,26,"Ec",8,1,1,1,0,0,0.887289570804412
"13347","1325","Ec_N",223,27,27,"Ec",8,1,1,1,0,0,0.887289570804412
"13348","1325","Ec_N",223,28,28,"Ec",8,1,1,1,0,0,0.887289570804412
"13349","1325","Ec_N",223,29,29,"Ec",8,1,1,1,0,0,0.887289570804412
"13350","1325","Ec_N",223,30,30,"Ec",8,1,1,1,0,0,0.887289570804412
"13351","1325","Ec_N",223,31,31,"Ec",8,1,1,1,0,0,0.887289570804412
"13352","1325","Ec_N",223,32,32,"Ec",8,1,1,1,0,0,0.887289570804412
"13353","1325","Ec_N",223,33,33,"Ec",8,1,1,1,0,0,0.887289570804412
"13354","1325","Ec_N",223,34,34,"Ec",8,1,1,1,0,0,0.887289570804412
"13355","1325","Ec_N",223,35,35,"Ec",8,1,1,1,0,0,0.887289570804412
"13356","1325","Ec_N",223,36,36,"Ec",8,1,1,1,0,0,0.887289570804412
"13357","1325","Ec_N",223,37,37,"Ec",8,1,1,1,0,0,0.887289570804412
"13358","1325","Ec_N",223,38,38,"Ec",8,1,1,1,0,0,0.887289570804412
"13359","1325","Ec_N",223,39,39,"Ec",8,1,1,1,0,0,0.887289570804412
"13360","1325","Ec_N",223,40,40,"Ec",8,1,1,1,0,0,0.887289570804412
"13361","1325","Ec_N",223,41,41,"Ec",8,1,1,1,0,0,0.887289570804412
"13362","1325","Ec_N",223,42,42,"Ec",8,1,1,1,0,0,0.887289570804412
"13363","1325","Ec_N",223,43,43,"Ec",8,1,1,1,0,0,0.887289570804412
"13364","1325","Ec_N",223,44,44,"Ec",8,1,1,1,0,0,0.887289570804412
"13365","1325","Ec_N",223,45,45,"Ec",8,1,1,1,0,0,0.887289570804412
"13366","1325","Ec_N",223,46,46,"Ec",8,1,1,1,0,0,0.887289570804412
"13367","1325","Ec_N",223,47,47,"Ec",8,1,1,1,0,0,0.887289570804412
"13368","1325","Ec_N",223,48,48,"Ec",8,1,1,1,0,0,0.887289570804412
"13369","1325","Ec_N",223,49,49,"Ec",8,1,1,1,0,0,0.887289570804412
"13370","1325","Ec_N",223,50,50,"Ec",8,1,1,1,0,0,0.887289570804412
"13371","1325","Ec_N",223,51,51,"Ec",8,1,1,1,0,0,0.887289570804412
"13372","1325","Ec_N",223,52,52,"Ec",8,1,1,1,0,0,0.887289570804412
"13373","1325","Ec_N",223,53,53,"Ec",8,1,1,1,0,0,0.887289570804412
"13374","1325","Ec_N",223,54,54,"Ec",8,1,1,1,0,0,0.887289570804412
"13375","1325","Ec_N",223,55,55,"Ec",8,1,1,1,0,0,0.887289570804412
"13376","1325","Ec_N",223,56,56,"Ec",8,1,1,1,0,0,0.887289570804412
"13377","1325","Ec_N",223,57,57,"Ec",8,1,1,1,0,0,0.887289570804412
"13378","1325","Ec_N",223,58,58,"Ec",8,1,1,1,0,0,0.887289570804412
"13379","1325","Ec_N",223,59,59,"Ec",8,1,1,1,0,0,0.887289570804412
"13380","1325","Ec_N",223,60,60,"Ec",8,1,1,1,0,0,0.887289570804412
"13381","1325","Ec_N",224,1,1,"Ec",1,0,0,0,0,0,0
"13382","1325","Ec_N",224,2,2,"Ec",1,0,0,0,0,0,0
"13383","1325","Ec_N",224,3,3,"Ec",1,0,0,0,0,0,0
"13384","1325","Ec_N",224,4,4,"Ec",2,1,0,0,0,0,0.3072222461044
"13385","1325","Ec_N",224,5,5,"Ec",18,1,0,0,0,1,0.37090819133975
"13386","1325","Ec_N",224,6,6,"Ec",18,1,0,0,0,1,0.37090819133975
"13387","1325","Ec_N",224,7,7,"Ec",18,1,0,0,0,1,0.37090819133975
"13388","1325","Ec_N",224,8,8,"Ec",18,1,0,0,0,1,0.37090819133975
"13389","1325","Ec_N",224,9,9,"Ec",22,1,0,1,0,1,0.530537219791945
"13390","1325","Ec_N",224,10,10,"Ec",22,1,0,1,0,1,0.530537219791945
"13391","1325","Ec_N",224,11,11,"Ec",22,1,0,1,0,1,0.530537219791945
"13392","1325","Ec_N",224,12,12,"Ec",22,1,0,1,0,1,0.530537219791945
"13393","1325","Ec_N",224,13,13,"Ec",22,1,0,1,0,1,0.530537219791945
"13394","1325","Ec_N",224,14,14,"Ec",30,1,0,1,1,1,0.579561703752182
"13395","1325","Ec_N",224,15,15,"Ec",30,1,0,1,1,1,0.579561703752182
"13396","1325","Ec_N",224,16,16,"Ec",30,1,0,1,1,1,0.579561703752182
"13397","1325","Ec_N",224,17,17,"Ec",30,1,0,1,1,1,0.579561703752182
"13398","1325","Ec_N",224,18,18,"Ec",30,1,0,1,1,1,0.579561703752182
"13399","1325","Ec_N",224,19,19,"Ec",30,1,0,1,1,1,0.579561703752182
"13400","1325","Ec_N",224,20,20,"Ec",30,1,0,1,1,1,0.579561703752182
"13401","1325","Ec_N",224,21,21,"Ec",30,1,0,1,1,1,0.579561703752182
"13402","1325","Ec_N",224,22,22,"Ec",30,1,0,1,1,1,0.579561703752182
"13403","1325","Ec_N",224,23,23,"Ec",30,1,0,1,1,1,0.579561703752182
"13404","1325","Ec_N",224,24,24,"Ec",30,1,0,1,1,1,0.579561703752182
"13405","1325","Ec_N",224,25,25,"Ec",30,1,0,1,1,1,0.579561703752182
"13406","1325","Ec_N",224,26,26,"Ec",30,1,0,1,1,1,0.579561703752182
"13407","1325","Ec_N",224,27,27,"Ec",30,1,0,1,1,1,0.579561703752182
"13408","1325","Ec_N",224,28,28,"Ec",30,1,0,1,1,1,0.579561703752182
"13409","1325","Ec_N",224,29,29,"Ec",30,1,0,1,1,1,0.579561703752182
"13410","1325","Ec_N",224,30,30,"Ec",30,1,0,1,1,1,0.579561703752182
"13411","1325","Ec_N",224,31,31,"Ec",30,1,0,1,1,1,0.579561703752182
"13412","1325","Ec_N",224,32,32,"Ec",30,1,0,1,1,1,0.579561703752182
"13413","1325","Ec_N",224,33,33,"Ec",30,1,0,1,1,1,0.579561703752182
"13414","1325","Ec_N",224,34,34,"Ec",30,1,0,1,1,1,0.579561703752182
"13415","1325","Ec_N",224,35,35,"Ec",30,1,0,1,1,1,0.579561703752182
"13416","1325","Ec_N",224,36,36,"Ec",30,1,0,1,1,1,0.579561703752182
"13417","1325","Ec_N",224,37,37,"Ec",30,1,0,1,1,1,0.579561703752182
"13418","1325","Ec_N",224,38,38,"Ec",30,1,0,1,1,1,0.579561703752182
"13419","1325","Ec_N",224,39,39,"Ec",30,1,0,1,1,1,0.579561703752182
"13420","1325","Ec_N",224,40,40,"Ec",30,1,0,1,1,1,0.579561703752182
"13421","1325","Ec_N",224,41,41,"Ec",30,1,0,1,1,1,0.579561703752182
"13422","1325","Ec_N",224,42,42,"Ec",30,1,0,1,1,1,0.579561703752182
"13423","1325","Ec_N",224,43,43,"Ec",30,1,0,1,1,1,0.579561703752182
"13424","1325","Ec_N",224,44,44,"Ec",30,1,0,1,1,1,0.579561703752182
"13425","1325","Ec_N",224,45,45,"Ec",30,1,0,1,1,1,0.579561703752182
"13426","1325","Ec_N",224,46,46,"Ec",30,1,0,1,1,1,0.579561703752182
"13427","1325","Ec_N",224,47,47,"Ec",30,1,0,1,1,1,0.579561703752182
"13428","1325","Ec_N",224,48,48,"Ec",30,1,0,1,1,1,0.579561703752182
"13429","1325","Ec_N",224,49,49,"Ec",30,1,0,1,1,1,0.579561703752182
"13430","1325","Ec_N",224,50,50,"Ec",30,1,0,1,1,1,0.579561703752182
"13431","1325","Ec_N",224,51,51,"Ec",30,1,0,1,1,1,0.579561703752182
"13432","1325","Ec_N",224,52,52,"Ec",30,1,0,1,1,1,0.579561703752182
"13433","1325","Ec_N",224,53,53,"Ec",30,1,0,1,1,1,0.579561703752182
"13434","1325","Ec_N",224,54,54,"Ec",30,1,0,1,1,1,0.579561703752182
"13435","1325","Ec_N",224,55,55,"Ec",30,1,0,1,1,1,0.579561703752182
"13436","1325","Ec_N",224,56,56,"Ec",30,1,0,1,1,1,0.579561703752182
"13437","1325","Ec_N",224,57,57,"Ec",30,1,0,1,1,1,0.579561703752182
"13438","1325","Ec_N",224,58,58,"Ec",30,1,0,1,1,1,0.579561703752182
"13439","1325","Ec_N",224,59,59,"Ec",30,1,0,1,1,1,0.579561703752182
"13440","1325","Ec_N",224,60,60,"Ec",30,1,0,1,1,1,0.579561703752182
"13441","1325","Ec_N",225,1,1,"Ec",1,0,0,0,0,0,0
"13442","1325","Ec_N",225,2,2,"Ec",1,0,0,0,0,0,0
"13443","1325","Ec_N",225,3,3,"Ec",1,0,0,0,0,0,0
"13444","1325","Ec_N",225,4,4,"Ec",1,0,0,0,0,0,0
"13445","1325","Ec_N",225,5,5,"Ec",1,0,0,0,0,0,0
"13446","1325","Ec_N",225,6,6,"Ec",1,0,0,0,0,0,0
"13447","1325","Ec_N",225,7,7,"Ec",1,0,0,0,0,0,0
"13448","1325","Ec_N",225,8,8,"Ec",5,0,0,1,0,0,0.159629028452195
"13449","1325","Ec_N",225,9,9,"Ec",5,0,0,1,0,0,0.159629028452195
"13450","1325","Ec_N",225,10,10,"Ec",5,0,0,1,0,0,0.159629028452195
"13451","1325","Ec_N",225,11,11,"Ec",5,0,0,1,0,0,0.159629028452195
"13452","1325","Ec_N",225,12,12,"Ec",5,0,0,1,0,0,0.159629028452195
"13453","1325","Ec_N",225,13,13,"Ec",5,0,0,1,0,0,0.159629028452195
"13454","1325","Ec_N",225,14,14,"Ec",5,0,0,1,0,0,0.159629028452195
"13455","1325","Ec_N",225,15,15,"Ec",5,0,0,1,0,0,0.159629028452195
"13456","1325","Ec_N",225,16,16,"Ec",5,0,0,1,0,0,0.159629028452195
"13457","1325","Ec_N",225,17,17,"Ec",5,0,0,1,0,0,0.159629028452195
"13458","1325","Ec_N",225,18,18,"Ec",5,0,0,1,0,0,0.159629028452195
"13459","1325","Ec_N",225,19,19,"Ec",5,0,0,1,0,0,0.159629028452195
"13460","1325","Ec_N",225,20,20,"Ec",6,1,0,1,0,0,0.466851274556594
"13461","1325","Ec_N",225,21,21,"Ec",14,1,0,1,1,0,0.479175264165032
"13462","1325","Ec_N",225,22,22,"Ec",14,1,0,1,1,0,0.479175264165032
"13463","1325","Ec_N",225,23,23,"Ec",14,1,0,1,1,0,0.479175264165032
"13464","1325","Ec_N",225,24,24,"Ec",14,1,0,1,1,0,0.479175264165032
"13465","1325","Ec_N",225,25,25,"Ec",14,1,0,1,1,0,0.479175264165032
"13466","1325","Ec_N",225,26,26,"Ec",14,1,0,1,1,0,0.479175264165032
"13467","1325","Ec_N",225,27,27,"Ec",14,1,0,1,1,0,0.479175264165032
"13468","1325","Ec_N",225,28,28,"Ec",14,1,0,1,1,0,0.479175264165032
"13469","1325","Ec_N",225,29,29,"Ec",14,1,0,1,1,0,0.479175264165032
"13470","1325","Ec_N",225,30,30,"Ec",30,1,0,1,1,1,0.579561703752182
"13471","1325","Ec_N",225,31,31,"Ec",30,1,0,1,1,1,0.579561703752182
"13472","1325","Ec_N",225,32,32,"Ec",30,1,0,1,1,1,0.579561703752182
"13473","1325","Ec_N",225,33,33,"Ec",30,1,0,1,1,1,0.579561703752182
"13474","1325","Ec_N",225,34,34,"Ec",30,1,0,1,1,1,0.579561703752182
"13475","1325","Ec_N",225,35,35,"Ec",30,1,0,1,1,1,0.579561703752182
"13476","1325","Ec_N",225,36,36,"Ec",30,1,0,1,1,1,0.579561703752182
"13477","1325","Ec_N",225,37,37,"Ec",30,1,0,1,1,1,0.579561703752182
"13478","1325","Ec_N",225,38,38,"Ec",30,1,0,1,1,1,0.579561703752182
"13479","1325","Ec_N",225,39,39,"Ec",30,1,0,1,1,1,0.579561703752182
"13480","1325","Ec_N",225,40,40,"Ec",30,1,0,1,1,1,0.579561703752182
"13481","1325","Ec_N",225,41,41,"Ec",30,1,0,1,1,1,0.579561703752182
"13482","1325","Ec_N",225,42,42,"Ec",30,1,0,1,1,1,0.579561703752182
"13483","1325","Ec_N",225,43,43,"Ec",30,1,0,1,1,1,0.579561703752182
"13484","1325","Ec_N",225,44,44,"Ec",30,1,0,1,1,1,0.579561703752182
"13485","1325","Ec_N",225,45,45,"Ec",30,1,0,1,1,1,0.579561703752182
"13486","1325","Ec_N",225,46,46,"Ec",30,1,0,1,1,1,0.579561703752182
"13487","1325","Ec_N",225,47,47,"Ec",30,1,0,1,1,1,0.579561703752182
"13488","1325","Ec_N",225,48,48,"Ec",30,1,0,1,1,1,0.579561703752182
"13489","1325","Ec_N",225,49,49,"Ec",30,1,0,1,1,1,0.579561703752182
"13490","1325","Ec_N",225,50,50,"Ec",30,1,0,1,1,1,0.579561703752182
"13491","1325","Ec_N",225,51,51,"Ec",30,1,0,1,1,1,0.579561703752182
"13492","1325","Ec_N",225,52,52,"Ec",30,1,0,1,1,1,0.579561703752182
"13493","1325","Ec_N",225,53,53,"Ec",30,1,0,1,1,1,0.579561703752182
"13494","1325","Ec_N",225,54,54,"Ec",30,1,0,1,1,1,0.579561703752182
"13495","1325","Ec_N",225,55,55,"Ec",32,1,1,1,1,1,1
"13496","1325","Ec_N",225,56,56,"Ec",32,1,1,1,1,1,1
"13497","1325","Ec_N",225,57,57,"Ec",32,1,1,1,1,1,1
"13498","1325","Ec_N",225,58,58,"Ec",32,1,1,1,1,1,1
"13499","1325","Ec_N",225,59,59,"Ec",32,1,1,1,1,1,1
"13500","1325","Ec_N",225,60,60,"Ec",32,1,1,1,1,1,1
"13501","1325","Ec_N",226,1,1,"Ec",1,0,0,0,0,0,0
"13502","1325","Ec_N",226,2,2,"Ec",1,0,0,0,0,0,0
"13503","1325","Ec_N",226,3,3,"Ec",1,0,0,0,0,0,0
"13504","1325","Ec_N",226,4,4,"Ec",1,0,0,0,0,0,0
"13505","1325","Ec_N",226,5,5,"Ec",1,0,0,0,0,0,0
"13506","1325","Ec_N",226,6,6,"Ec",1,0,0,0,0,0,0
"13507","1325","Ec_N",226,7,7,"Ec",1,0,0,0,0,0,0
"13508","1325","Ec_N",226,8,8,"Ec",3,0,1,0,0,0,0.420438296247818
"13509","1325","Ec_N",226,9,9,"Ec",3,0,1,0,0,0,0.420438296247818
"13510","1325","Ec_N",226,10,10,"Ec",3,0,1,0,0,0,0.420438296247818
"13511","1325","Ec_N",226,11,11,"Ec",3,0,1,0,0,0,0.420438296247818
"13512","1325","Ec_N",226,12,12,"Ec",3,0,1,0,0,0,0.420438296247818
"13513","1325","Ec_N",226,13,13,"Ec",3,0,1,0,0,0,0.420438296247818
"13514","1325","Ec_N",226,14,14,"Ec",19,0,1,0,0,1,0.484124241483168
"13515","1325","Ec_N",226,15,15,"Ec",19,0,1,0,0,1,0.484124241483168
"13516","1325","Ec_N",226,16,16,"Ec",19,0,1,0,0,1,0.484124241483168
"13517","1325","Ec_N",226,17,17,"Ec",19,0,1,0,0,1,0.484124241483168
"13518","1325","Ec_N",226,18,18,"Ec",19,0,1,0,0,1,0.484124241483168
"13519","1325","Ec_N",226,19,19,"Ec",27,0,1,0,1,1,0.533148725443406
"13520","1325","Ec_N",226,20,20,"Ec",27,0,1,0,1,1,0.533148725443406
"13521","1325","Ec_N",226,21,21,"Ec",27,0,1,0,1,1,0.533148725443406
"13522","1325","Ec_N",226,22,22,"Ec",27,0,1,0,1,1,0.533148725443406
"13523","1325","Ec_N",226,23,23,"Ec",27,0,1,0,1,1,0.533148725443406
"13524","1325","Ec_N",226,24,24,"Ec",27,0,1,0,1,1,0.533148725443406
"13525","1325","Ec_N",226,25,25,"Ec",27,0,1,0,1,1,0.533148725443406
"13526","1325","Ec_N",226,26,26,"Ec",27,0,1,0,1,1,0.533148725443406
"13527","1325","Ec_N",226,27,27,"Ec",27,0,1,0,1,1,0.533148725443406
"13528","1325","Ec_N",226,28,28,"Ec",27,0,1,0,1,1,0.533148725443406
"13529","1325","Ec_N",226,29,29,"Ec",27,0,1,0,1,1,0.533148725443406
"13530","1325","Ec_N",226,30,30,"Ec",27,0,1,0,1,1,0.533148725443406
"13531","1325","Ec_N",226,31,31,"Ec",27,0,1,0,1,1,0.533148725443406
"13532","1325","Ec_N",226,32,32,"Ec",27,0,1,0,1,1,0.533148725443406
"13533","1325","Ec_N",226,33,33,"Ec",27,0,1,0,1,1,0.533148725443406
"13534","1325","Ec_N",226,34,34,"Ec",31,0,1,1,1,1,0.6927777538956
"13535","1325","Ec_N",226,35,35,"Ec",31,0,1,1,1,1,0.6927777538956
"13536","1325","Ec_N",226,36,36,"Ec",31,0,1,1,1,1,0.6927777538956
"13537","1325","Ec_N",226,37,37,"Ec",31,0,1,1,1,1,0.6927777538956
"13538","1325","Ec_N",226,38,38,"Ec",31,0,1,1,1,1,0.6927777538956
"13539","1325","Ec_N",226,39,39,"Ec",31,0,1,1,1,1,0.6927777538956
"13540","1325","Ec_N",226,40,40,"Ec",31,0,1,1,1,1,0.6927777538956
"13541","1325","Ec_N",226,41,41,"Ec",31,0,1,1,1,1,0.6927777538956
"13542","1325","Ec_N",226,42,42,"Ec",31,0,1,1,1,1,0.6927777538956
"13543","1325","Ec_N",226,43,43,"Ec",31,0,1,1,1,1,0.6927777538956
"13544","1325","Ec_N",226,44,44,"Ec",31,0,1,1,1,1,0.6927777538956
"13545","1325","Ec_N",226,45,45,"Ec",32,1,1,1,1,1,1
"13546","1325","Ec_N",226,46,46,"Ec",32,1,1,1,1,1,1
"13547","1325","Ec_N",226,47,47,"Ec",32,1,1,1,1,1,1
"13548","1325","Ec_N",226,48,48,"Ec",32,1,1,1,1,1,1
"13549","1325","Ec_N",226,49,49,"Ec",32,1,1,1,1,1,1
"13550","1325","Ec_N",226,50,50,"Ec",32,1,1,1,1,1,1
"13551","1325","Ec_N",226,51,51,"Ec",32,1,1,1,1,1,1
"13552","1325","Ec_N",226,52,52,"Ec",32,1,1,1,1,1,1
"13553","1325","Ec_N",226,53,53,"Ec",32,1,1,1,1,1,1
"13554","1325","Ec_N",226,54,54,"Ec",32,1,1,1,1,1,1
"13555","1325","Ec_N",226,55,55,"Ec",32,1,1,1,1,1,1
"13556","1325","Ec_N",226,56,56,"Ec",32,1,1,1,1,1,1
"13557","1325","Ec_N",226,57,57,"Ec",32,1,1,1,1,1,1
"13558","1325","Ec_N",226,58,58,"Ec",32,1,1,1,1,1,1
"13559","1325","Ec_N",226,59,59,"Ec",32,1,1,1,1,1,1
"13560","1325","Ec_N",226,60,60,"Ec",32,1,1,1,1,1,1
"13561","1325","Ec_N",227,1,1,"Ec",1,0,0,0,0,0,0
"13562","1325","Ec_N",227,2,2,"Ec",1,0,0,0,0,0,0
"13563","1325","Ec_N",227,3,3,"Ec",1,0,0,0,0,0,0
"13564","1325","Ec_N",227,4,4,"Ec",9,0,0,0,1,0,0.0490244839602376
"13565","1325","Ec_N",227,5,5,"Ec",9,0,0,0,1,0,0.0490244839602376
"13566","1325","Ec_N",227,6,6,"Ec",9,0,0,0,1,0,0.0490244839602376
"13567","1325","Ec_N",227,7,7,"Ec",9,0,0,0,1,0,0.0490244839602376
"13568","1325","Ec_N",227,8,8,"Ec",9,0,0,0,1,0,0.0490244839602376
"13569","1325","Ec_N",227,9,9,"Ec",9,0,0,0,1,0,0.0490244839602376
"13570","1325","Ec_N",227,10,10,"Ec",9,0,0,0,1,0,0.0490244839602376
"13571","1325","Ec_N",227,11,11,"Ec",9,0,0,0,1,0,0.0490244839602376
"13572","1325","Ec_N",227,12,12,"Ec",9,0,0,0,1,0,0.0490244839602376
"13573","1325","Ec_N",227,13,13,"Ec",9,0,0,0,1,0,0.0490244839602376
"13574","1325","Ec_N",227,14,14,"Ec",9,0,0,0,1,0,0.0490244839602376
"13575","1325","Ec_N",227,15,15,"Ec",9,0,0,0,1,0,0.0490244839602376
"13576","1325","Ec_N",227,16,16,"Ec",9,0,0,0,1,0,0.0490244839602376
"13577","1325","Ec_N",227,17,17,"Ec",10,1,0,0,1,0,0.356246730064637
"13578","1325","Ec_N",227,18,18,"Ec",10,1,0,0,1,0,0.356246730064637
"13579","1325","Ec_N",227,19,19,"Ec",10,1,0,0,1,0,0.356246730064637
"13580","1325","Ec_N",227,20,20,"Ec",10,1,0,0,1,0,0.356246730064637
"13581","1325","Ec_N",227,21,21,"Ec",10,1,0,0,1,0,0.356246730064637
"13582","1325","Ec_N",227,22,22,"Ec",10,1,0,0,1,0,0.356246730064637
"13583","1325","Ec_N",227,23,23,"Ec",10,1,0,0,1,0,0.356246730064637
"13584","1325","Ec_N",227,24,24,"Ec",10,1,0,0,1,0,0.356246730064637
"13585","1325","Ec_N",227,25,25,"Ec",10,1,0,0,1,0,0.356246730064637
"13586","1325","Ec_N",227,26,26,"Ec",10,1,0,0,1,0,0.356246730064637
"13587","1325","Ec_N",227,27,27,"Ec",10,1,0,0,1,0,0.356246730064637
"13588","1325","Ec_N",227,28,28,"Ec",12,1,1,0,1,0,0.776685026312455
"13589","1325","Ec_N",227,29,29,"Ec",12,1,1,0,1,0,0.776685026312455
"13590","1325","Ec_N",227,30,30,"Ec",12,1,1,0,1,0,0.776685026312455
"13591","1325","Ec_N",227,31,31,"Ec",12,1,1,0,1,0,0.776685026312455
"13592","1325","Ec_N",227,32,32,"Ec",12,1,1,0,1,0,0.776685026312455
"13593","1325","Ec_N",227,33,33,"Ec",12,1,1,0,1,0,0.776685026312455
"13594","1325","Ec_N",227,34,34,"Ec",12,1,1,0,1,0,0.776685026312455
"13595","1325","Ec_N",227,35,35,"Ec",12,1,1,0,1,0,0.776685026312455
"13596","1325","Ec_N",227,36,36,"Ec",12,1,1,0,1,0,0.776685026312455
"13597","1325","Ec_N",227,37,37,"Ec",12,1,1,0,1,0,0.776685026312455
"13598","1325","Ec_N",227,38,38,"Ec",12,1,1,0,1,0,0.776685026312455
"13599","1325","Ec_N",227,39,39,"Ec",12,1,1,0,1,0,0.776685026312455
"13600","1325","Ec_N",227,40,40,"Ec",12,1,1,0,1,0,0.776685026312455
"13601","1325","Ec_N",227,41,41,"Ec",12,1,1,0,1,0,0.776685026312455
"13602","1325","Ec_N",227,42,42,"Ec",12,1,1,0,1,0,0.776685026312455
"13603","1325","Ec_N",227,43,43,"Ec",16,1,1,1,1,0,0.93631405476465
"13604","1325","Ec_N",227,44,44,"Ec",16,1,1,1,1,0,0.93631405476465
"13605","1325","Ec_N",227,45,45,"Ec",16,1,1,1,1,0,0.93631405476465
"13606","1325","Ec_N",227,46,46,"Ec",16,1,1,1,1,0,0.93631405476465
"13607","1325","Ec_N",227,47,47,"Ec",16,1,1,1,1,0,0.93631405476465
"13608","1325","Ec_N",227,48,48,"Ec",16,1,1,1,1,0,0.93631405476465
"13609","1325","Ec_N",227,49,49,"Ec",32,1,1,1,1,1,1
"13610","1325","Ec_N",227,50,50,"Ec",32,1,1,1,1,1,1
"13611","1325","Ec_N",227,51,51,"Ec",32,1,1,1,1,1,1
"13612","1325","Ec_N",227,52,52,"Ec",32,1,1,1,1,1,1
"13613","1325","Ec_N",227,53,53,"Ec",32,1,1,1,1,1,1
"13614","1325","Ec_N",227,54,54,"Ec",32,1,1,1,1,1,1
"13615","1325","Ec_N",227,55,55,"Ec",32,1,1,1,1,1,1
"13616","1325","Ec_N",227,56,56,"Ec",32,1,1,1,1,1,1
"13617","1325","Ec_N",227,57,57,"Ec",32,1,1,1,1,1,1
"13618","1325","Ec_N",227,58,58,"Ec",32,1,1,1,1,1,1
"13619","1325","Ec_N",227,59,59,"Ec",32,1,1,1,1,1,1
"13620","1325","Ec_N",227,60,60,"Ec",32,1,1,1,1,1,1
"13621","1325","Ec_N",228,1,1,"Ec",1,0,0,0,0,0,0
"13622","1325","Ec_N",228,2,2,"Ec",2,1,0,0,0,0,0.3072222461044
"13623","1325","Ec_N",228,3,3,"Ec",2,1,0,0,0,0,0.3072222461044
"13624","1325","Ec_N",228,4,4,"Ec",18,1,0,0,0,1,0.37090819133975
"13625","1325","Ec_N",228,5,5,"Ec",18,1,0,0,0,1,0.37090819133975
"13626","1325","Ec_N",228,6,6,"Ec",18,1,0,0,0,1,0.37090819133975
"13627","1325","Ec_N",228,7,7,"Ec",18,1,0,0,0,1,0.37090819133975
"13628","1325","Ec_N",228,8,8,"Ec",18,1,0,0,0,1,0.37090819133975
"13629","1325","Ec_N",228,9,9,"Ec",18,1,0,0,0,1,0.37090819133975
"13630","1325","Ec_N",228,10,10,"Ec",18,1,0,0,0,1,0.37090819133975
"13631","1325","Ec_N",228,11,11,"Ec",18,1,0,0,0,1,0.37090819133975
"13632","1325","Ec_N",228,12,12,"Ec",18,1,0,0,0,1,0.37090819133975
"13633","1325","Ec_N",228,13,13,"Ec",18,1,0,0,0,1,0.37090819133975
"13634","1325","Ec_N",228,14,14,"Ec",18,1,0,0,0,1,0.37090819133975
"13635","1325","Ec_N",228,15,15,"Ec",18,1,0,0,0,1,0.37090819133975
"13636","1325","Ec_N",228,16,16,"Ec",18,1,0,0,0,1,0.37090819133975
"13637","1325","Ec_N",228,17,17,"Ec",18,1,0,0,0,1,0.37090819133975
"13638","1325","Ec_N",228,18,18,"Ec",18,1,0,0,0,1,0.37090819133975
"13639","1325","Ec_N",228,19,19,"Ec",18,1,0,0,0,1,0.37090819133975
"13640","1325","Ec_N",228,20,20,"Ec",22,1,0,1,0,1,0.530537219791945
"13641","1325","Ec_N",228,21,21,"Ec",22,1,0,1,0,1,0.530537219791945
"13642","1325","Ec_N",228,22,22,"Ec",22,1,0,1,0,1,0.530537219791945
"13643","1325","Ec_N",228,23,23,"Ec",22,1,0,1,0,1,0.530537219791945
"13644","1325","Ec_N",228,24,24,"Ec",22,1,0,1,0,1,0.530537219791945
"13645","1325","Ec_N",228,25,25,"Ec",22,1,0,1,0,1,0.530537219791945
"13646","1325","Ec_N",228,26,26,"Ec",22,1,0,1,0,1,0.530537219791945
"13647","1325","Ec_N",228,27,27,"Ec",22,1,0,1,0,1,0.530537219791945
"13648","1325","Ec_N",228,28,28,"Ec",22,1,0,1,0,1,0.530537219791945
"13649","1325","Ec_N",228,29,29,"Ec",22,1,0,1,0,1,0.530537219791945
"13650","1325","Ec_N",228,30,30,"Ec",22,1,0,1,0,1,0.530537219791945
"13651","1325","Ec_N",228,31,31,"Ec",22,1,0,1,0,1,0.530537219791945
"13652","1325","Ec_N",228,32,32,"Ec",22,1,0,1,0,1,0.530537219791945
"13653","1325","Ec_N",228,33,33,"Ec",22,1,0,1,0,1,0.530537219791945
"13654","1325","Ec_N",228,34,34,"Ec",22,1,0,1,0,1,0.530537219791945
"13655","1325","Ec_N",228,35,35,"Ec",22,1,0,1,0,1,0.530537219791945
"13656","1325","Ec_N",228,36,36,"Ec",22,1,0,1,0,1,0.530537219791945
"13657","1325","Ec_N",228,37,37,"Ec",22,1,0,1,0,1,0.530537219791945
"13658","1325","Ec_N",228,38,38,"Ec",22,1,0,1,0,1,0.530537219791945
"13659","1325","Ec_N",228,39,39,"Ec",22,1,0,1,0,1,0.530537219791945
"13660","1325","Ec_N",228,40,40,"Ec",22,1,0,1,0,1,0.530537219791945
"13661","1325","Ec_N",228,41,41,"Ec",22,1,0,1,0,1,0.530537219791945
"13662","1325","Ec_N",228,42,42,"Ec",22,1,0,1,0,1,0.530537219791945
"13663","1325","Ec_N",228,43,43,"Ec",22,1,0,1,0,1,0.530537219791945
"13664","1325","Ec_N",228,44,44,"Ec",22,1,0,1,0,1,0.530537219791945
"13665","1325","Ec_N",228,45,45,"Ec",22,1,0,1,0,1,0.530537219791945
"13666","1325","Ec_N",228,46,46,"Ec",22,1,0,1,0,1,0.530537219791945
"13667","1325","Ec_N",228,47,47,"Ec",22,1,0,1,0,1,0.530537219791945
"13668","1325","Ec_N",228,48,48,"Ec",22,1,0,1,0,1,0.530537219791945
"13669","1325","Ec_N",228,49,49,"Ec",30,1,0,1,1,1,0.579561703752182
"13670","1325","Ec_N",228,50,50,"Ec",30,1,0,1,1,1,0.579561703752182
"13671","1325","Ec_N",228,51,51,"Ec",30,1,0,1,1,1,0.579561703752182
"13672","1325","Ec_N",228,52,52,"Ec",30,1,0,1,1,1,0.579561703752182
"13673","1325","Ec_N",228,53,53,"Ec",30,1,0,1,1,1,0.579561703752182
"13674","1325","Ec_N",228,54,54,"Ec",30,1,0,1,1,1,0.579561703752182
"13675","1325","Ec_N",228,55,55,"Ec",30,1,0,1,1,1,0.579561703752182
"13676","1325","Ec_N",228,56,56,"Ec",30,1,0,1,1,1,0.579561703752182
"13677","1325","Ec_N",228,57,57,"Ec",30,1,0,1,1,1,0.579561703752182
"13678","1325","Ec_N",228,58,58,"Ec",30,1,0,1,1,1,0.579561703752182
"13679","1325","Ec_N",228,59,59,"Ec",30,1,0,1,1,1,0.579561703752182
"13680","1325","Ec_N",228,60,60,"Ec",32,1,1,1,1,1,1
"13681","1325","Ec_N",229,1,1,"Ec",1,0,0,0,0,0,0
"13682","1325","Ec_N",229,2,2,"Ec",1,0,0,0,0,0,0
"13683","1325","Ec_N",229,3,3,"Ec",1,0,0,0,0,0,0
"13684","1325","Ec_N",229,4,4,"Ec",1,0,0,0,0,0,0
"13685","1325","Ec_N",229,5,5,"Ec",1,0,0,0,0,0,0
"13686","1325","Ec_N",229,6,6,"Ec",1,0,0,0,0,0,0
"13687","1325","Ec_N",229,7,7,"Ec",1,0,0,0,0,0,0
"13688","1325","Ec_N",229,8,8,"Ec",3,0,1,0,0,0,0.420438296247818
"13689","1325","Ec_N",229,9,9,"Ec",3,0,1,0,0,0,0.420438296247818
"13690","1325","Ec_N",229,10,10,"Ec",3,0,1,0,0,0,0.420438296247818
"13691","1325","Ec_N",229,11,11,"Ec",3,0,1,0,0,0,0.420438296247818
"13692","1325","Ec_N",229,12,12,"Ec",3,0,1,0,0,0,0.420438296247818
"13693","1325","Ec_N",229,13,13,"Ec",19,0,1,0,0,1,0.484124241483168
"13694","1325","Ec_N",229,14,14,"Ec",19,0,1,0,0,1,0.484124241483168
"13695","1325","Ec_N",229,15,15,"Ec",19,0,1,0,0,1,0.484124241483168
"13696","1325","Ec_N",229,16,16,"Ec",19,0,1,0,0,1,0.484124241483168
"13697","1325","Ec_N",229,17,17,"Ec",19,0,1,0,0,1,0.484124241483168
"13698","1325","Ec_N",229,18,18,"Ec",19,0,1,0,0,1,0.484124241483168
"13699","1325","Ec_N",229,19,19,"Ec",19,0,1,0,0,1,0.484124241483168
"13700","1325","Ec_N",229,20,20,"Ec",20,1,1,0,0,1,0.791346487587567
"13701","1325","Ec_N",229,21,21,"Ec",24,1,1,1,0,1,0.872975948786018
"13702","1325","Ec_N",229,22,22,"Ec",24,1,1,1,0,1,0.872975948786018
"13703","1325","Ec_N",229,23,23,"Ec",24,1,1,1,0,1,0.872975948786018
"13704","1325","Ec_N",229,24,24,"Ec",24,1,1,1,0,1,0.872975948786018
"13705","1325","Ec_N",229,25,25,"Ec",24,1,1,1,0,1,0.872975948786018
"13706","1325","Ec_N",229,26,26,"Ec",24,1,1,1,0,1,0.872975948786018
"13707","1325","Ec_N",229,27,27,"Ec",24,1,1,1,0,1,0.872975948786018
"13708","1325","Ec_N",229,28,28,"Ec",24,1,1,1,0,1,0.872975948786018
"13709","1325","Ec_N",229,29,29,"Ec",24,1,1,1,0,1,0.872975948786018
"13710","1325","Ec_N",229,30,30,"Ec",24,1,1,1,0,1,0.872975948786018
"13711","1325","Ec_N",229,31,31,"Ec",24,1,1,1,0,1,0.872975948786018
"13712","1325","Ec_N",229,32,32,"Ec",24,1,1,1,0,1,0.872975948786018
"13713","1325","Ec_N",229,33,33,"Ec",24,1,1,1,0,1,0.872975948786018
"13714","1325","Ec_N",229,34,34,"Ec",24,1,1,1,0,1,0.872975948786018
"13715","1325","Ec_N",229,35,35,"Ec",24,1,1,1,0,1,0.872975948786018
"13716","1325","Ec_N",229,36,36,"Ec",24,1,1,1,0,1,0.872975948786018
"13717","1325","Ec_N",229,37,37,"Ec",24,1,1,1,0,1,0.872975948786018
"13718","1325","Ec_N",229,38,38,"Ec",32,1,1,1,1,1,1
"13719","1325","Ec_N",229,39,39,"Ec",32,1,1,1,1,1,1
"13720","1325","Ec_N",229,40,40,"Ec",32,1,1,1,1,1,1
"13721","1325","Ec_N",229,41,41,"Ec",32,1,1,1,1,1,1
"13722","1325","Ec_N",229,42,42,"Ec",32,1,1,1,1,1,1
"13723","1325","Ec_N",229,43,43,"Ec",32,1,1,1,1,1,1
"13724","1325","Ec_N",229,44,44,"Ec",32,1,1,1,1,1,1
"13725","1325","Ec_N",229,45,45,"Ec",32,1,1,1,1,1,1
"13726","1325","Ec_N",229,46,46,"Ec",32,1,1,1,1,1,1
"13727","1325","Ec_N",229,47,47,"Ec",32,1,1,1,1,1,1
"13728","1325","Ec_N",229,48,48,"Ec",32,1,1,1,1,1,1
"13729","1325","Ec_N",229,49,49,"Ec",32,1,1,1,1,1,1
"13730","1325","Ec_N",229,50,50,"Ec",32,1,1,1,1,1,1
"13731","1325","Ec_N",229,51,51,"Ec",32,1,1,1,1,1,1
"13732","1325","Ec_N",229,52,52,"Ec",32,1,1,1,1,1,1
"13733","1325","Ec_N",229,53,53,"Ec",32,1,1,1,1,1,1
"13734","1325","Ec_N",229,54,54,"Ec",32,1,1,1,1,1,1
"13735","1325","Ec_N",229,55,55,"Ec",32,1,1,1,1,1,1
"13736","1325","Ec_N",229,56,56,"Ec",32,1,1,1,1,1,1
"13737","1325","Ec_N",229,57,57,"Ec",32,1,1,1,1,1,1
"13738","1325","Ec_N",229,58,58,"Ec",32,1,1,1,1,1,1
"13739","1325","Ec_N",229,59,59,"Ec",32,1,1,1,1,1,1
"13740","1325","Ec_N",229,60,60,"Ec",32,1,1,1,1,1,1
"13741","1325","Ec_N",230,1,1,"Ec",1,0,0,0,0,0,0
"13742","1325","Ec_N",230,2,2,"Ec",1,0,0,0,0,0,0
"13743","1325","Ec_N",230,3,3,"Ec",1,0,0,0,0,0,0
"13744","1325","Ec_N",230,4,4,"Ec",1,0,0,0,0,0,0
"13745","1325","Ec_N",230,5,5,"Ec",1,0,0,0,0,0,0
"13746","1325","Ec_N",230,6,6,"Ec",1,0,0,0,0,0,0
"13747","1325","Ec_N",230,7,7,"Ec",1,0,0,0,0,0,0
"13748","1325","Ec_N",230,8,8,"Ec",1,0,0,0,0,0,0
"13749","1325","Ec_N",230,9,9,"Ec",1,0,0,0,0,0,0
"13750","1325","Ec_N",230,10,10,"Ec",1,0,0,0,0,0,0
"13751","1325","Ec_N",230,11,11,"Ec",3,0,1,0,0,0,0.420438296247818
"13752","1325","Ec_N",230,12,12,"Ec",3,0,1,0,0,0,0.420438296247818
"13753","1325","Ec_N",230,13,13,"Ec",11,0,1,0,1,0,0.503461616060769
"13754","1325","Ec_N",230,14,14,"Ec",11,0,1,0,1,0,0.503461616060769
"13755","1325","Ec_N",230,15,15,"Ec",11,0,1,0,1,0,0.503461616060769
"13756","1325","Ec_N",230,16,16,"Ec",15,0,1,1,1,0,0.62909180866025
"13757","1325","Ec_N",230,17,17,"Ec",15,0,1,1,1,0,0.62909180866025
"13758","1325","Ec_N",230,18,18,"Ec",31,0,1,1,1,1,0.6927777538956
"13759","1325","Ec_N",230,19,19,"Ec",31,0,1,1,1,1,0.6927777538956
"13760","1325","Ec_N",230,20,20,"Ec",31,0,1,1,1,1,0.6927777538956
"13761","1325","Ec_N",230,21,21,"Ec",31,0,1,1,1,1,0.6927777538956
"13762","1325","Ec_N",230,22,22,"Ec",31,0,1,1,1,1,0.6927777538956
"13763","1325","Ec_N",230,23,23,"Ec",32,1,1,1,1,1,1
"13764","1325","Ec_N",230,24,24,"Ec",32,1,1,1,1,1,1
"13765","1325","Ec_N",230,25,25,"Ec",32,1,1,1,1,1,1
"13766","1325","Ec_N",230,26,26,"Ec",32,1,1,1,1,1,1
"13767","1325","Ec_N",230,27,27,"Ec",32,1,1,1,1,1,1
"13768","1325","Ec_N",230,28,28,"Ec",32,1,1,1,1,1,1
"13769","1325","Ec_N",230,29,29,"Ec",32,1,1,1,1,1,1
"13770","1325","Ec_N",230,30,30,"Ec",32,1,1,1,1,1,1
"13771","1325","Ec_N",230,31,31,"Ec",32,1,1,1,1,1,1
"13772","1325","Ec_N",230,32,32,"Ec",32,1,1,1,1,1,1
"13773","1325","Ec_N",230,33,33,"Ec",32,1,1,1,1,1,1
"13774","1325","Ec_N",230,34,34,"Ec",32,1,1,1,1,1,1
"13775","1325","Ec_N",230,35,35,"Ec",32,1,1,1,1,1,1
"13776","1325","Ec_N",230,36,36,"Ec",32,1,1,1,1,1,1
"13777","1325","Ec_N",230,37,37,"Ec",32,1,1,1,1,1,1
"13778","1325","Ec_N",230,38,38,"Ec",32,1,1,1,1,1,1
"13779","1325","Ec_N",230,39,39,"Ec",32,1,1,1,1,1,1
"13780","1325","Ec_N",230,40,40,"Ec",32,1,1,1,1,1,1
"13781","1325","Ec_N",230,41,41,"Ec",32,1,1,1,1,1,1
"13782","1325","Ec_N",230,42,42,"Ec",32,1,1,1,1,1,1
"13783","1325","Ec_N",230,43,43,"Ec",32,1,1,1,1,1,1
"13784","1325","Ec_N",230,44,44,"Ec",32,1,1,1,1,1,1
"13785","1325","Ec_N",230,45,45,"Ec",32,1,1,1,1,1,1
"13786","1325","Ec_N",230,46,46,"Ec",32,1,1,1,1,1,1
"13787","1325","Ec_N",230,47,47,"Ec",32,1,1,1,1,1,1
"13788","1325","Ec_N",230,48,48,"Ec",32,1,1,1,1,1,1
"13789","1325","Ec_N",230,49,49,"Ec",32,1,1,1,1,1,1
"13790","1325","Ec_N",230,50,50,"Ec",32,1,1,1,1,1,1
"13791","1325","Ec_N",230,51,51,"Ec",32,1,1,1,1,1,1
"13792","1325","Ec_N",230,52,52,"Ec",32,1,1,1,1,1,1
"13793","1325","Ec_N",230,53,53,"Ec",32,1,1,1,1,1,1
"13794","1325","Ec_N",230,54,54,"Ec",32,1,1,1,1,1,1
"13795","1325","Ec_N",230,55,55,"Ec",32,1,1,1,1,1,1
"13796","1325","Ec_N",230,56,56,"Ec",32,1,1,1,1,1,1
"13797","1325","Ec_N",230,57,57,"Ec",32,1,1,1,1,1,1
"13798","1325","Ec_N",230,58,58,"Ec",32,1,1,1,1,1,1
"13799","1325","Ec_N",230,59,59,"Ec",32,1,1,1,1,1,1
"13800","1325","Ec_N",230,60,60,"Ec",32,1,1,1,1,1,1
"13801","1325","Ec_N",231,1,1,"Ec",1,0,0,0,0,0,0
"13802","1325","Ec_N",231,2,2,"Ec",2,1,0,0,0,0,0.3072222461044
"13803","1325","Ec_N",231,3,3,"Ec",4,1,1,0,0,0,0.727660542352217
"13804","1325","Ec_N",231,4,4,"Ec",4,1,1,0,0,0,0.727660542352217
"13805","1325","Ec_N",231,5,5,"Ec",4,1,1,0,0,0,0.727660542352217
"13806","1325","Ec_N",231,6,6,"Ec",4,1,1,0,0,0,0.727660542352217
"13807","1325","Ec_N",231,7,7,"Ec",4,1,1,0,0,0,0.727660542352217
"13808","1325","Ec_N",231,8,8,"Ec",4,1,1,0,0,0,0.727660542352217
"13809","1325","Ec_N",231,9,9,"Ec",4,1,1,0,0,0,0.727660542352217
"13810","1325","Ec_N",231,10,10,"Ec",4,1,1,0,0,0,0.727660542352217
"13811","1325","Ec_N",231,11,11,"Ec",4,1,1,0,0,0,0.727660542352217
"13812","1325","Ec_N",231,12,12,"Ec",4,1,1,0,0,0,0.727660542352217
"13813","1325","Ec_N",231,13,13,"Ec",4,1,1,0,0,0,0.727660542352217
"13814","1325","Ec_N",231,14,14,"Ec",4,1,1,0,0,0,0.727660542352217
"13815","1325","Ec_N",231,15,15,"Ec",8,1,1,1,0,0,0.887289570804412
"13816","1325","Ec_N",231,16,16,"Ec",8,1,1,1,0,0,0.887289570804412
"13817","1325","Ec_N",231,17,17,"Ec",8,1,1,1,0,0,0.887289570804412
"13818","1325","Ec_N",231,18,18,"Ec",8,1,1,1,0,0,0.887289570804412
"13819","1325","Ec_N",231,19,19,"Ec",8,1,1,1,0,0,0.887289570804412
"13820","1325","Ec_N",231,20,20,"Ec",8,1,1,1,0,0,0.887289570804412
"13821","1325","Ec_N",231,21,21,"Ec",8,1,1,1,0,0,0.887289570804412
"13822","1325","Ec_N",231,22,22,"Ec",8,1,1,1,0,0,0.887289570804412
"13823","1325","Ec_N",231,23,23,"Ec",8,1,1,1,0,0,0.887289570804412
"13824","1325","Ec_N",231,24,24,"Ec",16,1,1,1,1,0,0.93631405476465
"13825","1325","Ec_N",231,25,25,"Ec",16,1,1,1,1,0,0.93631405476465
"13826","1325","Ec_N",231,26,26,"Ec",16,1,1,1,1,0,0.93631405476465
"13827","1325","Ec_N",231,27,27,"Ec",16,1,1,1,1,0,0.93631405476465
"13828","1325","Ec_N",231,28,28,"Ec",16,1,1,1,1,0,0.93631405476465
"13829","1325","Ec_N",231,29,29,"Ec",16,1,1,1,1,0,0.93631405476465
"13830","1325","Ec_N",231,30,30,"Ec",16,1,1,1,1,0,0.93631405476465
"13831","1325","Ec_N",231,31,31,"Ec",16,1,1,1,1,0,0.93631405476465
"13832","1325","Ec_N",231,32,32,"Ec",16,1,1,1,1,0,0.93631405476465
"13833","1325","Ec_N",231,33,33,"Ec",16,1,1,1,1,0,0.93631405476465
"13834","1325","Ec_N",231,34,34,"Ec",16,1,1,1,1,0,0.93631405476465
"13835","1325","Ec_N",231,35,35,"Ec",16,1,1,1,1,0,0.93631405476465
"13836","1325","Ec_N",231,36,36,"Ec",16,1,1,1,1,0,0.93631405476465
"13837","1325","Ec_N",231,37,37,"Ec",16,1,1,1,1,0,0.93631405476465
"13838","1325","Ec_N",231,38,38,"Ec",16,1,1,1,1,0,0.93631405476465
"13839","1325","Ec_N",231,39,39,"Ec",16,1,1,1,1,0,0.93631405476465
"13840","1325","Ec_N",231,40,40,"Ec",16,1,1,1,1,0,0.93631405476465
"13841","1325","Ec_N",231,41,41,"Ec",16,1,1,1,1,0,0.93631405476465
"13842","1325","Ec_N",231,42,42,"Ec",16,1,1,1,1,0,0.93631405476465
"13843","1325","Ec_N",231,43,43,"Ec",16,1,1,1,1,0,0.93631405476465
"13844","1325","Ec_N",231,44,44,"Ec",16,1,1,1,1,0,0.93631405476465
"13845","1325","Ec_N",231,45,45,"Ec",16,1,1,1,1,0,0.93631405476465
"13846","1325","Ec_N",231,46,46,"Ec",16,1,1,1,1,0,0.93631405476465
"13847","1325","Ec_N",231,47,47,"Ec",16,1,1,1,1,0,0.93631405476465
"13848","1325","Ec_N",231,48,48,"Ec",16,1,1,1,1,0,0.93631405476465
"13849","1325","Ec_N",231,49,49,"Ec",16,1,1,1,1,0,0.93631405476465
"13850","1325","Ec_N",231,50,50,"Ec",16,1,1,1,1,0,0.93631405476465
"13851","1325","Ec_N",231,51,51,"Ec",16,1,1,1,1,0,0.93631405476465
"13852","1325","Ec_N",231,52,52,"Ec",16,1,1,1,1,0,0.93631405476465
"13853","1325","Ec_N",231,53,53,"Ec",16,1,1,1,1,0,0.93631405476465
"13854","1325","Ec_N",231,54,54,"Ec",16,1,1,1,1,0,0.93631405476465
"13855","1325","Ec_N",231,55,55,"Ec",32,1,1,1,1,1,1
"13856","1325","Ec_N",231,56,56,"Ec",32,1,1,1,1,1,1
"13857","1325","Ec_N",231,57,57,"Ec",32,1,1,1,1,1,1
"13858","1325","Ec_N",231,58,58,"Ec",32,1,1,1,1,1,1
"13859","1325","Ec_N",231,59,59,"Ec",32,1,1,1,1,1,1
"13860","1325","Ec_N",231,60,60,"Ec",32,1,1,1,1,1,1
"13861","1325","Ec_N",232,1,1,"Ec",1,0,0,0,0,0,0
"13862","1325","Ec_N",232,2,2,"Ec",1,0,0,0,0,0,0
"13863","1325","Ec_N",232,3,3,"Ec",1,0,0,0,0,0,0
"13864","1325","Ec_N",232,4,4,"Ec",1,0,0,0,0,0,0
"13865","1325","Ec_N",232,5,5,"Ec",1,0,0,0,0,0,0
"13866","1325","Ec_N",232,6,6,"Ec",1,0,0,0,0,0,0
"13867","1325","Ec_N",232,7,7,"Ec",1,0,0,0,0,0,0
"13868","1325","Ec_N",232,8,8,"Ec",1,0,0,0,0,0,0
"13869","1325","Ec_N",232,9,9,"Ec",1,0,0,0,0,0,0
"13870","1325","Ec_N",232,10,10,"Ec",1,0,0,0,0,0,0
"13871","1325","Ec_N",232,11,11,"Ec",1,0,0,0,0,0,0
"13872","1325","Ec_N",232,12,12,"Ec",1,0,0,0,0,0,0
"13873","1325","Ec_N",232,13,13,"Ec",1,0,0,0,0,0,0
"13874","1325","Ec_N",232,14,14,"Ec",1,0,0,0,0,0,0
"13875","1325","Ec_N",232,15,15,"Ec",1,0,0,0,0,0,0
"13876","1325","Ec_N",232,16,16,"Ec",1,0,0,0,0,0,0
"13877","1325","Ec_N",232,17,17,"Ec",3,0,1,0,0,0,0.420438296247818
"13878","1325","Ec_N",232,18,18,"Ec",3,0,1,0,0,0,0.420438296247818
"13879","1325","Ec_N",232,19,19,"Ec",3,0,1,0,0,0,0.420438296247818
"13880","1325","Ec_N",232,20,20,"Ec",3,0,1,0,0,0,0.420438296247818
"13881","1325","Ec_N",232,21,21,"Ec",3,0,1,0,0,0,0.420438296247818
"13882","1325","Ec_N",232,22,22,"Ec",3,0,1,0,0,0,0.420438296247818
"13883","1325","Ec_N",232,23,23,"Ec",4,1,1,0,0,0,0.727660542352217
"13884","1325","Ec_N",232,24,24,"Ec",4,1,1,0,0,0,0.727660542352217
"13885","1325","Ec_N",232,25,25,"Ec",4,1,1,0,0,0,0.727660542352217
"13886","1325","Ec_N",232,26,26,"Ec",4,1,1,0,0,0,0.727660542352217
"13887","1325","Ec_N",232,27,27,"Ec",4,1,1,0,0,0,0.727660542352217
"13888","1325","Ec_N",232,28,28,"Ec",4,1,1,0,0,0,0.727660542352217
"13889","1325","Ec_N",232,29,29,"Ec",4,1,1,0,0,0,0.727660542352217
"13890","1325","Ec_N",232,30,30,"Ec",4,1,1,0,0,0,0.727660542352217
"13891","1325","Ec_N",232,31,31,"Ec",4,1,1,0,0,0,0.727660542352217
"13892","1325","Ec_N",232,32,32,"Ec",4,1,1,0,0,0,0.727660542352217
"13893","1325","Ec_N",232,33,33,"Ec",4,1,1,0,0,0,0.727660542352217
"13894","1325","Ec_N",232,34,34,"Ec",4,1,1,0,0,0,0.727660542352217
"13895","1325","Ec_N",232,35,35,"Ec",4,1,1,0,0,0,0.727660542352217
"13896","1325","Ec_N",232,36,36,"Ec",12,1,1,0,1,0,0.776685026312455
"13897","1325","Ec_N",232,37,37,"Ec",12,1,1,0,1,0,0.776685026312455
"13898","1325","Ec_N",232,38,38,"Ec",12,1,1,0,1,0,0.776685026312455
"13899","1325","Ec_N",232,39,39,"Ec",12,1,1,0,1,0,0.776685026312455
"13900","1325","Ec_N",232,40,40,"Ec",12,1,1,0,1,0,0.776685026312455
"13901","1325","Ec_N",232,41,41,"Ec",28,1,1,0,1,1,0.815884725734249
"13902","1325","Ec_N",232,42,42,"Ec",28,1,1,0,1,1,0.815884725734249
"13903","1325","Ec_N",232,43,43,"Ec",28,1,1,0,1,1,0.815884725734249
"13904","1325","Ec_N",232,44,44,"Ec",32,1,1,1,1,1,1
"13905","1325","Ec_N",232,45,45,"Ec",32,1,1,1,1,1,1
"13906","1325","Ec_N",232,46,46,"Ec",32,1,1,1,1,1,1
"13907","1325","Ec_N",232,47,47,"Ec",32,1,1,1,1,1,1
"13908","1325","Ec_N",232,48,48,"Ec",32,1,1,1,1,1,1
"13909","1325","Ec_N",232,49,49,"Ec",32,1,1,1,1,1,1
"13910","1325","Ec_N",232,50,50,"Ec",32,1,1,1,1,1,1
"13911","1325","Ec_N",232,51,51,"Ec",32,1,1,1,1,1,1
"13912","1325","Ec_N",232,52,52,"Ec",32,1,1,1,1,1,1
"13913","1325","Ec_N",232,53,53,"Ec",32,1,1,1,1,1,1
"13914","1325","Ec_N",232,54,54,"Ec",32,1,1,1,1,1,1
"13915","1325","Ec_N",232,55,55,"Ec",32,1,1,1,1,1,1
"13916","1325","Ec_N",232,56,56,"Ec",32,1,1,1,1,1,1
"13917","1325","Ec_N",232,57,57,"Ec",32,1,1,1,1,1,1
"13918","1325","Ec_N",232,58,58,"Ec",32,1,1,1,1,1,1
"13919","1325","Ec_N",232,59,59,"Ec",32,1,1,1,1,1,1
"13920","1325","Ec_N",232,60,60,"Ec",32,1,1,1,1,1,1
"13921","1325","Ec_N",233,1,1,"Ec",1,0,0,0,0,0,0
"13922","1325","Ec_N",233,2,2,"Ec",1,0,0,0,0,0,0
"13923","1325","Ec_N",233,3,3,"Ec",1,0,0,0,0,0,0
"13924","1325","Ec_N",233,4,4,"Ec",1,0,0,0,0,0,0
"13925","1325","Ec_N",233,5,5,"Ec",1,0,0,0,0,0,0
"13926","1325","Ec_N",233,6,6,"Ec",1,0,0,0,0,0,0
"13927","1325","Ec_N",233,7,7,"Ec",2,1,0,0,0,0,0.3072222461044
"13928","1325","Ec_N",233,8,8,"Ec",2,1,0,0,0,0,0.3072222461044
"13929","1325","Ec_N",233,9,9,"Ec",2,1,0,0,0,0,0.3072222461044
"13930","1325","Ec_N",233,10,10,"Ec",2,1,0,0,0,0,0.3072222461044
"13931","1325","Ec_N",233,11,11,"Ec",18,1,0,0,0,1,0.37090819133975
"13932","1325","Ec_N",233,12,12,"Ec",18,1,0,0,0,1,0.37090819133975
"13933","1325","Ec_N",233,13,13,"Ec",18,1,0,0,0,1,0.37090819133975
"13934","1325","Ec_N",233,14,14,"Ec",18,1,0,0,0,1,0.37090819133975
"13935","1325","Ec_N",233,15,15,"Ec",18,1,0,0,0,1,0.37090819133975
"13936","1325","Ec_N",233,16,16,"Ec",20,1,1,0,0,1,0.791346487587567
"13937","1325","Ec_N",233,17,17,"Ec",20,1,1,0,0,1,0.791346487587567
"13938","1325","Ec_N",233,18,18,"Ec",20,1,1,0,0,1,0.791346487587567
"13939","1325","Ec_N",233,19,19,"Ec",20,1,1,0,0,1,0.791346487587567
"13940","1325","Ec_N",233,20,20,"Ec",20,1,1,0,0,1,0.791346487587567
"13941","1325","Ec_N",233,21,21,"Ec",20,1,1,0,0,1,0.791346487587567
"13942","1325","Ec_N",233,22,22,"Ec",20,1,1,0,0,1,0.791346487587567
"13943","1325","Ec_N",233,23,23,"Ec",24,1,1,1,0,1,0.872975948786018
"13944","1325","Ec_N",233,24,24,"Ec",24,1,1,1,0,1,0.872975948786018
"13945","1325","Ec_N",233,25,25,"Ec",24,1,1,1,0,1,0.872975948786018
"13946","1325","Ec_N",233,26,26,"Ec",24,1,1,1,0,1,0.872975948786018
"13947","1325","Ec_N",233,27,27,"Ec",24,1,1,1,0,1,0.872975948786018
"13948","1325","Ec_N",233,28,28,"Ec",24,1,1,1,0,1,0.872975948786018
"13949","1325","Ec_N",233,29,29,"Ec",24,1,1,1,0,1,0.872975948786018
"13950","1325","Ec_N",233,30,30,"Ec",24,1,1,1,0,1,0.872975948786018
"13951","1325","Ec_N",233,31,31,"Ec",24,1,1,1,0,1,0.872975948786018
"13952","1325","Ec_N",233,32,32,"Ec",24,1,1,1,0,1,0.872975948786018
"13953","1325","Ec_N",233,33,33,"Ec",24,1,1,1,0,1,0.872975948786018
"13954","1325","Ec_N",233,34,34,"Ec",24,1,1,1,0,1,0.872975948786018
"13955","1325","Ec_N",233,35,35,"Ec",24,1,1,1,0,1,0.872975948786018
"13956","1325","Ec_N",233,36,36,"Ec",24,1,1,1,0,1,0.872975948786018
"13957","1325","Ec_N",233,37,37,"Ec",24,1,1,1,0,1,0.872975948786018
"13958","1325","Ec_N",233,38,38,"Ec",24,1,1,1,0,1,0.872975948786018
"13959","1325","Ec_N",233,39,39,"Ec",24,1,1,1,0,1,0.872975948786018
"13960","1325","Ec_N",233,40,40,"Ec",24,1,1,1,0,1,0.872975948786018
"13961","1325","Ec_N",233,41,41,"Ec",24,1,1,1,0,1,0.872975948786018
"13962","1325","Ec_N",233,42,42,"Ec",24,1,1,1,0,1,0.872975948786018
"13963","1325","Ec_N",233,43,43,"Ec",24,1,1,1,0,1,0.872975948786018
"13964","1325","Ec_N",233,44,44,"Ec",24,1,1,1,0,1,0.872975948786018
"13965","1325","Ec_N",233,45,45,"Ec",24,1,1,1,0,1,0.872975948786018
"13966","1325","Ec_N",233,46,46,"Ec",24,1,1,1,0,1,0.872975948786018
"13967","1325","Ec_N",233,47,47,"Ec",8,1,1,1,0,0,0.887289570804412
"13968","1325","Ec_N",233,48,48,"Ec",8,1,1,1,0,0,0.887289570804412
"13969","1325","Ec_N",233,49,49,"Ec",8,1,1,1,0,0,0.887289570804412
"13970","1325","Ec_N",233,50,50,"Ec",8,1,1,1,0,0,0.887289570804412
"13971","1325","Ec_N",233,51,51,"Ec",8,1,1,1,0,0,0.887289570804412
"13972","1325","Ec_N",233,52,52,"Ec",8,1,1,1,0,0,0.887289570804412
"13973","1325","Ec_N",233,53,53,"Ec",8,1,1,1,0,0,0.887289570804412
"13974","1325","Ec_N",233,54,54,"Ec",8,1,1,1,0,0,0.887289570804412
"13975","1325","Ec_N",233,55,55,"Ec",8,1,1,1,0,0,0.887289570804412
"13976","1325","Ec_N",233,56,56,"Ec",8,1,1,1,0,0,0.887289570804412
"13977","1325","Ec_N",233,57,57,"Ec",8,1,1,1,0,0,0.887289570804412
"13978","1325","Ec_N",233,58,58,"Ec",8,1,1,1,0,0,0.887289570804412
"13979","1325","Ec_N",233,59,59,"Ec",8,1,1,1,0,0,0.887289570804412
"13980","1325","Ec_N",233,60,60,"Ec",8,1,1,1,0,0,0.887289570804412
"13981","1325","Ec_N",234,1,1,"Ec",1,0,0,0,0,0,0
"13982","1325","Ec_N",234,2,2,"Ec",1,0,0,0,0,0,0
"13983","1325","Ec_N",234,3,3,"Ec",1,0,0,0,0,0,0
"13984","1325","Ec_N",234,4,4,"Ec",1,0,0,0,0,0,0
"13985","1325","Ec_N",234,5,5,"Ec",3,0,1,0,0,0,0.420438296247818
"13986","1325","Ec_N",234,6,6,"Ec",3,0,1,0,0,0,0.420438296247818
"13987","1325","Ec_N",234,7,7,"Ec",3,0,1,0,0,0,0.420438296247818
"13988","1325","Ec_N",234,8,8,"Ec",3,0,1,0,0,0,0.420438296247818
"13989","1325","Ec_N",234,9,9,"Ec",3,0,1,0,0,0,0.420438296247818
"13990","1325","Ec_N",234,10,10,"Ec",3,0,1,0,0,0,0.420438296247818
"13991","1325","Ec_N",234,11,11,"Ec",3,0,1,0,0,0,0.420438296247818
"13992","1325","Ec_N",234,12,12,"Ec",3,0,1,0,0,0,0.420438296247818
"13993","1325","Ec_N",234,13,13,"Ec",4,1,1,0,0,0,0.727660542352217
"13994","1325","Ec_N",234,14,14,"Ec",4,1,1,0,0,0,0.727660542352217
"13995","1325","Ec_N",234,15,15,"Ec",4,1,1,0,0,0,0.727660542352217
"13996","1325","Ec_N",234,16,16,"Ec",20,1,1,0,0,1,0.791346487587567
"13997","1325","Ec_N",234,17,17,"Ec",20,1,1,0,0,1,0.791346487587567
"13998","1325","Ec_N",234,18,18,"Ec",20,1,1,0,0,1,0.791346487587567
"13999","1325","Ec_N",234,19,19,"Ec",28,1,1,0,1,1,0.815884725734249
"14000","1325","Ec_N",234,20,20,"Ec",28,1,1,0,1,1,0.815884725734249
"14001","1325","Ec_N",234,21,21,"Ec",28,1,1,0,1,1,0.815884725734249
"14002","1325","Ec_N",234,22,22,"Ec",28,1,1,0,1,1,0.815884725734249
"14003","1325","Ec_N",234,23,23,"Ec",28,1,1,0,1,1,0.815884725734249
"14004","1325","Ec_N",234,24,24,"Ec",28,1,1,0,1,1,0.815884725734249
"14005","1325","Ec_N",234,25,25,"Ec",28,1,1,0,1,1,0.815884725734249
"14006","1325","Ec_N",234,26,26,"Ec",28,1,1,0,1,1,0.815884725734249
"14007","1325","Ec_N",234,27,27,"Ec",28,1,1,0,1,1,0.815884725734249
"14008","1325","Ec_N",234,28,28,"Ec",28,1,1,0,1,1,0.815884725734249
"14009","1325","Ec_N",234,29,29,"Ec",28,1,1,0,1,1,0.815884725734249
"14010","1325","Ec_N",234,30,30,"Ec",28,1,1,0,1,1,0.815884725734249
"14011","1325","Ec_N",234,31,31,"Ec",28,1,1,0,1,1,0.815884725734249
"14012","1325","Ec_N",234,32,32,"Ec",28,1,1,0,1,1,0.815884725734249
"14013","1325","Ec_N",234,33,33,"Ec",28,1,1,0,1,1,0.815884725734249
"14014","1325","Ec_N",234,34,34,"Ec",28,1,1,0,1,1,0.815884725734249
"14015","1325","Ec_N",234,35,35,"Ec",28,1,1,0,1,1,0.815884725734249
"14016","1325","Ec_N",234,36,36,"Ec",28,1,1,0,1,1,0.815884725734249
"14017","1325","Ec_N",234,37,37,"Ec",28,1,1,0,1,1,0.815884725734249
"14018","1325","Ec_N",234,38,38,"Ec",28,1,1,0,1,1,0.815884725734249
"14019","1325","Ec_N",234,39,39,"Ec",28,1,1,0,1,1,0.815884725734249
"14020","1325","Ec_N",234,40,40,"Ec",28,1,1,0,1,1,0.815884725734249
"14021","1325","Ec_N",234,41,41,"Ec",32,1,1,1,1,1,1
"14022","1325","Ec_N",234,42,42,"Ec",32,1,1,1,1,1,1
"14023","1325","Ec_N",234,43,43,"Ec",32,1,1,1,1,1,1
"14024","1325","Ec_N",234,44,44,"Ec",32,1,1,1,1,1,1
"14025","1325","Ec_N",234,45,45,"Ec",32,1,1,1,1,1,1
"14026","1325","Ec_N",234,46,46,"Ec",32,1,1,1,1,1,1
"14027","1325","Ec_N",234,47,47,"Ec",32,1,1,1,1,1,1
"14028","1325","Ec_N",234,48,48,"Ec",32,1,1,1,1,1,1
"14029","1325","Ec_N",234,49,49,"Ec",32,1,1,1,1,1,1
"14030","1325","Ec_N",234,50,50,"Ec",32,1,1,1,1,1,1
"14031","1325","Ec_N",234,51,51,"Ec",32,1,1,1,1,1,1
"14032","1325","Ec_N",234,52,52,"Ec",32,1,1,1,1,1,1
"14033","1325","Ec_N",234,53,53,"Ec",32,1,1,1,1,1,1
"14034","1325","Ec_N",234,54,54,"Ec",32,1,1,1,1,1,1
"14035","1325","Ec_N",234,55,55,"Ec",32,1,1,1,1,1,1
"14036","1325","Ec_N",234,56,56,"Ec",32,1,1,1,1,1,1
"14037","1325","Ec_N",234,57,57,"Ec",32,1,1,1,1,1,1
"14038","1325","Ec_N",234,58,58,"Ec",32,1,1,1,1,1,1
"14039","1325","Ec_N",234,59,59,"Ec",32,1,1,1,1,1,1
"14040","1325","Ec_N",234,60,60,"Ec",32,1,1,1,1,1,1
"14041","1325","Ec_N",235,1,1,"Ec",1,0,0,0,0,0,0
"14042","1325","Ec_N",235,2,2,"Ec",1,0,0,0,0,0,0
"14043","1325","Ec_N",235,3,3,"Ec",2,1,0,0,0,0,0.3072222461044
"14044","1325","Ec_N",235,4,4,"Ec",6,1,0,1,0,0,0.466851274556594
"14045","1325","Ec_N",235,5,5,"Ec",6,1,0,1,0,0,0.466851274556594
"14046","1325","Ec_N",235,6,6,"Ec",14,1,0,1,1,0,0.479175264165032
"14047","1325","Ec_N",235,7,7,"Ec",14,1,0,1,1,0,0.479175264165032
"14048","1325","Ec_N",235,8,8,"Ec",14,1,0,1,1,0,0.479175264165032
"14049","1325","Ec_N",235,9,9,"Ec",14,1,0,1,1,0,0.479175264165032
"14050","1325","Ec_N",235,10,10,"Ec",14,1,0,1,1,0,0.479175264165032
"14051","1325","Ec_N",235,11,11,"Ec",30,1,0,1,1,1,0.579561703752182
"14052","1325","Ec_N",235,12,12,"Ec",30,1,0,1,1,1,0.579561703752182
"14053","1325","Ec_N",235,13,13,"Ec",30,1,0,1,1,1,0.579561703752182
"14054","1325","Ec_N",235,14,14,"Ec",30,1,0,1,1,1,0.579561703752182
"14055","1325","Ec_N",235,15,15,"Ec",30,1,0,1,1,1,0.579561703752182
"14056","1325","Ec_N",235,16,16,"Ec",30,1,0,1,1,1,0.579561703752182
"14057","1325","Ec_N",235,17,17,"Ec",30,1,0,1,1,1,0.579561703752182
"14058","1325","Ec_N",235,18,18,"Ec",30,1,0,1,1,1,0.579561703752182
"14059","1325","Ec_N",235,19,19,"Ec",30,1,0,1,1,1,0.579561703752182
"14060","1325","Ec_N",235,20,20,"Ec",30,1,0,1,1,1,0.579561703752182
"14061","1325","Ec_N",235,21,21,"Ec",30,1,0,1,1,1,0.579561703752182
"14062","1325","Ec_N",235,22,22,"Ec",30,1,0,1,1,1,0.579561703752182
"14063","1325","Ec_N",235,23,23,"Ec",30,1,0,1,1,1,0.579561703752182
"14064","1325","Ec_N",235,24,24,"Ec",30,1,0,1,1,1,0.579561703752182
"14065","1325","Ec_N",235,25,25,"Ec",30,1,0,1,1,1,0.579561703752182
"14066","1325","Ec_N",235,26,26,"Ec",30,1,0,1,1,1,0.579561703752182
"14067","1325","Ec_N",235,27,27,"Ec",30,1,0,1,1,1,0.579561703752182
"14068","1325","Ec_N",235,28,28,"Ec",30,1,0,1,1,1,0.579561703752182
"14069","1325","Ec_N",235,29,29,"Ec",30,1,0,1,1,1,0.579561703752182
"14070","1325","Ec_N",235,30,30,"Ec",30,1,0,1,1,1,0.579561703752182
"14071","1325","Ec_N",235,31,31,"Ec",30,1,0,1,1,1,0.579561703752182
"14072","1325","Ec_N",235,32,32,"Ec",30,1,0,1,1,1,0.579561703752182
"14073","1325","Ec_N",235,33,33,"Ec",30,1,0,1,1,1,0.579561703752182
"14074","1325","Ec_N",235,34,34,"Ec",30,1,0,1,1,1,0.579561703752182
"14075","1325","Ec_N",235,35,35,"Ec",32,1,1,1,1,1,1
"14076","1325","Ec_N",235,36,36,"Ec",32,1,1,1,1,1,1
"14077","1325","Ec_N",235,37,37,"Ec",32,1,1,1,1,1,1
"14078","1325","Ec_N",235,38,38,"Ec",32,1,1,1,1,1,1
"14079","1325","Ec_N",235,39,39,"Ec",32,1,1,1,1,1,1
"14080","1325","Ec_N",235,40,40,"Ec",32,1,1,1,1,1,1
"14081","1325","Ec_N",235,41,41,"Ec",32,1,1,1,1,1,1
"14082","1325","Ec_N",235,42,42,"Ec",32,1,1,1,1,1,1
"14083","1325","Ec_N",235,43,43,"Ec",32,1,1,1,1,1,1
"14084","1325","Ec_N",235,44,44,"Ec",32,1,1,1,1,1,1
"14085","1325","Ec_N",235,45,45,"Ec",32,1,1,1,1,1,1
"14086","1325","Ec_N",235,46,46,"Ec",32,1,1,1,1,1,1
"14087","1325","Ec_N",235,47,47,"Ec",32,1,1,1,1,1,1
"14088","1325","Ec_N",235,48,48,"Ec",32,1,1,1,1,1,1
"14089","1325","Ec_N",235,49,49,"Ec",32,1,1,1,1,1,1
"14090","1325","Ec_N",235,50,50,"Ec",32,1,1,1,1,1,1
"14091","1325","Ec_N",235,51,51,"Ec",32,1,1,1,1,1,1
"14092","1325","Ec_N",235,52,52,"Ec",32,1,1,1,1,1,1
"14093","1325","Ec_N",235,53,53,"Ec",32,1,1,1,1,1,1
"14094","1325","Ec_N",235,54,54,"Ec",32,1,1,1,1,1,1
"14095","1325","Ec_N",235,55,55,"Ec",32,1,1,1,1,1,1
"14096","1325","Ec_N",235,56,56,"Ec",32,1,1,1,1,1,1
"14097","1325","Ec_N",235,57,57,"Ec",32,1,1,1,1,1,1
"14098","1325","Ec_N",235,58,58,"Ec",32,1,1,1,1,1,1
"14099","1325","Ec_N",235,59,59,"Ec",32,1,1,1,1,1,1
"14100","1325","Ec_N",235,60,60,"Ec",32,1,1,1,1,1,1
"14101","1325","Ec_N",236,1,1,"Ec",1,0,0,0,0,0,0
"14102","1325","Ec_N",236,2,2,"Ec",1,0,0,0,0,0,0
"14103","1325","Ec_N",236,3,3,"Ec",17,0,0,0,0,1,0.0636859452353503
"14104","1325","Ec_N",236,4,4,"Ec",21,0,0,1,0,1,0.223314973687545
"14105","1325","Ec_N",236,5,5,"Ec",21,0,0,1,0,1,0.223314973687545
"14106","1325","Ec_N",236,6,6,"Ec",21,0,0,1,0,1,0.223314973687545
"14107","1325","Ec_N",236,7,7,"Ec",21,0,0,1,0,1,0.223314973687545
"14108","1325","Ec_N",236,8,8,"Ec",21,0,0,1,0,1,0.223314973687545
"14109","1325","Ec_N",236,9,9,"Ec",21,0,0,1,0,1,0.223314973687545
"14110","1325","Ec_N",236,10,10,"Ec",21,0,0,1,0,1,0.223314973687545
"14111","1325","Ec_N",236,11,11,"Ec",21,0,0,1,0,1,0.223314973687545
"14112","1325","Ec_N",236,12,12,"Ec",21,0,0,1,0,1,0.223314973687545
"14113","1325","Ec_N",236,13,13,"Ec",21,0,0,1,0,1,0.223314973687545
"14114","1325","Ec_N",236,14,14,"Ec",22,1,0,1,0,1,0.530537219791945
"14115","1325","Ec_N",236,15,15,"Ec",22,1,0,1,0,1,0.530537219791945
"14116","1325","Ec_N",236,16,16,"Ec",22,1,0,1,0,1,0.530537219791945
"14117","1325","Ec_N",236,17,17,"Ec",22,1,0,1,0,1,0.530537219791945
"14118","1325","Ec_N",236,18,18,"Ec",22,1,0,1,0,1,0.530537219791945
"14119","1325","Ec_N",236,19,19,"Ec",22,1,0,1,0,1,0.530537219791945
"14120","1325","Ec_N",236,20,20,"Ec",22,1,0,1,0,1,0.530537219791945
"14121","1325","Ec_N",236,21,21,"Ec",22,1,0,1,0,1,0.530537219791945
"14122","1325","Ec_N",236,22,22,"Ec",22,1,0,1,0,1,0.530537219791945
"14123","1325","Ec_N",236,23,23,"Ec",22,1,0,1,0,1,0.530537219791945
"14124","1325","Ec_N",236,24,24,"Ec",30,1,0,1,1,1,0.579561703752182
"14125","1325","Ec_N",236,25,25,"Ec",30,1,0,1,1,1,0.579561703752182
"14126","1325","Ec_N",236,26,26,"Ec",30,1,0,1,1,1,0.579561703752182
"14127","1325","Ec_N",236,27,27,"Ec",30,1,0,1,1,1,0.579561703752182
"14128","1325","Ec_N",236,28,28,"Ec",30,1,0,1,1,1,0.579561703752182
"14129","1325","Ec_N",236,29,29,"Ec",30,1,0,1,1,1,0.579561703752182
"14130","1325","Ec_N",236,30,30,"Ec",30,1,0,1,1,1,0.579561703752182
"14131","1325","Ec_N",236,31,31,"Ec",30,1,0,1,1,1,0.579561703752182
"14132","1325","Ec_N",236,32,32,"Ec",30,1,0,1,1,1,0.579561703752182
"14133","1325","Ec_N",236,33,33,"Ec",30,1,0,1,1,1,0.579561703752182
"14134","1325","Ec_N",236,34,34,"Ec",30,1,0,1,1,1,0.579561703752182
"14135","1325","Ec_N",236,35,35,"Ec",30,1,0,1,1,1,0.579561703752182
"14136","1325","Ec_N",236,36,36,"Ec",32,1,1,1,1,1,1
"14137","1325","Ec_N",236,37,37,"Ec",32,1,1,1,1,1,1
"14138","1325","Ec_N",236,38,38,"Ec",32,1,1,1,1,1,1
"14139","1325","Ec_N",236,39,39,"Ec",32,1,1,1,1,1,1
"14140","1325","Ec_N",236,40,40,"Ec",32,1,1,1,1,1,1
"14141","1325","Ec_N",236,41,41,"Ec",32,1,1,1,1,1,1
"14142","1325","Ec_N",236,42,42,"Ec",32,1,1,1,1,1,1
"14143","1325","Ec_N",236,43,43,"Ec",32,1,1,1,1,1,1
"14144","1325","Ec_N",236,44,44,"Ec",32,1,1,1,1,1,1
"14145","1325","Ec_N",236,45,45,"Ec",32,1,1,1,1,1,1
"14146","1325","Ec_N",236,46,46,"Ec",32,1,1,1,1,1,1
"14147","1325","Ec_N",236,47,47,"Ec",32,1,1,1,1,1,1
"14148","1325","Ec_N",236,48,48,"Ec",32,1,1,1,1,1,1
"14149","1325","Ec_N",236,49,49,"Ec",32,1,1,1,1,1,1
"14150","1325","Ec_N",236,50,50,"Ec",32,1,1,1,1,1,1
"14151","1325","Ec_N",236,51,51,"Ec",32,1,1,1,1,1,1
"14152","1325","Ec_N",236,52,52,"Ec",32,1,1,1,1,1,1
"14153","1325","Ec_N",236,53,53,"Ec",32,1,1,1,1,1,1
"14154","1325","Ec_N",236,54,54,"Ec",32,1,1,1,1,1,1
"14155","1325","Ec_N",236,55,55,"Ec",32,1,1,1,1,1,1
"14156","1325","Ec_N",236,56,56,"Ec",32,1,1,1,1,1,1
"14157","1325","Ec_N",236,57,57,"Ec",32,1,1,1,1,1,1
"14158","1325","Ec_N",236,58,58,"Ec",32,1,1,1,1,1,1
"14159","1325","Ec_N",236,59,59,"Ec",32,1,1,1,1,1,1
"14160","1325","Ec_N",236,60,60,"Ec",32,1,1,1,1,1,1
"14161","1325","Ec_N",237,1,1,"Ec",1,0,0,0,0,0,0
"14162","1325","Ec_N",237,2,2,"Ec",1,0,0,0,0,0,0
"14163","1325","Ec_N",237,3,3,"Ec",1,0,0,0,0,0,0
"14164","1325","Ec_N",237,4,4,"Ec",1,0,0,0,0,0,0
"14165","1325","Ec_N",237,5,5,"Ec",1,0,0,0,0,0,0
"14166","1325","Ec_N",237,6,6,"Ec",2,1,0,0,0,0,0.3072222461044
"14167","1325","Ec_N",237,7,7,"Ec",2,1,0,0,0,0,0.3072222461044
"14168","1325","Ec_N",237,8,8,"Ec",2,1,0,0,0,0,0.3072222461044
"14169","1325","Ec_N",237,9,9,"Ec",2,1,0,0,0,0,0.3072222461044
"14170","1325","Ec_N",237,10,10,"Ec",2,1,0,0,0,0,0.3072222461044
"14171","1325","Ec_N",237,11,11,"Ec",2,1,0,0,0,0,0.3072222461044
"14172","1325","Ec_N",237,12,12,"Ec",2,1,0,0,0,0,0.3072222461044
"14173","1325","Ec_N",237,13,13,"Ec",2,1,0,0,0,0,0.3072222461044
"14174","1325","Ec_N",237,14,14,"Ec",2,1,0,0,0,0,0.3072222461044
"14175","1325","Ec_N",237,15,15,"Ec",2,1,0,0,0,0,0.3072222461044
"14176","1325","Ec_N",237,16,16,"Ec",2,1,0,0,0,0,0.3072222461044
"14177","1325","Ec_N",237,17,17,"Ec",2,1,0,0,0,0,0.3072222461044
"14178","1325","Ec_N",237,18,18,"Ec",2,1,0,0,0,0,0.3072222461044
"14179","1325","Ec_N",237,19,19,"Ec",2,1,0,0,0,0,0.3072222461044
"14180","1325","Ec_N",237,20,20,"Ec",2,1,0,0,0,0,0.3072222461044
"14181","1325","Ec_N",237,21,21,"Ec",2,1,0,0,0,0,0.3072222461044
"14182","1325","Ec_N",237,22,22,"Ec",2,1,0,0,0,0,0.3072222461044
"14183","1325","Ec_N",237,23,23,"Ec",2,1,0,0,0,0,0.3072222461044
"14184","1325","Ec_N",237,24,24,"Ec",2,1,0,0,0,0,0.3072222461044
"14185","1325","Ec_N",237,25,25,"Ec",2,1,0,0,0,0,0.3072222461044
"14186","1325","Ec_N",237,26,26,"Ec",6,1,0,1,0,0,0.466851274556594
"14187","1325","Ec_N",237,27,27,"Ec",6,1,0,1,0,0,0.466851274556594
"14188","1325","Ec_N",237,28,28,"Ec",6,1,0,1,0,0,0.466851274556594
"14189","1325","Ec_N",237,29,29,"Ec",6,1,0,1,0,0,0.466851274556594
"14190","1325","Ec_N",237,30,30,"Ec",6,1,0,1,0,0,0.466851274556594
"14191","1325","Ec_N",237,31,31,"Ec",6,1,0,1,0,0,0.466851274556594
"14192","1325","Ec_N",237,32,32,"Ec",6,1,0,1,0,0,0.466851274556594
"14193","1325","Ec_N",237,33,33,"Ec",8,1,1,1,0,0,0.887289570804412
"14194","1325","Ec_N",237,34,34,"Ec",8,1,1,1,0,0,0.887289570804412
"14195","1325","Ec_N",237,35,35,"Ec",8,1,1,1,0,0,0.887289570804412
"14196","1325","Ec_N",237,36,36,"Ec",8,1,1,1,0,0,0.887289570804412
"14197","1325","Ec_N",237,37,37,"Ec",8,1,1,1,0,0,0.887289570804412
"14198","1325","Ec_N",237,38,38,"Ec",8,1,1,1,0,0,0.887289570804412
"14199","1325","Ec_N",237,39,39,"Ec",8,1,1,1,0,0,0.887289570804412
"14200","1325","Ec_N",237,40,40,"Ec",8,1,1,1,0,0,0.887289570804412
"14201","1325","Ec_N",237,41,41,"Ec",8,1,1,1,0,0,0.887289570804412
"14202","1325","Ec_N",237,42,42,"Ec",8,1,1,1,0,0,0.887289570804412
"14203","1325","Ec_N",237,43,43,"Ec",8,1,1,1,0,0,0.887289570804412
"14204","1325","Ec_N",237,44,44,"Ec",16,1,1,1,1,0,0.93631405476465
"14205","1325","Ec_N",237,45,45,"Ec",16,1,1,1,1,0,0.93631405476465
"14206","1325","Ec_N",237,46,46,"Ec",16,1,1,1,1,0,0.93631405476465
"14207","1325","Ec_N",237,47,47,"Ec",16,1,1,1,1,0,0.93631405476465
"14208","1325","Ec_N",237,48,48,"Ec",16,1,1,1,1,0,0.93631405476465
"14209","1325","Ec_N",237,49,49,"Ec",16,1,1,1,1,0,0.93631405476465
"14210","1325","Ec_N",237,50,50,"Ec",16,1,1,1,1,0,0.93631405476465
"14211","1325","Ec_N",237,51,51,"Ec",16,1,1,1,1,0,0.93631405476465
"14212","1325","Ec_N",237,52,52,"Ec",16,1,1,1,1,0,0.93631405476465
"14213","1325","Ec_N",237,53,53,"Ec",16,1,1,1,1,0,0.93631405476465
"14214","1325","Ec_N",237,54,54,"Ec",16,1,1,1,1,0,0.93631405476465
"14215","1325","Ec_N",237,55,55,"Ec",16,1,1,1,1,0,0.93631405476465
"14216","1325","Ec_N",237,56,56,"Ec",16,1,1,1,1,0,0.93631405476465
"14217","1325","Ec_N",237,57,57,"Ec",16,1,1,1,1,0,0.93631405476465
"14218","1325","Ec_N",237,58,58,"Ec",16,1,1,1,1,0,0.93631405476465
"14219","1325","Ec_N",237,59,59,"Ec",16,1,1,1,1,0,0.93631405476465
"14220","1325","Ec_N",237,60,60,"Ec",16,1,1,1,1,0,0.93631405476465
"14221","1325","Ec_N",238,1,1,"Ec",1,0,0,0,0,0,0
"14222","1325","Ec_N",238,2,2,"Ec",1,0,0,0,0,0,0
"14223","1325","Ec_N",238,3,3,"Ec",5,0,0,1,0,0,0.159629028452195
"14224","1325","Ec_N",238,4,4,"Ec",5,0,0,1,0,0,0.159629028452195
"14225","1325","Ec_N",238,5,5,"Ec",5,0,0,1,0,0,0.159629028452195
"14226","1325","Ec_N",238,6,6,"Ec",5,0,0,1,0,0,0.159629028452195
"14227","1325","Ec_N",238,7,7,"Ec",5,0,0,1,0,0,0.159629028452195
"14228","1325","Ec_N",238,8,8,"Ec",5,0,0,1,0,0,0.159629028452195
"14229","1325","Ec_N",238,9,9,"Ec",21,0,0,1,0,1,0.223314973687545
"14230","1325","Ec_N",238,10,10,"Ec",21,0,0,1,0,1,0.223314973687545
"14231","1325","Ec_N",238,11,11,"Ec",21,0,0,1,0,1,0.223314973687545
"14232","1325","Ec_N",238,12,12,"Ec",22,1,0,1,0,1,0.530537219791945
"14233","1325","Ec_N",238,13,13,"Ec",22,1,0,1,0,1,0.530537219791945
"14234","1325","Ec_N",238,14,14,"Ec",22,1,0,1,0,1,0.530537219791945
"14235","1325","Ec_N",238,15,15,"Ec",22,1,0,1,0,1,0.530537219791945
"14236","1325","Ec_N",238,16,16,"Ec",22,1,0,1,0,1,0.530537219791945
"14237","1325","Ec_N",238,17,17,"Ec",22,1,0,1,0,1,0.530537219791945
"14238","1325","Ec_N",238,18,18,"Ec",22,1,0,1,0,1,0.530537219791945
"14239","1325","Ec_N",238,19,19,"Ec",22,1,0,1,0,1,0.530537219791945
"14240","1325","Ec_N",238,20,20,"Ec",22,1,0,1,0,1,0.530537219791945
"14241","1325","Ec_N",238,21,21,"Ec",22,1,0,1,0,1,0.530537219791945
"14242","1325","Ec_N",238,22,22,"Ec",22,1,0,1,0,1,0.530537219791945
"14243","1325","Ec_N",238,23,23,"Ec",22,1,0,1,0,1,0.530537219791945
"14244","1325","Ec_N",238,24,24,"Ec",22,1,0,1,0,1,0.530537219791945
"14245","1325","Ec_N",238,25,25,"Ec",22,1,0,1,0,1,0.530537219791945
"14246","1325","Ec_N",238,26,26,"Ec",22,1,0,1,0,1,0.530537219791945
"14247","1325","Ec_N",238,27,27,"Ec",22,1,0,1,0,1,0.530537219791945
"14248","1325","Ec_N",238,28,28,"Ec",22,1,0,1,0,1,0.530537219791945
"14249","1325","Ec_N",238,29,29,"Ec",22,1,0,1,0,1,0.530537219791945
"14250","1325","Ec_N",238,30,30,"Ec",22,1,0,1,0,1,0.530537219791945
"14251","1325","Ec_N",238,31,31,"Ec",22,1,0,1,0,1,0.530537219791945
"14252","1325","Ec_N",238,32,32,"Ec",22,1,0,1,0,1,0.530537219791945
"14253","1325","Ec_N",238,33,33,"Ec",22,1,0,1,0,1,0.530537219791945
"14254","1325","Ec_N",238,34,34,"Ec",22,1,0,1,0,1,0.530537219791945
"14255","1325","Ec_N",238,35,35,"Ec",22,1,0,1,0,1,0.530537219791945
"14256","1325","Ec_N",238,36,36,"Ec",22,1,0,1,0,1,0.530537219791945
"14257","1325","Ec_N",238,37,37,"Ec",22,1,0,1,0,1,0.530537219791945
"14258","1325","Ec_N",238,38,38,"Ec",22,1,0,1,0,1,0.530537219791945
"14259","1325","Ec_N",238,39,39,"Ec",22,1,0,1,0,1,0.530537219791945
"14260","1325","Ec_N",238,40,40,"Ec",22,1,0,1,0,1,0.530537219791945
"14261","1325","Ec_N",238,41,41,"Ec",24,1,1,1,0,1,0.872975948786018
"14262","1325","Ec_N",238,42,42,"Ec",24,1,1,1,0,1,0.872975948786018
"14263","1325","Ec_N",238,43,43,"Ec",24,1,1,1,0,1,0.872975948786018
"14264","1325","Ec_N",238,44,44,"Ec",24,1,1,1,0,1,0.872975948786018
"14265","1325","Ec_N",238,45,45,"Ec",24,1,1,1,0,1,0.872975948786018
"14266","1325","Ec_N",238,46,46,"Ec",24,1,1,1,0,1,0.872975948786018
"14267","1325","Ec_N",238,47,47,"Ec",24,1,1,1,0,1,0.872975948786018
"14268","1325","Ec_N",238,48,48,"Ec",24,1,1,1,0,1,0.872975948786018
"14269","1325","Ec_N",238,49,49,"Ec",24,1,1,1,0,1,0.872975948786018
"14270","1325","Ec_N",238,50,50,"Ec",24,1,1,1,0,1,0.872975948786018
"14271","1325","Ec_N",238,51,51,"Ec",24,1,1,1,0,1,0.872975948786018
"14272","1325","Ec_N",238,52,52,"Ec",24,1,1,1,0,1,0.872975948786018
"14273","1325","Ec_N",238,53,53,"Ec",24,1,1,1,0,1,0.872975948786018
"14274","1325","Ec_N",238,54,54,"Ec",24,1,1,1,0,1,0.872975948786018
"14275","1325","Ec_N",238,55,55,"Ec",24,1,1,1,0,1,0.872975948786018
"14276","1325","Ec_N",238,56,56,"Ec",24,1,1,1,0,1,0.872975948786018
"14277","1325","Ec_N",238,57,57,"Ec",24,1,1,1,0,1,0.872975948786018
"14278","1325","Ec_N",238,58,58,"Ec",24,1,1,1,0,1,0.872975948786018
"14279","1325","Ec_N",238,59,59,"Ec",24,1,1,1,0,1,0.872975948786018
"14280","1325","Ec_N",238,60,60,"Ec",24,1,1,1,0,1,0.872975948786018
"14281","1325","Ec_N",239,1,1,"Ec",1,0,0,0,0,0,0
"14282","1325","Ec_N",239,2,2,"Ec",1,0,0,0,0,0,0
"14283","1325","Ec_N",239,3,3,"Ec",1,0,0,0,0,0,0
"14284","1325","Ec_N",239,4,4,"Ec",5,0,0,1,0,0,0.159629028452195
"14285","1325","Ec_N",239,5,5,"Ec",5,0,0,1,0,0,0.159629028452195
"14286","1325","Ec_N",239,6,6,"Ec",5,0,0,1,0,0,0.159629028452195
"14287","1325","Ec_N",239,7,7,"Ec",5,0,0,1,0,0,0.159629028452195
"14288","1325","Ec_N",239,8,8,"Ec",5,0,0,1,0,0,0.159629028452195
"14289","1325","Ec_N",239,9,9,"Ec",5,0,0,1,0,0,0.159629028452195
"14290","1325","Ec_N",239,10,10,"Ec",5,0,0,1,0,0,0.159629028452195
"14291","1325","Ec_N",239,11,11,"Ec",5,0,0,1,0,0,0.159629028452195
"14292","1325","Ec_N",239,12,12,"Ec",5,0,0,1,0,0,0.159629028452195
"14293","1325","Ec_N",239,13,13,"Ec",5,0,0,1,0,0,0.159629028452195
"14294","1325","Ec_N",239,14,14,"Ec",5,0,0,1,0,0,0.159629028452195
"14295","1325","Ec_N",239,15,15,"Ec",5,0,0,1,0,0,0.159629028452195
"14296","1325","Ec_N",239,16,16,"Ec",5,0,0,1,0,0,0.159629028452195
"14297","1325","Ec_N",239,17,17,"Ec",5,0,0,1,0,0,0.159629028452195
"14298","1325","Ec_N",239,18,18,"Ec",5,0,0,1,0,0,0.159629028452195
"14299","1325","Ec_N",239,19,19,"Ec",5,0,0,1,0,0,0.159629028452195
"14300","1325","Ec_N",239,20,20,"Ec",6,1,0,1,0,0,0.466851274556594
"14301","1325","Ec_N",239,21,21,"Ec",6,1,0,1,0,0,0.466851274556594
"14302","1325","Ec_N",239,22,22,"Ec",6,1,0,1,0,0,0.466851274556594
"14303","1325","Ec_N",239,23,23,"Ec",6,1,0,1,0,0,0.466851274556594
"14304","1325","Ec_N",239,24,24,"Ec",6,1,0,1,0,0,0.466851274556594
"14305","1325","Ec_N",239,25,25,"Ec",14,1,0,1,1,0,0.479175264165032
"14306","1325","Ec_N",239,26,26,"Ec",14,1,0,1,1,0,0.479175264165032
"14307","1325","Ec_N",239,27,27,"Ec",14,1,0,1,1,0,0.479175264165032
"14308","1325","Ec_N",239,28,28,"Ec",14,1,0,1,1,0,0.479175264165032
"14309","1325","Ec_N",239,29,29,"Ec",14,1,0,1,1,0,0.479175264165032
"14310","1325","Ec_N",239,30,30,"Ec",14,1,0,1,1,0,0.479175264165032
"14311","1325","Ec_N",239,31,31,"Ec",14,1,0,1,1,0,0.479175264165032
"14312","1325","Ec_N",239,32,32,"Ec",30,1,0,1,1,1,0.579561703752182
"14313","1325","Ec_N",239,33,33,"Ec",30,1,0,1,1,1,0.579561703752182
"14314","1325","Ec_N",239,34,34,"Ec",30,1,0,1,1,1,0.579561703752182
"14315","1325","Ec_N",239,35,35,"Ec",30,1,0,1,1,1,0.579561703752182
"14316","1325","Ec_N",239,36,36,"Ec",30,1,0,1,1,1,0.579561703752182
"14317","1325","Ec_N",239,37,37,"Ec",30,1,0,1,1,1,0.579561703752182
"14318","1325","Ec_N",239,38,38,"Ec",30,1,0,1,1,1,0.579561703752182
"14319","1325","Ec_N",239,39,39,"Ec",30,1,0,1,1,1,0.579561703752182
"14320","1325","Ec_N",239,40,40,"Ec",30,1,0,1,1,1,0.579561703752182
"14321","1325","Ec_N",239,41,41,"Ec",30,1,0,1,1,1,0.579561703752182
"14322","1325","Ec_N",239,42,42,"Ec",30,1,0,1,1,1,0.579561703752182
"14323","1325","Ec_N",239,43,43,"Ec",30,1,0,1,1,1,0.579561703752182
"14324","1325","Ec_N",239,44,44,"Ec",30,1,0,1,1,1,0.579561703752182
"14325","1325","Ec_N",239,45,45,"Ec",32,1,1,1,1,1,1
"14326","1325","Ec_N",239,46,46,"Ec",32,1,1,1,1,1,1
"14327","1325","Ec_N",239,47,47,"Ec",32,1,1,1,1,1,1
"14328","1325","Ec_N",239,48,48,"Ec",32,1,1,1,1,1,1
"14329","1325","Ec_N",239,49,49,"Ec",32,1,1,1,1,1,1
"14330","1325","Ec_N",239,50,50,"Ec",32,1,1,1,1,1,1
"14331","1325","Ec_N",239,51,51,"Ec",32,1,1,1,1,1,1
"14332","1325","Ec_N",239,52,52,"Ec",32,1,1,1,1,1,1
"14333","1325","Ec_N",239,53,53,"Ec",32,1,1,1,1,1,1
"14334","1325","Ec_N",239,54,54,"Ec",32,1,1,1,1,1,1
"14335","1325","Ec_N",239,55,55,"Ec",32,1,1,1,1,1,1
"14336","1325","Ec_N",239,56,56,"Ec",32,1,1,1,1,1,1
"14337","1325","Ec_N",239,57,57,"Ec",32,1,1,1,1,1,1
"14338","1325","Ec_N",239,58,58,"Ec",32,1,1,1,1,1,1
"14339","1325","Ec_N",239,59,59,"Ec",32,1,1,1,1,1,1
"14340","1325","Ec_N",239,60,60,"Ec",32,1,1,1,1,1,1
"14341","1325","Ec_N",240,1,1,"Ec",1,0,0,0,0,0,0
"14342","1325","Ec_N",240,2,2,"Ec",1,0,0,0,0,0,0
"14343","1325","Ec_N",240,3,3,"Ec",1,0,0,0,0,0,0
"14344","1325","Ec_N",240,4,4,"Ec",1,0,0,0,0,0,0
"14345","1325","Ec_N",240,5,5,"Ec",1,0,0,0,0,0,0
"14346","1325","Ec_N",240,6,6,"Ec",1,0,0,0,0,0,0
"14347","1325","Ec_N",240,7,7,"Ec",17,0,0,0,0,1,0.0636859452353503
"14348","1325","Ec_N",240,8,8,"Ec",17,0,0,0,0,1,0.0636859452353503
"14349","1325","Ec_N",240,9,9,"Ec",17,0,0,0,0,1,0.0636859452353503
"14350","1325","Ec_N",240,10,10,"Ec",17,0,0,0,0,1,0.0636859452353503
"14351","1325","Ec_N",240,11,11,"Ec",17,0,0,0,0,1,0.0636859452353503
"14352","1325","Ec_N",240,12,12,"Ec",17,0,0,0,0,1,0.0636859452353503
"14353","1325","Ec_N",240,13,13,"Ec",17,0,0,0,0,1,0.0636859452353503
"14354","1325","Ec_N",240,14,14,"Ec",17,0,0,0,0,1,0.0636859452353503
"14355","1325","Ec_N",240,15,15,"Ec",25,0,0,0,1,1,0.112710429195588
"14356","1325","Ec_N",240,16,16,"Ec",25,0,0,0,1,1,0.112710429195588
"14357","1325","Ec_N",240,17,17,"Ec",25,0,0,0,1,1,0.112710429195588
"14358","1325","Ec_N",240,18,18,"Ec",25,0,0,0,1,1,0.112710429195588
"14359","1325","Ec_N",240,19,19,"Ec",25,0,0,0,1,1,0.112710429195588
"14360","1325","Ec_N",240,20,20,"Ec",25,0,0,0,1,1,0.112710429195588
"14361","1325","Ec_N",240,21,21,"Ec",25,0,0,0,1,1,0.112710429195588
"14362","1325","Ec_N",240,22,22,"Ec",25,0,0,0,1,1,0.112710429195588
"14363","1325","Ec_N",240,23,23,"Ec",25,0,0,0,1,1,0.112710429195588
"14364","1325","Ec_N",240,24,24,"Ec",25,0,0,0,1,1,0.112710429195588
"14365","1325","Ec_N",240,25,25,"Ec",25,0,0,0,1,1,0.112710429195588
"14366","1325","Ec_N",240,26,26,"Ec",25,0,0,0,1,1,0.112710429195588
"14367","1325","Ec_N",240,27,27,"Ec",25,0,0,0,1,1,0.112710429195588
"14368","1325","Ec_N",240,28,28,"Ec",25,0,0,0,1,1,0.112710429195588
"14369","1325","Ec_N",240,29,29,"Ec",25,0,0,0,1,1,0.112710429195588
"14370","1325","Ec_N",240,30,30,"Ec",25,0,0,0,1,1,0.112710429195588
"14371","1325","Ec_N",240,31,31,"Ec",25,0,0,0,1,1,0.112710429195588
"14372","1325","Ec_N",240,32,32,"Ec",25,0,0,0,1,1,0.112710429195588
"14373","1325","Ec_N",240,33,33,"Ec",25,0,0,0,1,1,0.112710429195588
"14374","1325","Ec_N",240,34,34,"Ec",25,0,0,0,1,1,0.112710429195588
"14375","1325","Ec_N",240,35,35,"Ec",27,0,1,0,1,1,0.533148725443406
"14376","1325","Ec_N",240,36,36,"Ec",27,0,1,0,1,1,0.533148725443406
"14377","1325","Ec_N",240,37,37,"Ec",27,0,1,0,1,1,0.533148725443406
"14378","1325","Ec_N",240,38,38,"Ec",27,0,1,0,1,1,0.533148725443406
"14379","1325","Ec_N",240,39,39,"Ec",27,0,1,0,1,1,0.533148725443406
"14380","1325","Ec_N",240,40,40,"Ec",27,0,1,0,1,1,0.533148725443406
"14381","1325","Ec_N",240,41,41,"Ec",27,0,1,0,1,1,0.533148725443406
"14382","1325","Ec_N",240,42,42,"Ec",27,0,1,0,1,1,0.533148725443406
"14383","1325","Ec_N",240,43,43,"Ec",27,0,1,0,1,1,0.533148725443406
"14384","1325","Ec_N",240,44,44,"Ec",27,0,1,0,1,1,0.533148725443406
"14385","1325","Ec_N",240,45,45,"Ec",27,0,1,0,1,1,0.533148725443406
"14386","1325","Ec_N",240,46,46,"Ec",27,0,1,0,1,1,0.533148725443406
"14387","1325","Ec_N",240,47,47,"Ec",27,0,1,0,1,1,0.533148725443406
"14388","1325","Ec_N",240,48,48,"Ec",27,0,1,0,1,1,0.533148725443406
"14389","1325","Ec_N",240,49,49,"Ec",27,0,1,0,1,1,0.533148725443406
"14390","1325","Ec_N",240,50,50,"Ec",27,0,1,0,1,1,0.533148725443406
"14391","1325","Ec_N",240,51,51,"Ec",27,0,1,0,1,1,0.533148725443406
"14392","1325","Ec_N",240,52,52,"Ec",27,0,1,0,1,1,0.533148725443406
"14393","1325","Ec_N",240,53,53,"Ec",27,0,1,0,1,1,0.533148725443406
"14394","1325","Ec_N",240,54,54,"Ec",27,0,1,0,1,1,0.533148725443406
"14395","1325","Ec_N",240,55,55,"Ec",31,0,1,1,1,1,0.6927777538956
"14396","1325","Ec_N",240,56,56,"Ec",31,0,1,1,1,1,0.6927777538956
"14397","1325","Ec_N",240,57,57,"Ec",32,1,1,1,1,1,1
"14398","1325","Ec_N",240,58,58,"Ec",32,1,1,1,1,1,1
"14399","1325","Ec_N",240,59,59,"Ec",32,1,1,1,1,1,1
"14400","1325","Ec_N",240,60,60,"Ec",32,1,1,1,1,1,1
"14401","1325","Ec_N",241,1,1,"Ec",1,0,0,0,0,0,0
"14402","1325","Ec_N",241,2,2,"Ec",1,0,0,0,0,0,0
"14403","1325","Ec_N",241,3,3,"Ec",1,0,0,0,0,0,0
"14404","1325","Ec_N",241,4,4,"Ec",1,0,0,0,0,0,0
"14405","1325","Ec_N",241,5,5,"Ec",17,0,0,0,0,1,0.0636859452353503
"14406","1325","Ec_N",241,6,6,"Ec",21,0,0,1,0,1,0.223314973687545
"14407","1325","Ec_N",241,7,7,"Ec",21,0,0,1,0,1,0.223314973687545
"14408","1325","Ec_N",241,8,8,"Ec",23,0,1,1,0,1,0.57389469344254
"14409","1325","Ec_N",241,9,9,"Ec",23,0,1,1,0,1,0.57389469344254
"14410","1325","Ec_N",241,10,10,"Ec",24,1,1,1,0,1,0.872975948786018
"14411","1325","Ec_N",241,11,11,"Ec",24,1,1,1,0,1,0.872975948786018
"14412","1325","Ec_N",241,12,12,"Ec",24,1,1,1,0,1,0.872975948786018
"14413","1325","Ec_N",241,13,13,"Ec",24,1,1,1,0,1,0.872975948786018
"14414","1325","Ec_N",241,14,14,"Ec",24,1,1,1,0,1,0.872975948786018
"14415","1325","Ec_N",241,15,15,"Ec",24,1,1,1,0,1,0.872975948786018
"14416","1325","Ec_N",241,16,16,"Ec",24,1,1,1,0,1,0.872975948786018
"14417","1325","Ec_N",241,17,17,"Ec",24,1,1,1,0,1,0.872975948786018
"14418","1325","Ec_N",241,18,18,"Ec",24,1,1,1,0,1,0.872975948786018
"14419","1325","Ec_N",241,19,19,"Ec",24,1,1,1,0,1,0.872975948786018
"14420","1325","Ec_N",241,20,20,"Ec",24,1,1,1,0,1,0.872975948786018
"14421","1325","Ec_N",241,21,21,"Ec",24,1,1,1,0,1,0.872975948786018
"14422","1325","Ec_N",241,22,22,"Ec",32,1,1,1,1,1,1
"14423","1325","Ec_N",241,23,23,"Ec",32,1,1,1,1,1,1
"14424","1325","Ec_N",241,24,24,"Ec",32,1,1,1,1,1,1
"14425","1325","Ec_N",241,25,25,"Ec",32,1,1,1,1,1,1
"14426","1325","Ec_N",241,26,26,"Ec",32,1,1,1,1,1,1
"14427","1325","Ec_N",241,27,27,"Ec",32,1,1,1,1,1,1
"14428","1325","Ec_N",241,28,28,"Ec",32,1,1,1,1,1,1
"14429","1325","Ec_N",241,29,29,"Ec",32,1,1,1,1,1,1
"14430","1325","Ec_N",241,30,30,"Ec",32,1,1,1,1,1,1
"14431","1325","Ec_N",241,31,31,"Ec",32,1,1,1,1,1,1
"14432","1325","Ec_N",241,32,32,"Ec",32,1,1,1,1,1,1
"14433","1325","Ec_N",241,33,33,"Ec",32,1,1,1,1,1,1
"14434","1325","Ec_N",241,34,34,"Ec",32,1,1,1,1,1,1
"14435","1325","Ec_N",241,35,35,"Ec",32,1,1,1,1,1,1
"14436","1325","Ec_N",241,36,36,"Ec",32,1,1,1,1,1,1
"14437","1325","Ec_N",241,37,37,"Ec",32,1,1,1,1,1,1
"14438","1325","Ec_N",241,38,38,"Ec",32,1,1,1,1,1,1
"14439","1325","Ec_N",241,39,39,"Ec",32,1,1,1,1,1,1
"14440","1325","Ec_N",241,40,40,"Ec",32,1,1,1,1,1,1
"14441","1325","Ec_N",241,41,41,"Ec",32,1,1,1,1,1,1
"14442","1325","Ec_N",241,42,42,"Ec",32,1,1,1,1,1,1
"14443","1325","Ec_N",241,43,43,"Ec",32,1,1,1,1,1,1
"14444","1325","Ec_N",241,44,44,"Ec",32,1,1,1,1,1,1
"14445","1325","Ec_N",241,45,45,"Ec",32,1,1,1,1,1,1
"14446","1325","Ec_N",241,46,46,"Ec",32,1,1,1,1,1,1
"14447","1325","Ec_N",241,47,47,"Ec",32,1,1,1,1,1,1
"14448","1325","Ec_N",241,48,48,"Ec",32,1,1,1,1,1,1
"14449","1325","Ec_N",241,49,49,"Ec",32,1,1,1,1,1,1
"14450","1325","Ec_N",241,50,50,"Ec",32,1,1,1,1,1,1
"14451","1325","Ec_N",241,51,51,"Ec",32,1,1,1,1,1,1
"14452","1325","Ec_N",241,52,52,"Ec",32,1,1,1,1,1,1
"14453","1325","Ec_N",241,53,53,"Ec",32,1,1,1,1,1,1
"14454","1325","Ec_N",241,54,54,"Ec",32,1,1,1,1,1,1
"14455","1325","Ec_N",241,55,55,"Ec",32,1,1,1,1,1,1
"14456","1325","Ec_N",241,56,56,"Ec",32,1,1,1,1,1,1
"14457","1325","Ec_N",241,57,57,"Ec",32,1,1,1,1,1,1
"14458","1325","Ec_N",241,58,58,"Ec",32,1,1,1,1,1,1
"14459","1325","Ec_N",241,59,59,"Ec",32,1,1,1,1,1,1
"14460","1325","Ec_N",241,60,60,"Ec",32,1,1,1,1,1,1
"14461","1325","Ec_N",242,1,1,"Ec",1,0,0,0,0,0,0
"14462","1325","Ec_N",242,2,2,"Ec",1,0,0,0,0,0,0
"14463","1325","Ec_N",242,3,3,"Ec",1,0,0,0,0,0,0
"14464","1325","Ec_N",242,4,4,"Ec",1,0,0,0,0,0,0
"14465","1325","Ec_N",242,5,5,"Ec",1,0,0,0,0,0,0
"14466","1325","Ec_N",242,6,6,"Ec",1,0,0,0,0,0,0
"14467","1325","Ec_N",242,7,7,"Ec",17,0,0,0,0,1,0.0636859452353503
"14468","1325","Ec_N",242,8,8,"Ec",17,0,0,0,0,1,0.0636859452353503
"14469","1325","Ec_N",242,9,9,"Ec",17,0,0,0,0,1,0.0636859452353503
"14470","1325","Ec_N",242,10,10,"Ec",17,0,0,0,0,1,0.0636859452353503
"14471","1325","Ec_N",242,11,11,"Ec",17,0,0,0,0,1,0.0636859452353503
"14472","1325","Ec_N",242,12,12,"Ec",17,0,0,0,0,1,0.0636859452353503
"14473","1325","Ec_N",242,13,13,"Ec",17,0,0,0,0,1,0.0636859452353503
"14474","1325","Ec_N",242,14,14,"Ec",17,0,0,0,0,1,0.0636859452353503
"14475","1325","Ec_N",242,15,15,"Ec",17,0,0,0,0,1,0.0636859452353503
"14476","1325","Ec_N",242,16,16,"Ec",25,0,0,0,1,1,0.112710429195588
"14477","1325","Ec_N",242,17,17,"Ec",25,0,0,0,1,1,0.112710429195588
"14478","1325","Ec_N",242,18,18,"Ec",29,0,0,1,1,1,0.272339457647783
"14479","1325","Ec_N",242,19,19,"Ec",29,0,0,1,1,1,0.272339457647783
"14480","1325","Ec_N",242,20,20,"Ec",29,0,0,1,1,1,0.272339457647783
"14481","1325","Ec_N",242,21,21,"Ec",31,0,1,1,1,1,0.6927777538956
"14482","1325","Ec_N",242,22,22,"Ec",31,0,1,1,1,1,0.6927777538956
"14483","1325","Ec_N",242,23,23,"Ec",31,0,1,1,1,1,0.6927777538956
"14484","1325","Ec_N",242,24,24,"Ec",32,1,1,1,1,1,1
"14485","1325","Ec_N",242,25,25,"Ec",32,1,1,1,1,1,1
"14486","1325","Ec_N",242,26,26,"Ec",32,1,1,1,1,1,1
"14487","1325","Ec_N",242,27,27,"Ec",32,1,1,1,1,1,1
"14488","1325","Ec_N",242,28,28,"Ec",32,1,1,1,1,1,1
"14489","1325","Ec_N",242,29,29,"Ec",32,1,1,1,1,1,1
"14490","1325","Ec_N",242,30,30,"Ec",32,1,1,1,1,1,1
"14491","1325","Ec_N",242,31,31,"Ec",32,1,1,1,1,1,1
"14492","1325","Ec_N",242,32,32,"Ec",32,1,1,1,1,1,1
"14493","1325","Ec_N",242,33,33,"Ec",32,1,1,1,1,1,1
"14494","1325","Ec_N",242,34,34,"Ec",32,1,1,1,1,1,1
"14495","1325","Ec_N",242,35,35,"Ec",32,1,1,1,1,1,1
"14496","1325","Ec_N",242,36,36,"Ec",32,1,1,1,1,1,1
"14497","1325","Ec_N",242,37,37,"Ec",32,1,1,1,1,1,1
"14498","1325","Ec_N",242,38,38,"Ec",32,1,1,1,1,1,1
"14499","1325","Ec_N",242,39,39,"Ec",32,1,1,1,1,1,1
"14500","1325","Ec_N",242,40,40,"Ec",32,1,1,1,1,1,1
"14501","1325","Ec_N",242,41,41,"Ec",32,1,1,1,1,1,1
"14502","1325","Ec_N",242,42,42,"Ec",32,1,1,1,1,1,1
"14503","1325","Ec_N",242,43,43,"Ec",32,1,1,1,1,1,1
"14504","1325","Ec_N",242,44,44,"Ec",32,1,1,1,1,1,1
"14505","1325","Ec_N",242,45,45,"Ec",32,1,1,1,1,1,1
"14506","1325","Ec_N",242,46,46,"Ec",32,1,1,1,1,1,1
"14507","1325","Ec_N",242,47,47,"Ec",32,1,1,1,1,1,1
"14508","1325","Ec_N",242,48,48,"Ec",32,1,1,1,1,1,1
"14509","1325","Ec_N",242,49,49,"Ec",32,1,1,1,1,1,1
"14510","1325","Ec_N",242,50,50,"Ec",32,1,1,1,1,1,1
"14511","1325","Ec_N",242,51,51,"Ec",32,1,1,1,1,1,1
"14512","1325","Ec_N",242,52,52,"Ec",32,1,1,1,1,1,1
"14513","1325","Ec_N",242,53,53,"Ec",32,1,1,1,1,1,1
"14514","1325","Ec_N",242,54,54,"Ec",32,1,1,1,1,1,1
"14515","1325","Ec_N",242,55,55,"Ec",32,1,1,1,1,1,1
"14516","1325","Ec_N",242,56,56,"Ec",32,1,1,1,1,1,1
"14517","1325","Ec_N",242,57,57,"Ec",32,1,1,1,1,1,1
"14518","1325","Ec_N",242,58,58,"Ec",32,1,1,1,1,1,1
"14519","1325","Ec_N",242,59,59,"Ec",32,1,1,1,1,1,1
"14520","1325","Ec_N",242,60,60,"Ec",32,1,1,1,1,1,1
"14521","1325","Ec_N",243,1,1,"Ec",1,0,0,0,0,0,0
"14522","1325","Ec_N",243,2,2,"Ec",1,0,0,0,0,0,0
"14523","1325","Ec_N",243,3,3,"Ec",17,0,0,0,0,1,0.0636859452353503
"14524","1325","Ec_N",243,4,4,"Ec",17,0,0,0,0,1,0.0636859452353503
"14525","1325","Ec_N",243,5,5,"Ec",17,0,0,0,0,1,0.0636859452353503
"14526","1325","Ec_N",243,6,6,"Ec",17,0,0,0,0,1,0.0636859452353503
"14527","1325","Ec_N",243,7,7,"Ec",18,1,0,0,0,1,0.37090819133975
"14528","1325","Ec_N",243,8,8,"Ec",18,1,0,0,0,1,0.37090819133975
"14529","1325","Ec_N",243,9,9,"Ec",18,1,0,0,0,1,0.37090819133975
"14530","1325","Ec_N",243,10,10,"Ec",18,1,0,0,0,1,0.37090819133975
"14531","1325","Ec_N",243,11,11,"Ec",18,1,0,0,0,1,0.37090819133975
"14532","1325","Ec_N",243,12,12,"Ec",18,1,0,0,0,1,0.37090819133975
"14533","1325","Ec_N",243,13,13,"Ec",26,1,0,0,1,1,0.419932675299988
"14534","1325","Ec_N",243,14,14,"Ec",26,1,0,0,1,1,0.419932675299988
"14535","1325","Ec_N",243,15,15,"Ec",26,1,0,0,1,1,0.419932675299988
"14536","1325","Ec_N",243,16,16,"Ec",26,1,0,0,1,1,0.419932675299988
"14537","1325","Ec_N",243,17,17,"Ec",26,1,0,0,1,1,0.419932675299988
"14538","1325","Ec_N",243,18,18,"Ec",26,1,0,0,1,1,0.419932675299988
"14539","1325","Ec_N",243,19,19,"Ec",26,1,0,0,1,1,0.419932675299988
"14540","1325","Ec_N",243,20,20,"Ec",26,1,0,0,1,1,0.419932675299988
"14541","1325","Ec_N",243,21,21,"Ec",26,1,0,0,1,1,0.419932675299988
"14542","1325","Ec_N",243,22,22,"Ec",26,1,0,0,1,1,0.419932675299988
"14543","1325","Ec_N",243,23,23,"Ec",26,1,0,0,1,1,0.419932675299988
"14544","1325","Ec_N",243,24,24,"Ec",26,1,0,0,1,1,0.419932675299988
"14545","1325","Ec_N",243,25,25,"Ec",26,1,0,0,1,1,0.419932675299988
"14546","1325","Ec_N",243,26,26,"Ec",26,1,0,0,1,1,0.419932675299988
"14547","1325","Ec_N",243,27,27,"Ec",30,1,0,1,1,1,0.579561703752182
"14548","1325","Ec_N",243,28,28,"Ec",30,1,0,1,1,1,0.579561703752182
"14549","1325","Ec_N",243,29,29,"Ec",30,1,0,1,1,1,0.579561703752182
"14550","1325","Ec_N",243,30,30,"Ec",30,1,0,1,1,1,0.579561703752182
"14551","1325","Ec_N",243,31,31,"Ec",30,1,0,1,1,1,0.579561703752182
"14552","1325","Ec_N",243,32,32,"Ec",30,1,0,1,1,1,0.579561703752182
"14553","1325","Ec_N",243,33,33,"Ec",30,1,0,1,1,1,0.579561703752182
"14554","1325","Ec_N",243,34,34,"Ec",30,1,0,1,1,1,0.579561703752182
"14555","1325","Ec_N",243,35,35,"Ec",30,1,0,1,1,1,0.579561703752182
"14556","1325","Ec_N",243,36,36,"Ec",30,1,0,1,1,1,0.579561703752182
"14557","1325","Ec_N",243,37,37,"Ec",30,1,0,1,1,1,0.579561703752182
"14558","1325","Ec_N",243,38,38,"Ec",30,1,0,1,1,1,0.579561703752182
"14559","1325","Ec_N",243,39,39,"Ec",30,1,0,1,1,1,0.579561703752182
"14560","1325","Ec_N",243,40,40,"Ec",30,1,0,1,1,1,0.579561703752182
"14561","1325","Ec_N",243,41,41,"Ec",30,1,0,1,1,1,0.579561703752182
"14562","1325","Ec_N",243,42,42,"Ec",30,1,0,1,1,1,0.579561703752182
"14563","1325","Ec_N",243,43,43,"Ec",30,1,0,1,1,1,0.579561703752182
"14564","1325","Ec_N",243,44,44,"Ec",30,1,0,1,1,1,0.579561703752182
"14565","1325","Ec_N",243,45,45,"Ec",30,1,0,1,1,1,0.579561703752182
"14566","1325","Ec_N",243,46,46,"Ec",30,1,0,1,1,1,0.579561703752182
"14567","1325","Ec_N",243,47,47,"Ec",30,1,0,1,1,1,0.579561703752182
"14568","1325","Ec_N",243,48,48,"Ec",30,1,0,1,1,1,0.579561703752182
"14569","1325","Ec_N",243,49,49,"Ec",30,1,0,1,1,1,0.579561703752182
"14570","1325","Ec_N",243,50,50,"Ec",30,1,0,1,1,1,0.579561703752182
"14571","1325","Ec_N",243,51,51,"Ec",30,1,0,1,1,1,0.579561703752182
"14572","1325","Ec_N",243,52,52,"Ec",32,1,1,1,1,1,1
"14573","1325","Ec_N",243,53,53,"Ec",32,1,1,1,1,1,1
"14574","1325","Ec_N",243,54,54,"Ec",32,1,1,1,1,1,1
"14575","1325","Ec_N",243,55,55,"Ec",32,1,1,1,1,1,1
"14576","1325","Ec_N",243,56,56,"Ec",32,1,1,1,1,1,1
"14577","1325","Ec_N",243,57,57,"Ec",32,1,1,1,1,1,1
"14578","1325","Ec_N",243,58,58,"Ec",32,1,1,1,1,1,1
"14579","1325","Ec_N",243,59,59,"Ec",32,1,1,1,1,1,1
"14580","1325","Ec_N",243,60,60,"Ec",32,1,1,1,1,1,1
"14581","1325","Ec_N",244,1,1,"Ec",1,0,0,0,0,0,0
"14582","1325","Ec_N",244,2,2,"Ec",2,1,0,0,0,0,0.3072222461044
"14583","1325","Ec_N",244,3,3,"Ec",2,1,0,0,0,0,0.3072222461044
"14584","1325","Ec_N",244,4,4,"Ec",2,1,0,0,0,0,0.3072222461044
"14585","1325","Ec_N",244,5,5,"Ec",2,1,0,0,0,0,0.3072222461044
"14586","1325","Ec_N",244,6,6,"Ec",18,1,0,0,0,1,0.37090819133975
"14587","1325","Ec_N",244,7,7,"Ec",22,1,0,1,0,1,0.530537219791945
"14588","1325","Ec_N",244,8,8,"Ec",22,1,0,1,0,1,0.530537219791945
"14589","1325","Ec_N",244,9,9,"Ec",22,1,0,1,0,1,0.530537219791945
"14590","1325","Ec_N",244,10,10,"Ec",22,1,0,1,0,1,0.530537219791945
"14591","1325","Ec_N",244,11,11,"Ec",22,1,0,1,0,1,0.530537219791945
"14592","1325","Ec_N",244,12,12,"Ec",22,1,0,1,0,1,0.530537219791945
"14593","1325","Ec_N",244,13,13,"Ec",22,1,0,1,0,1,0.530537219791945
"14594","1325","Ec_N",244,14,14,"Ec",22,1,0,1,0,1,0.530537219791945
"14595","1325","Ec_N",244,15,15,"Ec",22,1,0,1,0,1,0.530537219791945
"14596","1325","Ec_N",244,16,16,"Ec",24,1,1,1,0,1,0.872975948786018
"14597","1325","Ec_N",244,17,17,"Ec",8,1,1,1,0,0,0.887289570804412
"14598","1325","Ec_N",244,18,18,"Ec",8,1,1,1,0,0,0.887289570804412
"14599","1325","Ec_N",244,19,19,"Ec",8,1,1,1,0,0,0.887289570804412
"14600","1325","Ec_N",244,20,20,"Ec",8,1,1,1,0,0,0.887289570804412
"14601","1325","Ec_N",244,21,21,"Ec",8,1,1,1,0,0,0.887289570804412
"14602","1325","Ec_N",244,22,22,"Ec",8,1,1,1,0,0,0.887289570804412
"14603","1325","Ec_N",244,23,23,"Ec",8,1,1,1,0,0,0.887289570804412
"14604","1325","Ec_N",244,24,24,"Ec",8,1,1,1,0,0,0.887289570804412
"14605","1325","Ec_N",244,25,25,"Ec",8,1,1,1,0,0,0.887289570804412
"14606","1325","Ec_N",244,26,26,"Ec",8,1,1,1,0,0,0.887289570804412
"14607","1325","Ec_N",244,27,27,"Ec",8,1,1,1,0,0,0.887289570804412
"14608","1325","Ec_N",244,28,28,"Ec",8,1,1,1,0,0,0.887289570804412
"14609","1325","Ec_N",244,29,29,"Ec",8,1,1,1,0,0,0.887289570804412
"14610","1325","Ec_N",244,30,30,"Ec",8,1,1,1,0,0,0.887289570804412
"14611","1325","Ec_N",244,31,31,"Ec",8,1,1,1,0,0,0.887289570804412
"14612","1325","Ec_N",244,32,32,"Ec",8,1,1,1,0,0,0.887289570804412
"14613","1325","Ec_N",244,33,33,"Ec",8,1,1,1,0,0,0.887289570804412
"14614","1325","Ec_N",244,34,34,"Ec",8,1,1,1,0,0,0.887289570804412
"14615","1325","Ec_N",244,35,35,"Ec",8,1,1,1,0,0,0.887289570804412
"14616","1325","Ec_N",244,36,36,"Ec",8,1,1,1,0,0,0.887289570804412
"14617","1325","Ec_N",244,37,37,"Ec",8,1,1,1,0,0,0.887289570804412
"14618","1325","Ec_N",244,38,38,"Ec",8,1,1,1,0,0,0.887289570804412
"14619","1325","Ec_N",244,39,39,"Ec",8,1,1,1,0,0,0.887289570804412
"14620","1325","Ec_N",244,40,40,"Ec",8,1,1,1,0,0,0.887289570804412
"14621","1325","Ec_N",244,41,41,"Ec",8,1,1,1,0,0,0.887289570804412
"14622","1325","Ec_N",244,42,42,"Ec",8,1,1,1,0,0,0.887289570804412
"14623","1325","Ec_N",244,43,43,"Ec",8,1,1,1,0,0,0.887289570804412
"14624","1325","Ec_N",244,44,44,"Ec",8,1,1,1,0,0,0.887289570804412
"14625","1325","Ec_N",244,45,45,"Ec",8,1,1,1,0,0,0.887289570804412
"14626","1325","Ec_N",244,46,46,"Ec",8,1,1,1,0,0,0.887289570804412
"14627","1325","Ec_N",244,47,47,"Ec",8,1,1,1,0,0,0.887289570804412
"14628","1325","Ec_N",244,48,48,"Ec",8,1,1,1,0,0,0.887289570804412
"14629","1325","Ec_N",244,49,49,"Ec",8,1,1,1,0,0,0.887289570804412
"14630","1325","Ec_N",244,50,50,"Ec",8,1,1,1,0,0,0.887289570804412
"14631","1325","Ec_N",244,51,51,"Ec",8,1,1,1,0,0,0.887289570804412
"14632","1325","Ec_N",244,52,52,"Ec",8,1,1,1,0,0,0.887289570804412
"14633","1325","Ec_N",244,53,53,"Ec",8,1,1,1,0,0,0.887289570804412
"14634","1325","Ec_N",244,54,54,"Ec",8,1,1,1,0,0,0.887289570804412
"14635","1325","Ec_N",244,55,55,"Ec",8,1,1,1,0,0,0.887289570804412
"14636","1325","Ec_N",244,56,56,"Ec",8,1,1,1,0,0,0.887289570804412
"14637","1325","Ec_N",244,57,57,"Ec",8,1,1,1,0,0,0.887289570804412
"14638","1325","Ec_N",244,58,58,"Ec",8,1,1,1,0,0,0.887289570804412
"14639","1325","Ec_N",244,59,59,"Ec",8,1,1,1,0,0,0.887289570804412
"14640","1325","Ec_N",244,60,60,"Ec",8,1,1,1,0,0,0.887289570804412
"14641","1325","Ec_N",245,1,1,"Ec",1,0,0,0,0,0,0
"14642","1325","Ec_N",245,2,2,"Ec",1,0,0,0,0,0,0
"14643","1325","Ec_N",245,3,3,"Ec",1,0,0,0,0,0,0
"14644","1325","Ec_N",245,4,4,"Ec",1,0,0,0,0,0,0
"14645","1325","Ec_N",245,5,5,"Ec",1,0,0,0,0,0,0
"14646","1325","Ec_N",245,6,6,"Ec",1,0,0,0,0,0,0
"14647","1325","Ec_N",245,7,7,"Ec",17,0,0,0,0,1,0.0636859452353503
"14648","1325","Ec_N",245,8,8,"Ec",17,0,0,0,0,1,0.0636859452353503
"14649","1325","Ec_N",245,9,9,"Ec",18,1,0,0,0,1,0.37090819133975
"14650","1325","Ec_N",245,10,10,"Ec",26,1,0,0,1,1,0.419932675299988
"14651","1325","Ec_N",245,11,11,"Ec",26,1,0,0,1,1,0.419932675299988
"14652","1325","Ec_N",245,12,12,"Ec",26,1,0,0,1,1,0.419932675299988
"14653","1325","Ec_N",245,13,13,"Ec",26,1,0,0,1,1,0.419932675299988
"14654","1325","Ec_N",245,14,14,"Ec",26,1,0,0,1,1,0.419932675299988
"14655","1325","Ec_N",245,15,15,"Ec",26,1,0,0,1,1,0.419932675299988
"14656","1325","Ec_N",245,16,16,"Ec",26,1,0,0,1,1,0.419932675299988
"14657","1325","Ec_N",245,17,17,"Ec",26,1,0,0,1,1,0.419932675299988
"14658","1325","Ec_N",245,18,18,"Ec",26,1,0,0,1,1,0.419932675299988
"14659","1325","Ec_N",245,19,19,"Ec",26,1,0,0,1,1,0.419932675299988
"14660","1325","Ec_N",245,20,20,"Ec",26,1,0,0,1,1,0.419932675299988
"14661","1325","Ec_N",245,21,21,"Ec",26,1,0,0,1,1,0.419932675299988
"14662","1325","Ec_N",245,22,22,"Ec",26,1,0,0,1,1,0.419932675299988
"14663","1325","Ec_N",245,23,23,"Ec",26,1,0,0,1,1,0.419932675299988
"14664","1325","Ec_N",245,24,24,"Ec",26,1,0,0,1,1,0.419932675299988
"14665","1325","Ec_N",245,25,25,"Ec",26,1,0,0,1,1,0.419932675299988
"14666","1325","Ec_N",245,26,26,"Ec",26,1,0,0,1,1,0.419932675299988
"14667","1325","Ec_N",245,27,27,"Ec",26,1,0,0,1,1,0.419932675299988
"14668","1325","Ec_N",245,28,28,"Ec",26,1,0,0,1,1,0.419932675299988
"14669","1325","Ec_N",245,29,29,"Ec",26,1,0,0,1,1,0.419932675299988
"14670","1325","Ec_N",245,30,30,"Ec",26,1,0,0,1,1,0.419932675299988
"14671","1325","Ec_N",245,31,31,"Ec",26,1,0,0,1,1,0.419932675299988
"14672","1325","Ec_N",245,32,32,"Ec",26,1,0,0,1,1,0.419932675299988
"14673","1325","Ec_N",245,33,33,"Ec",26,1,0,0,1,1,0.419932675299988
"14674","1325","Ec_N",245,34,34,"Ec",26,1,0,0,1,1,0.419932675299988
"14675","1325","Ec_N",245,35,35,"Ec",26,1,0,0,1,1,0.419932675299988
"14676","1325","Ec_N",245,36,36,"Ec",26,1,0,0,1,1,0.419932675299988
"14677","1325","Ec_N",245,37,37,"Ec",26,1,0,0,1,1,0.419932675299988
"14678","1325","Ec_N",245,38,38,"Ec",26,1,0,0,1,1,0.419932675299988
"14679","1325","Ec_N",245,39,39,"Ec",26,1,0,0,1,1,0.419932675299988
"14680","1325","Ec_N",245,40,40,"Ec",26,1,0,0,1,1,0.419932675299988
"14681","1325","Ec_N",245,41,41,"Ec",26,1,0,0,1,1,0.419932675299988
"14682","1325","Ec_N",245,42,42,"Ec",26,1,0,0,1,1,0.419932675299988
"14683","1325","Ec_N",245,43,43,"Ec",26,1,0,0,1,1,0.419932675299988
"14684","1325","Ec_N",245,44,44,"Ec",30,1,0,1,1,1,0.579561703752182
"14685","1325","Ec_N",245,45,45,"Ec",30,1,0,1,1,1,0.579561703752182
"14686","1325","Ec_N",245,46,46,"Ec",30,1,0,1,1,1,0.579561703752182
"14687","1325","Ec_N",245,47,47,"Ec",30,1,0,1,1,1,0.579561703752182
"14688","1325","Ec_N",245,48,48,"Ec",30,1,0,1,1,1,0.579561703752182
"14689","1325","Ec_N",245,49,49,"Ec",30,1,0,1,1,1,0.579561703752182
"14690","1325","Ec_N",245,50,50,"Ec",30,1,0,1,1,1,0.579561703752182
"14691","1325","Ec_N",245,51,51,"Ec",30,1,0,1,1,1,0.579561703752182
"14692","1325","Ec_N",245,52,52,"Ec",32,1,1,1,1,1,1
"14693","1325","Ec_N",245,53,53,"Ec",32,1,1,1,1,1,1
"14694","1325","Ec_N",245,54,54,"Ec",32,1,1,1,1,1,1
"14695","1325","Ec_N",245,55,55,"Ec",32,1,1,1,1,1,1
"14696","1325","Ec_N",245,56,56,"Ec",32,1,1,1,1,1,1
"14697","1325","Ec_N",245,57,57,"Ec",32,1,1,1,1,1,1
"14698","1325","Ec_N",245,58,58,"Ec",32,1,1,1,1,1,1
"14699","1325","Ec_N",245,59,59,"Ec",32,1,1,1,1,1,1
"14700","1325","Ec_N",245,60,60,"Ec",32,1,1,1,1,1,1
"14701","1325","Ec_N",246,1,1,"Ec",1,0,0,0,0,0,0
"14702","1325","Ec_N",246,2,2,"Ec",1,0,0,0,0,0,0
"14703","1325","Ec_N",246,3,3,"Ec",1,0,0,0,0,0,0
"14704","1325","Ec_N",246,4,4,"Ec",1,0,0,0,0,0,0
"14705","1325","Ec_N",246,5,5,"Ec",1,0,0,0,0,0,0
"14706","1325","Ec_N",246,6,6,"Ec",1,0,0,0,0,0,0
"14707","1325","Ec_N",246,7,7,"Ec",2,1,0,0,0,0,0.3072222461044
"14708","1325","Ec_N",246,8,8,"Ec",2,1,0,0,0,0,0.3072222461044
"14709","1325","Ec_N",246,9,9,"Ec",2,1,0,0,0,0,0.3072222461044
"14710","1325","Ec_N",246,10,10,"Ec",2,1,0,0,0,0,0.3072222461044
"14711","1325","Ec_N",246,11,11,"Ec",2,1,0,0,0,0,0.3072222461044
"14712","1325","Ec_N",246,12,12,"Ec",2,1,0,0,0,0,0.3072222461044
"14713","1325","Ec_N",246,13,13,"Ec",2,1,0,0,0,0,0.3072222461044
"14714","1325","Ec_N",246,14,14,"Ec",2,1,0,0,0,0,0.3072222461044
"14715","1325","Ec_N",246,15,15,"Ec",2,1,0,0,0,0,0.3072222461044
"14716","1325","Ec_N",246,16,16,"Ec",2,1,0,0,0,0,0.3072222461044
"14717","1325","Ec_N",246,17,17,"Ec",10,1,0,0,1,0,0.356246730064637
"14718","1325","Ec_N",246,18,18,"Ec",10,1,0,0,1,0,0.356246730064637
"14719","1325","Ec_N",246,19,19,"Ec",10,1,0,0,1,0,0.356246730064637
"14720","1325","Ec_N",246,20,20,"Ec",10,1,0,0,1,0,0.356246730064637
"14721","1325","Ec_N",246,21,21,"Ec",10,1,0,0,1,0,0.356246730064637
"14722","1325","Ec_N",246,22,22,"Ec",10,1,0,0,1,0,0.356246730064637
"14723","1325","Ec_N",246,23,23,"Ec",10,1,0,0,1,0,0.356246730064637
"14724","1325","Ec_N",246,24,24,"Ec",10,1,0,0,1,0,0.356246730064637
"14725","1325","Ec_N",246,25,25,"Ec",10,1,0,0,1,0,0.356246730064637
"14726","1325","Ec_N",246,26,26,"Ec",10,1,0,0,1,0,0.356246730064637
"14727","1325","Ec_N",246,27,27,"Ec",10,1,0,0,1,0,0.356246730064637
"14728","1325","Ec_N",246,28,28,"Ec",10,1,0,0,1,0,0.356246730064637
"14729","1325","Ec_N",246,29,29,"Ec",10,1,0,0,1,0,0.356246730064637
"14730","1325","Ec_N",246,30,30,"Ec",10,1,0,0,1,0,0.356246730064637
"14731","1325","Ec_N",246,31,31,"Ec",10,1,0,0,1,0,0.356246730064637
"14732","1325","Ec_N",246,32,32,"Ec",10,1,0,0,1,0,0.356246730064637
"14733","1325","Ec_N",246,33,33,"Ec",10,1,0,0,1,0,0.356246730064637
"14734","1325","Ec_N",246,34,34,"Ec",10,1,0,0,1,0,0.356246730064637
"14735","1325","Ec_N",246,35,35,"Ec",10,1,0,0,1,0,0.356246730064637
"14736","1325","Ec_N",246,36,36,"Ec",10,1,0,0,1,0,0.356246730064637
"14737","1325","Ec_N",246,37,37,"Ec",14,1,0,1,1,0,0.479175264165032
"14738","1325","Ec_N",246,38,38,"Ec",14,1,0,1,1,0,0.479175264165032
"14739","1325","Ec_N",246,39,39,"Ec",14,1,0,1,1,0,0.479175264165032
"14740","1325","Ec_N",246,40,40,"Ec",14,1,0,1,1,0,0.479175264165032
"14741","1325","Ec_N",246,41,41,"Ec",14,1,0,1,1,0,0.479175264165032
"14742","1325","Ec_N",246,42,42,"Ec",14,1,0,1,1,0,0.479175264165032
"14743","1325","Ec_N",246,43,43,"Ec",14,1,0,1,1,0,0.479175264165032
"14744","1325","Ec_N",246,44,44,"Ec",14,1,0,1,1,0,0.479175264165032
"14745","1325","Ec_N",246,45,45,"Ec",14,1,0,1,1,0,0.479175264165032
"14746","1325","Ec_N",246,46,46,"Ec",14,1,0,1,1,0,0.479175264165032
"14747","1325","Ec_N",246,47,47,"Ec",30,1,0,1,1,1,0.579561703752182
"14748","1325","Ec_N",246,48,48,"Ec",30,1,0,1,1,1,0.579561703752182
"14749","1325","Ec_N",246,49,49,"Ec",30,1,0,1,1,1,0.579561703752182
"14750","1325","Ec_N",246,50,50,"Ec",30,1,0,1,1,1,0.579561703752182
"14751","1325","Ec_N",246,51,51,"Ec",30,1,0,1,1,1,0.579561703752182
"14752","1325","Ec_N",246,52,52,"Ec",30,1,0,1,1,1,0.579561703752182
"14753","1325","Ec_N",246,53,53,"Ec",30,1,0,1,1,1,0.579561703752182
"14754","1325","Ec_N",246,54,54,"Ec",30,1,0,1,1,1,0.579561703752182
"14755","1325","Ec_N",246,55,55,"Ec",30,1,0,1,1,1,0.579561703752182
"14756","1325","Ec_N",246,56,56,"Ec",32,1,1,1,1,1,1
"14757","1325","Ec_N",246,57,57,"Ec",32,1,1,1,1,1,1
"14758","1325","Ec_N",246,58,58,"Ec",32,1,1,1,1,1,1
"14759","1325","Ec_N",246,59,59,"Ec",32,1,1,1,1,1,1
"14760","1325","Ec_N",246,60,60,"Ec",32,1,1,1,1,1,1
"14761","1325","Ec_N",247,1,1,"Ec",1,0,0,0,0,0,0
"14762","1325","Ec_N",247,2,2,"Ec",17,0,0,0,0,1,0.0636859452353503
"14763","1325","Ec_N",247,3,3,"Ec",17,0,0,0,0,1,0.0636859452353503
"14764","1325","Ec_N",247,4,4,"Ec",17,0,0,0,0,1,0.0636859452353503
"14765","1325","Ec_N",247,5,5,"Ec",17,0,0,0,0,1,0.0636859452353503
"14766","1325","Ec_N",247,6,6,"Ec",17,0,0,0,0,1,0.0636859452353503
"14767","1325","Ec_N",247,7,7,"Ec",17,0,0,0,0,1,0.0636859452353503
"14768","1325","Ec_N",247,8,8,"Ec",17,0,0,0,0,1,0.0636859452353503
"14769","1325","Ec_N",247,9,9,"Ec",17,0,0,0,0,1,0.0636859452353503
"14770","1325","Ec_N",247,10,10,"Ec",17,0,0,0,0,1,0.0636859452353503
"14771","1325","Ec_N",247,11,11,"Ec",18,1,0,0,0,1,0.37090819133975
"14772","1325","Ec_N",247,12,12,"Ec",18,1,0,0,0,1,0.37090819133975
"14773","1325","Ec_N",247,13,13,"Ec",18,1,0,0,0,1,0.37090819133975
"14774","1325","Ec_N",247,14,14,"Ec",18,1,0,0,0,1,0.37090819133975
"14775","1325","Ec_N",247,15,15,"Ec",18,1,0,0,0,1,0.37090819133975
"14776","1325","Ec_N",247,16,16,"Ec",18,1,0,0,0,1,0.37090819133975
"14777","1325","Ec_N",247,17,17,"Ec",22,1,0,1,0,1,0.530537219791945
"14778","1325","Ec_N",247,18,18,"Ec",22,1,0,1,0,1,0.530537219791945
"14779","1325","Ec_N",247,19,19,"Ec",22,1,0,1,0,1,0.530537219791945
"14780","1325","Ec_N",247,20,20,"Ec",22,1,0,1,0,1,0.530537219791945
"14781","1325","Ec_N",247,21,21,"Ec",22,1,0,1,0,1,0.530537219791945
"14782","1325","Ec_N",247,22,22,"Ec",22,1,0,1,0,1,0.530537219791945
"14783","1325","Ec_N",247,23,23,"Ec",22,1,0,1,0,1,0.530537219791945
"14784","1325","Ec_N",247,24,24,"Ec",22,1,0,1,0,1,0.530537219791945
"14785","1325","Ec_N",247,25,25,"Ec",22,1,0,1,0,1,0.530537219791945
"14786","1325","Ec_N",247,26,26,"Ec",22,1,0,1,0,1,0.530537219791945
"14787","1325","Ec_N",247,27,27,"Ec",22,1,0,1,0,1,0.530537219791945
"14788","1325","Ec_N",247,28,28,"Ec",22,1,0,1,0,1,0.530537219791945
"14789","1325","Ec_N",247,29,29,"Ec",22,1,0,1,0,1,0.530537219791945
"14790","1325","Ec_N",247,30,30,"Ec",22,1,0,1,0,1,0.530537219791945
"14791","1325","Ec_N",247,31,31,"Ec",22,1,0,1,0,1,0.530537219791945
"14792","1325","Ec_N",247,32,32,"Ec",22,1,0,1,0,1,0.530537219791945
"14793","1325","Ec_N",247,33,33,"Ec",22,1,0,1,0,1,0.530537219791945
"14794","1325","Ec_N",247,34,34,"Ec",22,1,0,1,0,1,0.530537219791945
"14795","1325","Ec_N",247,35,35,"Ec",22,1,0,1,0,1,0.530537219791945
"14796","1325","Ec_N",247,36,36,"Ec",22,1,0,1,0,1,0.530537219791945
"14797","1325","Ec_N",247,37,37,"Ec",22,1,0,1,0,1,0.530537219791945
"14798","1325","Ec_N",247,38,38,"Ec",22,1,0,1,0,1,0.530537219791945
"14799","1325","Ec_N",247,39,39,"Ec",22,1,0,1,0,1,0.530537219791945
"14800","1325","Ec_N",247,40,40,"Ec",22,1,0,1,0,1,0.530537219791945
"14801","1325","Ec_N",247,41,41,"Ec",22,1,0,1,0,1,0.530537219791945
"14802","1325","Ec_N",247,42,42,"Ec",22,1,0,1,0,1,0.530537219791945
"14803","1325","Ec_N",247,43,43,"Ec",24,1,1,1,0,1,0.872975948786018
"14804","1325","Ec_N",247,44,44,"Ec",32,1,1,1,1,1,1
"14805","1325","Ec_N",247,45,45,"Ec",32,1,1,1,1,1,1
"14806","1325","Ec_N",247,46,46,"Ec",32,1,1,1,1,1,1
"14807","1325","Ec_N",247,47,47,"Ec",32,1,1,1,1,1,1
"14808","1325","Ec_N",247,48,48,"Ec",32,1,1,1,1,1,1
"14809","1325","Ec_N",247,49,49,"Ec",32,1,1,1,1,1,1
"14810","1325","Ec_N",247,50,50,"Ec",32,1,1,1,1,1,1
"14811","1325","Ec_N",247,51,51,"Ec",32,1,1,1,1,1,1
"14812","1325","Ec_N",247,52,52,"Ec",32,1,1,1,1,1,1
"14813","1325","Ec_N",247,53,53,"Ec",32,1,1,1,1,1,1
"14814","1325","Ec_N",247,54,54,"Ec",32,1,1,1,1,1,1
"14815","1325","Ec_N",247,55,55,"Ec",32,1,1,1,1,1,1
"14816","1325","Ec_N",247,56,56,"Ec",32,1,1,1,1,1,1
"14817","1325","Ec_N",247,57,57,"Ec",32,1,1,1,1,1,1
"14818","1325","Ec_N",247,58,58,"Ec",32,1,1,1,1,1,1
"14819","1325","Ec_N",247,59,59,"Ec",32,1,1,1,1,1,1
"14820","1325","Ec_N",247,60,60,"Ec",32,1,1,1,1,1,1
"14821","1325","Ec_N",248,1,1,"Ec",1,0,0,0,0,0,0
"14822","1325","Ec_N",248,2,2,"Ec",1,0,0,0,0,0,0
"14823","1325","Ec_N",248,3,3,"Ec",1,0,0,0,0,0,0
"14824","1325","Ec_N",248,4,4,"Ec",17,0,0,0,0,1,0.0636859452353503
"14825","1325","Ec_N",248,5,5,"Ec",17,0,0,0,0,1,0.0636859452353503
"14826","1325","Ec_N",248,6,6,"Ec",17,0,0,0,0,1,0.0636859452353503
"14827","1325","Ec_N",248,7,7,"Ec",17,0,0,0,0,1,0.0636859452353503
"14828","1325","Ec_N",248,8,8,"Ec",17,0,0,0,0,1,0.0636859452353503
"14829","1325","Ec_N",248,9,9,"Ec",17,0,0,0,0,1,0.0636859452353503
"14830","1325","Ec_N",248,10,10,"Ec",17,0,0,0,0,1,0.0636859452353503
"14831","1325","Ec_N",248,11,11,"Ec",17,0,0,0,0,1,0.0636859452353503
"14832","1325","Ec_N",248,12,12,"Ec",17,0,0,0,0,1,0.0636859452353503
"14833","1325","Ec_N",248,13,13,"Ec",19,0,1,0,0,1,0.484124241483168
"14834","1325","Ec_N",248,14,14,"Ec",19,0,1,0,0,1,0.484124241483168
"14835","1325","Ec_N",248,15,15,"Ec",19,0,1,0,0,1,0.484124241483168
"14836","1325","Ec_N",248,16,16,"Ec",19,0,1,0,0,1,0.484124241483168
"14837","1325","Ec_N",248,17,17,"Ec",19,0,1,0,0,1,0.484124241483168
"14838","1325","Ec_N",248,18,18,"Ec",19,0,1,0,0,1,0.484124241483168
"14839","1325","Ec_N",248,19,19,"Ec",23,0,1,1,0,1,0.57389469344254
"14840","1325","Ec_N",248,20,20,"Ec",23,0,1,1,0,1,0.57389469344254
"14841","1325","Ec_N",248,21,21,"Ec",23,0,1,1,0,1,0.57389469344254
"14842","1325","Ec_N",248,22,22,"Ec",23,0,1,1,0,1,0.57389469344254
"14843","1325","Ec_N",248,23,23,"Ec",7,0,1,1,0,0,0.580067324700012
"14844","1325","Ec_N",248,24,24,"Ec",7,0,1,1,0,0,0.580067324700012
"14845","1325","Ec_N",248,25,25,"Ec",7,0,1,1,0,0,0.580067324700012
"14846","1325","Ec_N",248,26,26,"Ec",7,0,1,1,0,0,0.580067324700012
"14847","1325","Ec_N",248,27,27,"Ec",7,0,1,1,0,0,0.580067324700012
"14848","1325","Ec_N",248,28,28,"Ec",7,0,1,1,0,0,0.580067324700012
"14849","1325","Ec_N",248,29,29,"Ec",7,0,1,1,0,0,0.580067324700012
"14850","1325","Ec_N",248,30,30,"Ec",7,0,1,1,0,0,0.580067324700012
"14851","1325","Ec_N",248,31,31,"Ec",7,0,1,1,0,0,0.580067324700012
"14852","1325","Ec_N",248,32,32,"Ec",7,0,1,1,0,0,0.580067324700012
"14853","1325","Ec_N",248,33,33,"Ec",7,0,1,1,0,0,0.580067324700012
"14854","1325","Ec_N",248,34,34,"Ec",15,0,1,1,1,0,0.62909180866025
"14855","1325","Ec_N",248,35,35,"Ec",15,0,1,1,1,0,0.62909180866025
"14856","1325","Ec_N",248,36,36,"Ec",15,0,1,1,1,0,0.62909180866025
"14857","1325","Ec_N",248,37,37,"Ec",15,0,1,1,1,0,0.62909180866025
"14858","1325","Ec_N",248,38,38,"Ec",15,0,1,1,1,0,0.62909180866025
"14859","1325","Ec_N",248,39,39,"Ec",15,0,1,1,1,0,0.62909180866025
"14860","1325","Ec_N",248,40,40,"Ec",15,0,1,1,1,0,0.62909180866025
"14861","1325","Ec_N",248,41,41,"Ec",15,0,1,1,1,0,0.62909180866025
"14862","1325","Ec_N",248,42,42,"Ec",15,0,1,1,1,0,0.62909180866025
"14863","1325","Ec_N",248,43,43,"Ec",15,0,1,1,1,0,0.62909180866025
"14864","1325","Ec_N",248,44,44,"Ec",15,0,1,1,1,0,0.62909180866025
"14865","1325","Ec_N",248,45,45,"Ec",15,0,1,1,1,0,0.62909180866025
"14866","1325","Ec_N",248,46,46,"Ec",15,0,1,1,1,0,0.62909180866025
"14867","1325","Ec_N",248,47,47,"Ec",15,0,1,1,1,0,0.62909180866025
"14868","1325","Ec_N",248,48,48,"Ec",15,0,1,1,1,0,0.62909180866025
"14869","1325","Ec_N",248,49,49,"Ec",15,0,1,1,1,0,0.62909180866025
"14870","1325","Ec_N",248,50,50,"Ec",15,0,1,1,1,0,0.62909180866025
"14871","1325","Ec_N",248,51,51,"Ec",15,0,1,1,1,0,0.62909180866025
"14872","1325","Ec_N",248,52,52,"Ec",15,0,1,1,1,0,0.62909180866025
"14873","1325","Ec_N",248,53,53,"Ec",15,0,1,1,1,0,0.62909180866025
"14874","1325","Ec_N",248,54,54,"Ec",15,0,1,1,1,0,0.62909180866025
"14875","1325","Ec_N",248,55,55,"Ec",15,0,1,1,1,0,0.62909180866025
"14876","1325","Ec_N",248,56,56,"Ec",15,0,1,1,1,0,0.62909180866025
"14877","1325","Ec_N",248,57,57,"Ec",15,0,1,1,1,0,0.62909180866025
"14878","1325","Ec_N",248,58,58,"Ec",15,0,1,1,1,0,0.62909180866025
"14879","1325","Ec_N",248,59,59,"Ec",15,0,1,1,1,0,0.62909180866025
"14880","1325","Ec_N",248,60,60,"Ec",15,0,1,1,1,0,0.62909180866025
"14881","1325","Ec_N",249,1,1,"Ec",1,0,0,0,0,0,0
"14882","1325","Ec_N",249,2,2,"Ec",5,0,0,1,0,0,0.159629028452195
"14883","1325","Ec_N",249,3,3,"Ec",5,0,0,1,0,0,0.159629028452195
"14884","1325","Ec_N",249,4,4,"Ec",5,0,0,1,0,0,0.159629028452195
"14885","1325","Ec_N",249,5,5,"Ec",13,0,0,1,1,0,0.208653512412432
"14886","1325","Ec_N",249,6,6,"Ec",13,0,0,1,1,0,0.208653512412432
"14887","1325","Ec_N",249,7,7,"Ec",14,1,0,1,1,0,0.479175264165032
"14888","1325","Ec_N",249,8,8,"Ec",14,1,0,1,1,0,0.479175264165032
"14889","1325","Ec_N",249,9,9,"Ec",14,1,0,1,1,0,0.479175264165032
"14890","1325","Ec_N",249,10,10,"Ec",14,1,0,1,1,0,0.479175264165032
"14891","1325","Ec_N",249,11,11,"Ec",14,1,0,1,1,0,0.479175264165032
"14892","1325","Ec_N",249,12,12,"Ec",14,1,0,1,1,0,0.479175264165032
"14893","1325","Ec_N",249,13,13,"Ec",16,1,1,1,1,0,0.93631405476465
"14894","1325","Ec_N",249,14,14,"Ec",16,1,1,1,1,0,0.93631405476465
"14895","1325","Ec_N",249,15,15,"Ec",16,1,1,1,1,0,0.93631405476465
"14896","1325","Ec_N",249,16,16,"Ec",16,1,1,1,1,0,0.93631405476465
"14897","1325","Ec_N",249,17,17,"Ec",16,1,1,1,1,0,0.93631405476465
"14898","1325","Ec_N",249,18,18,"Ec",16,1,1,1,1,0,0.93631405476465
"14899","1325","Ec_N",249,19,19,"Ec",16,1,1,1,1,0,0.93631405476465
"14900","1325","Ec_N",249,20,20,"Ec",16,1,1,1,1,0,0.93631405476465
"14901","1325","Ec_N",249,21,21,"Ec",32,1,1,1,1,1,1
"14902","1325","Ec_N",249,22,22,"Ec",32,1,1,1,1,1,1
"14903","1325","Ec_N",249,23,23,"Ec",32,1,1,1,1,1,1
"14904","1325","Ec_N",249,24,24,"Ec",32,1,1,1,1,1,1
"14905","1325","Ec_N",249,25,25,"Ec",32,1,1,1,1,1,1
"14906","1325","Ec_N",249,26,26,"Ec",32,1,1,1,1,1,1
"14907","1325","Ec_N",249,27,27,"Ec",32,1,1,1,1,1,1
"14908","1325","Ec_N",249,28,28,"Ec",32,1,1,1,1,1,1
"14909","1325","Ec_N",249,29,29,"Ec",32,1,1,1,1,1,1
"14910","1325","Ec_N",249,30,30,"Ec",32,1,1,1,1,1,1
"14911","1325","Ec_N",249,31,31,"Ec",32,1,1,1,1,1,1
"14912","1325","Ec_N",249,32,32,"Ec",32,1,1,1,1,1,1
"14913","1325","Ec_N",249,33,33,"Ec",32,1,1,1,1,1,1
"14914","1325","Ec_N",249,34,34,"Ec",32,1,1,1,1,1,1
"14915","1325","Ec_N",249,35,35,"Ec",32,1,1,1,1,1,1
"14916","1325","Ec_N",249,36,36,"Ec",32,1,1,1,1,1,1
"14917","1325","Ec_N",249,37,37,"Ec",32,1,1,1,1,1,1
"14918","1325","Ec_N",249,38,38,"Ec",32,1,1,1,1,1,1
"14919","1325","Ec_N",249,39,39,"Ec",32,1,1,1,1,1,1
"14920","1325","Ec_N",249,40,40,"Ec",32,1,1,1,1,1,1
"14921","1325","Ec_N",249,41,41,"Ec",32,1,1,1,1,1,1
"14922","1325","Ec_N",249,42,42,"Ec",32,1,1,1,1,1,1
"14923","1325","Ec_N",249,43,43,"Ec",32,1,1,1,1,1,1
"14924","1325","Ec_N",249,44,44,"Ec",32,1,1,1,1,1,1
"14925","1325","Ec_N",249,45,45,"Ec",32,1,1,1,1,1,1
"14926","1325","Ec_N",249,46,46,"Ec",32,1,1,1,1,1,1
"14927","1325","Ec_N",249,47,47,"Ec",32,1,1,1,1,1,1
"14928","1325","Ec_N",249,48,48,"Ec",32,1,1,1,1,1,1
"14929","1325","Ec_N",249,49,49,"Ec",32,1,1,1,1,1,1
"14930","1325","Ec_N",249,50,50,"Ec",32,1,1,1,1,1,1
"14931","1325","Ec_N",249,51,51,"Ec",32,1,1,1,1,1,1
"14932","1325","Ec_N",249,52,52,"Ec",32,1,1,1,1,1,1
"14933","1325","Ec_N",249,53,53,"Ec",32,1,1,1,1,1,1
"14934","1325","Ec_N",249,54,54,"Ec",32,1,1,1,1,1,1
"14935","1325","Ec_N",249,55,55,"Ec",32,1,1,1,1,1,1
"14936","1325","Ec_N",249,56,56,"Ec",32,1,1,1,1,1,1
"14937","1325","Ec_N",249,57,57,"Ec",32,1,1,1,1,1,1
"14938","1325","Ec_N",249,58,58,"Ec",32,1,1,1,1,1,1
"14939","1325","Ec_N",249,59,59,"Ec",32,1,1,1,1,1,1
"14940","1325","Ec_N",249,60,60,"Ec",32,1,1,1,1,1,1
"14941","1325","Ec_N",250,1,1,"Ec",1,0,0,0,0,0,0
"14942","1325","Ec_N",250,2,2,"Ec",1,0,0,0,0,0,0
"14943","1325","Ec_N",250,3,3,"Ec",1,0,0,0,0,0,0
"14944","1325","Ec_N",250,4,4,"Ec",1,0,0,0,0,0,0
"14945","1325","Ec_N",250,5,5,"Ec",2,1,0,0,0,0,0.3072222461044
"14946","1325","Ec_N",250,6,6,"Ec",2,1,0,0,0,0,0.3072222461044
"14947","1325","Ec_N",250,7,7,"Ec",2,1,0,0,0,0,0.3072222461044
"14948","1325","Ec_N",250,8,8,"Ec",2,1,0,0,0,0,0.3072222461044
"14949","1325","Ec_N",250,9,9,"Ec",2,1,0,0,0,0,0.3072222461044
"14950","1325","Ec_N",250,10,10,"Ec",2,1,0,0,0,0,0.3072222461044
"14951","1325","Ec_N",250,11,11,"Ec",2,1,0,0,0,0,0.3072222461044
"14952","1325","Ec_N",250,12,12,"Ec",2,1,0,0,0,0,0.3072222461044
"14953","1325","Ec_N",250,13,13,"Ec",10,1,0,0,1,0,0.356246730064637
"14954","1325","Ec_N",250,14,14,"Ec",10,1,0,0,1,0,0.356246730064637
"14955","1325","Ec_N",250,15,15,"Ec",10,1,0,0,1,0,0.356246730064637
"14956","1325","Ec_N",250,16,16,"Ec",10,1,0,0,1,0,0.356246730064637
"14957","1325","Ec_N",250,17,17,"Ec",10,1,0,0,1,0,0.356246730064637
"14958","1325","Ec_N",250,18,18,"Ec",10,1,0,0,1,0,0.356246730064637
"14959","1325","Ec_N",250,19,19,"Ec",12,1,1,0,1,0,0.776685026312455
"14960","1325","Ec_N",250,20,20,"Ec",12,1,1,0,1,0,0.776685026312455
"14961","1325","Ec_N",250,21,21,"Ec",12,1,1,0,1,0,0.776685026312455
"14962","1325","Ec_N",250,22,22,"Ec",12,1,1,0,1,0,0.776685026312455
"14963","1325","Ec_N",250,23,23,"Ec",12,1,1,0,1,0,0.776685026312455
"14964","1325","Ec_N",250,24,24,"Ec",12,1,1,0,1,0,0.776685026312455
"14965","1325","Ec_N",250,25,25,"Ec",12,1,1,0,1,0,0.776685026312455
"14966","1325","Ec_N",250,26,26,"Ec",12,1,1,0,1,0,0.776685026312455
"14967","1325","Ec_N",250,27,27,"Ec",12,1,1,0,1,0,0.776685026312455
"14968","1325","Ec_N",250,28,28,"Ec",12,1,1,0,1,0,0.776685026312455
"14969","1325","Ec_N",250,29,29,"Ec",12,1,1,0,1,0,0.776685026312455
"14970","1325","Ec_N",250,30,30,"Ec",12,1,1,0,1,0,0.776685026312455
"14971","1325","Ec_N",250,31,31,"Ec",12,1,1,0,1,0,0.776685026312455
"14972","1325","Ec_N",250,32,32,"Ec",12,1,1,0,1,0,0.776685026312455
"14973","1325","Ec_N",250,33,33,"Ec",12,1,1,0,1,0,0.776685026312455
"14974","1325","Ec_N",250,34,34,"Ec",12,1,1,0,1,0,0.776685026312455
"14975","1325","Ec_N",250,35,35,"Ec",12,1,1,0,1,0,0.776685026312455
"14976","1325","Ec_N",250,36,36,"Ec",12,1,1,0,1,0,0.776685026312455
"14977","1325","Ec_N",250,37,37,"Ec",12,1,1,0,1,0,0.776685026312455
"14978","1325","Ec_N",250,38,38,"Ec",12,1,1,0,1,0,0.776685026312455
"14979","1325","Ec_N",250,39,39,"Ec",12,1,1,0,1,0,0.776685026312455
"14980","1325","Ec_N",250,40,40,"Ec",12,1,1,0,1,0,0.776685026312455
"14981","1325","Ec_N",250,41,41,"Ec",12,1,1,0,1,0,0.776685026312455
"14982","1325","Ec_N",250,42,42,"Ec",12,1,1,0,1,0,0.776685026312455
"14983","1325","Ec_N",250,43,43,"Ec",16,1,1,1,1,0,0.93631405476465
"14984","1325","Ec_N",250,44,44,"Ec",16,1,1,1,1,0,0.93631405476465
"14985","1325","Ec_N",250,45,45,"Ec",16,1,1,1,1,0,0.93631405476465
"14986","1325","Ec_N",250,46,46,"Ec",16,1,1,1,1,0,0.93631405476465
"14987","1325","Ec_N",250,47,47,"Ec",16,1,1,1,1,0,0.93631405476465
"14988","1325","Ec_N",250,48,48,"Ec",16,1,1,1,1,0,0.93631405476465
"14989","1325","Ec_N",250,49,49,"Ec",32,1,1,1,1,1,1
"14990","1325","Ec_N",250,50,50,"Ec",32,1,1,1,1,1,1
"14991","1325","Ec_N",250,51,51,"Ec",32,1,1,1,1,1,1
"14992","1325","Ec_N",250,52,52,"Ec",32,1,1,1,1,1,1
"14993","1325","Ec_N",250,53,53,"Ec",32,1,1,1,1,1,1
"14994","1325","Ec_N",250,54,54,"Ec",32,1,1,1,1,1,1
"14995","1325","Ec_N",250,55,55,"Ec",32,1,1,1,1,1,1
"14996","1325","Ec_N",250,56,56,"Ec",32,1,1,1,1,1,1
"14997","1325","Ec_N",250,57,57,"Ec",32,1,1,1,1,1,1
"14998","1325","Ec_N",250,58,58,"Ec",32,1,1,1,1,1,1
"14999","1325","Ec_N",250,59,59,"Ec",32,1,1,1,1,1,1
"15000","1325","Ec_N",250,60,60,"Ec",32,1,1,1,1,1,1
"15001","1325","Ec_N",251,1,1,"Ec",1,0,0,0,0,0,0
"15002","1325","Ec_N",251,2,2,"Ec",2,1,0,0,0,0,0.3072222461044
"15003","1325","Ec_N",251,3,3,"Ec",2,1,0,0,0,0,0.3072222461044
"15004","1325","Ec_N",251,4,4,"Ec",2,1,0,0,0,0,0.3072222461044
"15005","1325","Ec_N",251,5,5,"Ec",2,1,0,0,0,0,0.3072222461044
"15006","1325","Ec_N",251,6,6,"Ec",2,1,0,0,0,0,0.3072222461044
"15007","1325","Ec_N",251,7,7,"Ec",2,1,0,0,0,0,0.3072222461044
"15008","1325","Ec_N",251,8,8,"Ec",2,1,0,0,0,0,0.3072222461044
"15009","1325","Ec_N",251,9,9,"Ec",6,1,0,1,0,0,0.466851274556594
"15010","1325","Ec_N",251,10,10,"Ec",6,1,0,1,0,0,0.466851274556594
"15011","1325","Ec_N",251,11,11,"Ec",6,1,0,1,0,0,0.466851274556594
"15012","1325","Ec_N",251,12,12,"Ec",6,1,0,1,0,0,0.466851274556594
"15013","1325","Ec_N",251,13,13,"Ec",6,1,0,1,0,0,0.466851274556594
"15014","1325","Ec_N",251,14,14,"Ec",6,1,0,1,0,0,0.466851274556594
"15015","1325","Ec_N",251,15,15,"Ec",6,1,0,1,0,0,0.466851274556594
"15016","1325","Ec_N",251,16,16,"Ec",6,1,0,1,0,0,0.466851274556594
"15017","1325","Ec_N",251,17,17,"Ec",14,1,0,1,1,0,0.479175264165032
"15018","1325","Ec_N",251,18,18,"Ec",14,1,0,1,1,0,0.479175264165032
"15019","1325","Ec_N",251,19,19,"Ec",14,1,0,1,1,0,0.479175264165032
"15020","1325","Ec_N",251,20,20,"Ec",14,1,0,1,1,0,0.479175264165032
"15021","1325","Ec_N",251,21,21,"Ec",14,1,0,1,1,0,0.479175264165032
"15022","1325","Ec_N",251,22,22,"Ec",14,1,0,1,1,0,0.479175264165032
"15023","1325","Ec_N",251,23,23,"Ec",14,1,0,1,1,0,0.479175264165032
"15024","1325","Ec_N",251,24,24,"Ec",14,1,0,1,1,0,0.479175264165032
"15025","1325","Ec_N",251,25,25,"Ec",14,1,0,1,1,0,0.479175264165032
"15026","1325","Ec_N",251,26,26,"Ec",14,1,0,1,1,0,0.479175264165032
"15027","1325","Ec_N",251,27,27,"Ec",14,1,0,1,1,0,0.479175264165032
"15028","1325","Ec_N",251,28,28,"Ec",14,1,0,1,1,0,0.479175264165032
"15029","1325","Ec_N",251,29,29,"Ec",14,1,0,1,1,0,0.479175264165032
"15030","1325","Ec_N",251,30,30,"Ec",30,1,0,1,1,1,0.579561703752182
"15031","1325","Ec_N",251,31,31,"Ec",30,1,0,1,1,1,0.579561703752182
"15032","1325","Ec_N",251,32,32,"Ec",30,1,0,1,1,1,0.579561703752182
"15033","1325","Ec_N",251,33,33,"Ec",30,1,0,1,1,1,0.579561703752182
"15034","1325","Ec_N",251,34,34,"Ec",30,1,0,1,1,1,0.579561703752182
"15035","1325","Ec_N",251,35,35,"Ec",30,1,0,1,1,1,0.579561703752182
"15036","1325","Ec_N",251,36,36,"Ec",30,1,0,1,1,1,0.579561703752182
"15037","1325","Ec_N",251,37,37,"Ec",30,1,0,1,1,1,0.579561703752182
"15038","1325","Ec_N",251,38,38,"Ec",30,1,0,1,1,1,0.579561703752182
"15039","1325","Ec_N",251,39,39,"Ec",30,1,0,1,1,1,0.579561703752182
"15040","1325","Ec_N",251,40,40,"Ec",30,1,0,1,1,1,0.579561703752182
"15041","1325","Ec_N",251,41,41,"Ec",30,1,0,1,1,1,0.579561703752182
"15042","1325","Ec_N",251,42,42,"Ec",30,1,0,1,1,1,0.579561703752182
"15043","1325","Ec_N",251,43,43,"Ec",30,1,0,1,1,1,0.579561703752182
"15044","1325","Ec_N",251,44,44,"Ec",30,1,0,1,1,1,0.579561703752182
"15045","1325","Ec_N",251,45,45,"Ec",30,1,0,1,1,1,0.579561703752182
"15046","1325","Ec_N",251,46,46,"Ec",30,1,0,1,1,1,0.579561703752182
"15047","1325","Ec_N",251,47,47,"Ec",30,1,0,1,1,1,0.579561703752182
"15048","1325","Ec_N",251,48,48,"Ec",30,1,0,1,1,1,0.579561703752182
"15049","1325","Ec_N",251,49,49,"Ec",30,1,0,1,1,1,0.579561703752182
"15050","1325","Ec_N",251,50,50,"Ec",30,1,0,1,1,1,0.579561703752182
"15051","1325","Ec_N",251,51,51,"Ec",30,1,0,1,1,1,0.579561703752182
"15052","1325","Ec_N",251,52,52,"Ec",30,1,0,1,1,1,0.579561703752182
"15053","1325","Ec_N",251,53,53,"Ec",30,1,0,1,1,1,0.579561703752182
"15054","1325","Ec_N",251,54,54,"Ec",30,1,0,1,1,1,0.579561703752182
"15055","1325","Ec_N",251,55,55,"Ec",30,1,0,1,1,1,0.579561703752182
"15056","1325","Ec_N",251,56,56,"Ec",32,1,1,1,1,1,1
"15057","1325","Ec_N",251,57,57,"Ec",32,1,1,1,1,1,1
"15058","1325","Ec_N",251,58,58,"Ec",32,1,1,1,1,1,1
"15059","1325","Ec_N",251,59,59,"Ec",32,1,1,1,1,1,1
"15060","1325","Ec_N",251,60,60,"Ec",32,1,1,1,1,1,1
"15061","1325","Ec_N",252,1,1,"Ec",1,0,0,0,0,0,0
"15062","1325","Ec_N",252,2,2,"Ec",1,0,0,0,0,0,0
"15063","1325","Ec_N",252,3,3,"Ec",9,0,0,0,1,0,0.0490244839602376
"15064","1325","Ec_N",252,4,4,"Ec",13,0,0,1,1,0,0.208653512412432
"15065","1325","Ec_N",252,5,5,"Ec",13,0,0,1,1,0,0.208653512412432
"15066","1325","Ec_N",252,6,6,"Ec",13,0,0,1,1,0,0.208653512412432
"15067","1325","Ec_N",252,7,7,"Ec",13,0,0,1,1,0,0.208653512412432
"15068","1325","Ec_N",252,8,8,"Ec",13,0,0,1,1,0,0.208653512412432
"15069","1325","Ec_N",252,9,9,"Ec",13,0,0,1,1,0,0.208653512412432
"15070","1325","Ec_N",252,10,10,"Ec",13,0,0,1,1,0,0.208653512412432
"15071","1325","Ec_N",252,11,11,"Ec",13,0,0,1,1,0,0.208653512412432
"15072","1325","Ec_N",252,12,12,"Ec",13,0,0,1,1,0,0.208653512412432
"15073","1325","Ec_N",252,13,13,"Ec",13,0,0,1,1,0,0.208653512412432
"15074","1325","Ec_N",252,14,14,"Ec",13,0,0,1,1,0,0.208653512412432
"15075","1325","Ec_N",252,15,15,"Ec",13,0,0,1,1,0,0.208653512412432
"15076","1325","Ec_N",252,16,16,"Ec",29,0,0,1,1,1,0.272339457647783
"15077","1325","Ec_N",252,17,17,"Ec",29,0,0,1,1,1,0.272339457647783
"15078","1325","Ec_N",252,18,18,"Ec",29,0,0,1,1,1,0.272339457647783
"15079","1325","Ec_N",252,19,19,"Ec",29,0,0,1,1,1,0.272339457647783
"15080","1325","Ec_N",252,20,20,"Ec",29,0,0,1,1,1,0.272339457647783
"15081","1325","Ec_N",252,21,21,"Ec",29,0,0,1,1,1,0.272339457647783
"15082","1325","Ec_N",252,22,22,"Ec",29,0,0,1,1,1,0.272339457647783
"15083","1325","Ec_N",252,23,23,"Ec",29,0,0,1,1,1,0.272339457647783
"15084","1325","Ec_N",252,24,24,"Ec",29,0,0,1,1,1,0.272339457647783
"15085","1325","Ec_N",252,25,25,"Ec",29,0,0,1,1,1,0.272339457647783
"15086","1325","Ec_N",252,26,26,"Ec",29,0,0,1,1,1,0.272339457647783
"15087","1325","Ec_N",252,27,27,"Ec",29,0,0,1,1,1,0.272339457647783
"15088","1325","Ec_N",252,28,28,"Ec",29,0,0,1,1,1,0.272339457647783
"15089","1325","Ec_N",252,29,29,"Ec",29,0,0,1,1,1,0.272339457647783
"15090","1325","Ec_N",252,30,30,"Ec",29,0,0,1,1,1,0.272339457647783
"15091","1325","Ec_N",252,31,31,"Ec",29,0,0,1,1,1,0.272339457647783
"15092","1325","Ec_N",252,32,32,"Ec",29,0,0,1,1,1,0.272339457647783
"15093","1325","Ec_N",252,33,33,"Ec",29,0,0,1,1,1,0.272339457647783
"15094","1325","Ec_N",252,34,34,"Ec",29,0,0,1,1,1,0.272339457647783
"15095","1325","Ec_N",252,35,35,"Ec",30,1,0,1,1,1,0.579561703752182
"15096","1325","Ec_N",252,36,36,"Ec",30,1,0,1,1,1,0.579561703752182
"15097","1325","Ec_N",252,37,37,"Ec",30,1,0,1,1,1,0.579561703752182
"15098","1325","Ec_N",252,38,38,"Ec",30,1,0,1,1,1,0.579561703752182
"15099","1325","Ec_N",252,39,39,"Ec",30,1,0,1,1,1,0.579561703752182
"15100","1325","Ec_N",252,40,40,"Ec",30,1,0,1,1,1,0.579561703752182
"15101","1325","Ec_N",252,41,41,"Ec",30,1,0,1,1,1,0.579561703752182
"15102","1325","Ec_N",252,42,42,"Ec",30,1,0,1,1,1,0.579561703752182
"15103","1325","Ec_N",252,43,43,"Ec",32,1,1,1,1,1,1
"15104","1325","Ec_N",252,44,44,"Ec",32,1,1,1,1,1,1
"15105","1325","Ec_N",252,45,45,"Ec",32,1,1,1,1,1,1
"15106","1325","Ec_N",252,46,46,"Ec",32,1,1,1,1,1,1
"15107","1325","Ec_N",252,47,47,"Ec",32,1,1,1,1,1,1
"15108","1325","Ec_N",252,48,48,"Ec",32,1,1,1,1,1,1
"15109","1325","Ec_N",252,49,49,"Ec",32,1,1,1,1,1,1
"15110","1325","Ec_N",252,50,50,"Ec",32,1,1,1,1,1,1
"15111","1325","Ec_N",252,51,51,"Ec",32,1,1,1,1,1,1
"15112","1325","Ec_N",252,52,52,"Ec",32,1,1,1,1,1,1
"15113","1325","Ec_N",252,53,53,"Ec",32,1,1,1,1,1,1
"15114","1325","Ec_N",252,54,54,"Ec",32,1,1,1,1,1,1
"15115","1325","Ec_N",252,55,55,"Ec",32,1,1,1,1,1,1
"15116","1325","Ec_N",252,56,56,"Ec",32,1,1,1,1,1,1
"15117","1325","Ec_N",252,57,57,"Ec",32,1,1,1,1,1,1
"15118","1325","Ec_N",252,58,58,"Ec",32,1,1,1,1,1,1
"15119","1325","Ec_N",252,59,59,"Ec",32,1,1,1,1,1,1
"15120","1325","Ec_N",252,60,60,"Ec",32,1,1,1,1,1,1
"15121","1325","Ec_N",253,1,1,"Ec",1,0,0,0,0,0,0
"15122","1325","Ec_N",253,2,2,"Ec",1,0,0,0,0,0,0
"15123","1325","Ec_N",253,3,3,"Ec",1,0,0,0,0,0,0
"15124","1325","Ec_N",253,4,4,"Ec",1,0,0,0,0,0,0
"15125","1325","Ec_N",253,5,5,"Ec",1,0,0,0,0,0,0
"15126","1325","Ec_N",253,6,6,"Ec",1,0,0,0,0,0,0
"15127","1325","Ec_N",253,7,7,"Ec",1,0,0,0,0,0,0
"15128","1325","Ec_N",253,8,8,"Ec",3,0,1,0,0,0,0.420438296247818
"15129","1325","Ec_N",253,9,9,"Ec",3,0,1,0,0,0,0.420438296247818
"15130","1325","Ec_N",253,10,10,"Ec",3,0,1,0,0,0,0.420438296247818
"15131","1325","Ec_N",253,11,11,"Ec",3,0,1,0,0,0,0.420438296247818
"15132","1325","Ec_N",253,12,12,"Ec",3,0,1,0,0,0,0.420438296247818
"15133","1325","Ec_N",253,13,13,"Ec",4,1,1,0,0,0,0.727660542352217
"15134","1325","Ec_N",253,14,14,"Ec",4,1,1,0,0,0,0.727660542352217
"15135","1325","Ec_N",253,15,15,"Ec",4,1,1,0,0,0,0.727660542352217
"15136","1325","Ec_N",253,16,16,"Ec",12,1,1,0,1,0,0.776685026312455
"15137","1325","Ec_N",253,17,17,"Ec",16,1,1,1,1,0,0.93631405476465
"15138","1325","Ec_N",253,18,18,"Ec",16,1,1,1,1,0,0.93631405476465
"15139","1325","Ec_N",253,19,19,"Ec",16,1,1,1,1,0,0.93631405476465
"15140","1325","Ec_N",253,20,20,"Ec",16,1,1,1,1,0,0.93631405476465
"15141","1325","Ec_N",253,21,21,"Ec",16,1,1,1,1,0,0.93631405476465
"15142","1325","Ec_N",253,22,22,"Ec",16,1,1,1,1,0,0.93631405476465
"15143","1325","Ec_N",253,23,23,"Ec",16,1,1,1,1,0,0.93631405476465
"15144","1325","Ec_N",253,24,24,"Ec",16,1,1,1,1,0,0.93631405476465
"15145","1325","Ec_N",253,25,25,"Ec",16,1,1,1,1,0,0.93631405476465
"15146","1325","Ec_N",253,26,26,"Ec",16,1,1,1,1,0,0.93631405476465
"15147","1325","Ec_N",253,27,27,"Ec",16,1,1,1,1,0,0.93631405476465
"15148","1325","Ec_N",253,28,28,"Ec",16,1,1,1,1,0,0.93631405476465
"15149","1325","Ec_N",253,29,29,"Ec",16,1,1,1,1,0,0.93631405476465
"15150","1325","Ec_N",253,30,30,"Ec",16,1,1,1,1,0,0.93631405476465
"15151","1325","Ec_N",253,31,31,"Ec",16,1,1,1,1,0,0.93631405476465
"15152","1325","Ec_N",253,32,32,"Ec",16,1,1,1,1,0,0.93631405476465
"15153","1325","Ec_N",253,33,33,"Ec",16,1,1,1,1,0,0.93631405476465
"15154","1325","Ec_N",253,34,34,"Ec",16,1,1,1,1,0,0.93631405476465
"15155","1325","Ec_N",253,35,35,"Ec",16,1,1,1,1,0,0.93631405476465
"15156","1325","Ec_N",253,36,36,"Ec",16,1,1,1,1,0,0.93631405476465
"15157","1325","Ec_N",253,37,37,"Ec",16,1,1,1,1,0,0.93631405476465
"15158","1325","Ec_N",253,38,38,"Ec",16,1,1,1,1,0,0.93631405476465
"15159","1325","Ec_N",253,39,39,"Ec",16,1,1,1,1,0,0.93631405476465
"15160","1325","Ec_N",253,40,40,"Ec",16,1,1,1,1,0,0.93631405476465
"15161","1325","Ec_N",253,41,41,"Ec",16,1,1,1,1,0,0.93631405476465
"15162","1325","Ec_N",253,42,42,"Ec",16,1,1,1,1,0,0.93631405476465
"15163","1325","Ec_N",253,43,43,"Ec",16,1,1,1,1,0,0.93631405476465
"15164","1325","Ec_N",253,44,44,"Ec",16,1,1,1,1,0,0.93631405476465
"15165","1325","Ec_N",253,45,45,"Ec",16,1,1,1,1,0,0.93631405476465
"15166","1325","Ec_N",253,46,46,"Ec",16,1,1,1,1,0,0.93631405476465
"15167","1325","Ec_N",253,47,47,"Ec",16,1,1,1,1,0,0.93631405476465
"15168","1325","Ec_N",253,48,48,"Ec",16,1,1,1,1,0,0.93631405476465
"15169","1325","Ec_N",253,49,49,"Ec",16,1,1,1,1,0,0.93631405476465
"15170","1325","Ec_N",253,50,50,"Ec",16,1,1,1,1,0,0.93631405476465
"15171","1325","Ec_N",253,51,51,"Ec",16,1,1,1,1,0,0.93631405476465
"15172","1325","Ec_N",253,52,52,"Ec",16,1,1,1,1,0,0.93631405476465
"15173","1325","Ec_N",253,53,53,"Ec",16,1,1,1,1,0,0.93631405476465
"15174","1325","Ec_N",253,54,54,"Ec",16,1,1,1,1,0,0.93631405476465
"15175","1325","Ec_N",253,55,55,"Ec",16,1,1,1,1,0,0.93631405476465
"15176","1325","Ec_N",253,56,56,"Ec",16,1,1,1,1,0,0.93631405476465
"15177","1325","Ec_N",253,57,57,"Ec",16,1,1,1,1,0,0.93631405476465
"15178","1325","Ec_N",253,58,58,"Ec",16,1,1,1,1,0,0.93631405476465
"15179","1325","Ec_N",253,59,59,"Ec",16,1,1,1,1,0,0.93631405476465
"15180","1325","Ec_N",253,60,60,"Ec",32,1,1,1,1,1,1
"15181","1325","Ec_N",254,1,1,"Ec",1,0,0,0,0,0,0
"15182","1325","Ec_N",254,2,2,"Ec",1,0,0,0,0,0,0
"15183","1325","Ec_N",254,3,3,"Ec",9,0,0,0,1,0,0.0490244839602376
"15184","1325","Ec_N",254,4,4,"Ec",9,0,0,0,1,0,0.0490244839602376
"15185","1325","Ec_N",254,5,5,"Ec",9,0,0,0,1,0,0.0490244839602376
"15186","1325","Ec_N",254,6,6,"Ec",11,0,1,0,1,0,0.503461616060769
"15187","1325","Ec_N",254,7,7,"Ec",11,0,1,0,1,0,0.503461616060769
"15188","1325","Ec_N",254,8,8,"Ec",11,0,1,0,1,0,0.503461616060769
"15189","1325","Ec_N",254,9,9,"Ec",11,0,1,0,1,0,0.503461616060769
"15190","1325","Ec_N",254,10,10,"Ec",11,0,1,0,1,0,0.503461616060769
"15191","1325","Ec_N",254,11,11,"Ec",11,0,1,0,1,0,0.503461616060769
"15192","1325","Ec_N",254,12,12,"Ec",11,0,1,0,1,0,0.503461616060769
"15193","1325","Ec_N",254,13,13,"Ec",11,0,1,0,1,0,0.503461616060769
"15194","1325","Ec_N",254,14,14,"Ec",11,0,1,0,1,0,0.503461616060769
"15195","1325","Ec_N",254,15,15,"Ec",11,0,1,0,1,0,0.503461616060769
"15196","1325","Ec_N",254,16,16,"Ec",11,0,1,0,1,0,0.503461616060769
"15197","1325","Ec_N",254,17,17,"Ec",11,0,1,0,1,0,0.503461616060769
"15198","1325","Ec_N",254,18,18,"Ec",11,0,1,0,1,0,0.503461616060769
"15199","1325","Ec_N",254,19,19,"Ec",11,0,1,0,1,0,0.503461616060769
"15200","1325","Ec_N",254,20,20,"Ec",11,0,1,0,1,0,0.503461616060769
"15201","1325","Ec_N",254,21,21,"Ec",11,0,1,0,1,0,0.503461616060769
"15202","1325","Ec_N",254,22,22,"Ec",11,0,1,0,1,0,0.503461616060769
"15203","1325","Ec_N",254,23,23,"Ec",11,0,1,0,1,0,0.503461616060769
"15204","1325","Ec_N",254,24,24,"Ec",11,0,1,0,1,0,0.503461616060769
"15205","1325","Ec_N",254,25,25,"Ec",12,1,1,0,1,0,0.776685026312455
"15206","1325","Ec_N",254,26,26,"Ec",12,1,1,0,1,0,0.776685026312455
"15207","1325","Ec_N",254,27,27,"Ec",12,1,1,0,1,0,0.776685026312455
"15208","1325","Ec_N",254,28,28,"Ec",28,1,1,0,1,1,0.815884725734249
"15209","1325","Ec_N",254,29,29,"Ec",28,1,1,0,1,1,0.815884725734249
"15210","1325","Ec_N",254,30,30,"Ec",28,1,1,0,1,1,0.815884725734249
"15211","1325","Ec_N",254,31,31,"Ec",28,1,1,0,1,1,0.815884725734249
"15212","1325","Ec_N",254,32,32,"Ec",28,1,1,0,1,1,0.815884725734249
"15213","1325","Ec_N",254,33,33,"Ec",28,1,1,0,1,1,0.815884725734249
"15214","1325","Ec_N",254,34,34,"Ec",28,1,1,0,1,1,0.815884725734249
"15215","1325","Ec_N",254,35,35,"Ec",28,1,1,0,1,1,0.815884725734249
"15216","1325","Ec_N",254,36,36,"Ec",28,1,1,0,1,1,0.815884725734249
"15217","1325","Ec_N",254,37,37,"Ec",28,1,1,0,1,1,0.815884725734249
"15218","1325","Ec_N",254,38,38,"Ec",28,1,1,0,1,1,0.815884725734249
"15219","1325","Ec_N",254,39,39,"Ec",28,1,1,0,1,1,0.815884725734249
"15220","1325","Ec_N",254,40,40,"Ec",28,1,1,0,1,1,0.815884725734249
"15221","1325","Ec_N",254,41,41,"Ec",28,1,1,0,1,1,0.815884725734249
"15222","1325","Ec_N",254,42,42,"Ec",28,1,1,0,1,1,0.815884725734249
"15223","1325","Ec_N",254,43,43,"Ec",28,1,1,0,1,1,0.815884725734249
"15224","1325","Ec_N",254,44,44,"Ec",28,1,1,0,1,1,0.815884725734249
"15225","1325","Ec_N",254,45,45,"Ec",28,1,1,0,1,1,0.815884725734249
"15226","1325","Ec_N",254,46,46,"Ec",28,1,1,0,1,1,0.815884725734249
"15227","1325","Ec_N",254,47,47,"Ec",28,1,1,0,1,1,0.815884725734249
"15228","1325","Ec_N",254,48,48,"Ec",28,1,1,0,1,1,0.815884725734249
"15229","1325","Ec_N",254,49,49,"Ec",28,1,1,0,1,1,0.815884725734249
"15230","1325","Ec_N",254,50,50,"Ec",28,1,1,0,1,1,0.815884725734249
"15231","1325","Ec_N",254,51,51,"Ec",28,1,1,0,1,1,0.815884725734249
"15232","1325","Ec_N",254,52,52,"Ec",28,1,1,0,1,1,0.815884725734249
"15233","1325","Ec_N",254,53,53,"Ec",28,1,1,0,1,1,0.815884725734249
"15234","1325","Ec_N",254,54,54,"Ec",28,1,1,0,1,1,0.815884725734249
"15235","1325","Ec_N",254,55,55,"Ec",28,1,1,0,1,1,0.815884725734249
"15236","1325","Ec_N",254,56,56,"Ec",28,1,1,0,1,1,0.815884725734249
"15237","1325","Ec_N",254,57,57,"Ec",28,1,1,0,1,1,0.815884725734249
"15238","1325","Ec_N",254,58,58,"Ec",28,1,1,0,1,1,0.815884725734249
"15239","1325","Ec_N",254,59,59,"Ec",28,1,1,0,1,1,0.815884725734249
"15240","1325","Ec_N",254,60,60,"Ec",28,1,1,0,1,1,0.815884725734249
"15241","1325","Ec_N",255,1,1,"Ec",1,0,0,0,0,0,0
"15242","1325","Ec_N",255,2,2,"Ec",1,0,0,0,0,0,0
"15243","1325","Ec_N",255,3,3,"Ec",5,0,0,1,0,0,0.159629028452195
"15244","1325","Ec_N",255,4,4,"Ec",5,0,0,1,0,0,0.159629028452195
"15245","1325","Ec_N",255,5,5,"Ec",5,0,0,1,0,0,0.159629028452195
"15246","1325","Ec_N",255,6,6,"Ec",5,0,0,1,0,0,0.159629028452195
"15247","1325","Ec_N",255,7,7,"Ec",5,0,0,1,0,0,0.159629028452195
"15248","1325","Ec_N",255,8,8,"Ec",5,0,0,1,0,0,0.159629028452195
"15249","1325","Ec_N",255,9,9,"Ec",5,0,0,1,0,0,0.159629028452195
"15250","1325","Ec_N",255,10,10,"Ec",5,0,0,1,0,0,0.159629028452195
"15251","1325","Ec_N",255,11,11,"Ec",5,0,0,1,0,0,0.159629028452195
"15252","1325","Ec_N",255,12,12,"Ec",5,0,0,1,0,0,0.159629028452195
"15253","1325","Ec_N",255,13,13,"Ec",5,0,0,1,0,0,0.159629028452195
"15254","1325","Ec_N",255,14,14,"Ec",6,1,0,1,0,0,0.466851274556594
"15255","1325","Ec_N",255,15,15,"Ec",6,1,0,1,0,0,0.466851274556594
"15256","1325","Ec_N",255,16,16,"Ec",6,1,0,1,0,0,0.466851274556594
"15257","1325","Ec_N",255,17,17,"Ec",6,1,0,1,0,0,0.466851274556594
"15258","1325","Ec_N",255,18,18,"Ec",6,1,0,1,0,0,0.466851274556594
"15259","1325","Ec_N",255,19,19,"Ec",6,1,0,1,0,0,0.466851274556594
"15260","1325","Ec_N",255,20,20,"Ec",6,1,0,1,0,0,0.466851274556594
"15261","1325","Ec_N",255,21,21,"Ec",6,1,0,1,0,0,0.466851274556594
"15262","1325","Ec_N",255,22,22,"Ec",6,1,0,1,0,0,0.466851274556594
"15263","1325","Ec_N",255,23,23,"Ec",6,1,0,1,0,0,0.466851274556594
"15264","1325","Ec_N",255,24,24,"Ec",8,1,1,1,0,0,0.887289570804412
"15265","1325","Ec_N",255,25,25,"Ec",8,1,1,1,0,0,0.887289570804412
"15266","1325","Ec_N",255,26,26,"Ec",8,1,1,1,0,0,0.887289570804412
"15267","1325","Ec_N",255,27,27,"Ec",8,1,1,1,0,0,0.887289570804412
"15268","1325","Ec_N",255,28,28,"Ec",8,1,1,1,0,0,0.887289570804412
"15269","1325","Ec_N",255,29,29,"Ec",8,1,1,1,0,0,0.887289570804412
"15270","1325","Ec_N",255,30,30,"Ec",8,1,1,1,0,0,0.887289570804412
"15271","1325","Ec_N",255,31,31,"Ec",8,1,1,1,0,0,0.887289570804412
"15272","1325","Ec_N",255,32,32,"Ec",8,1,1,1,0,0,0.887289570804412
"15273","1325","Ec_N",255,33,33,"Ec",8,1,1,1,0,0,0.887289570804412
"15274","1325","Ec_N",255,34,34,"Ec",8,1,1,1,0,0,0.887289570804412
"15275","1325","Ec_N",255,35,35,"Ec",8,1,1,1,0,0,0.887289570804412
"15276","1325","Ec_N",255,36,36,"Ec",8,1,1,1,0,0,0.887289570804412
"15277","1325","Ec_N",255,37,37,"Ec",8,1,1,1,0,0,0.887289570804412
"15278","1325","Ec_N",255,38,38,"Ec",8,1,1,1,0,0,0.887289570804412
"15279","1325","Ec_N",255,39,39,"Ec",8,1,1,1,0,0,0.887289570804412
"15280","1325","Ec_N",255,40,40,"Ec",8,1,1,1,0,0,0.887289570804412
"15281","1325","Ec_N",255,41,41,"Ec",8,1,1,1,0,0,0.887289570804412
"15282","1325","Ec_N",255,42,42,"Ec",8,1,1,1,0,0,0.887289570804412
"15283","1325","Ec_N",255,43,43,"Ec",8,1,1,1,0,0,0.887289570804412
"15284","1325","Ec_N",255,44,44,"Ec",8,1,1,1,0,0,0.887289570804412
"15285","1325","Ec_N",255,45,45,"Ec",8,1,1,1,0,0,0.887289570804412
"15286","1325","Ec_N",255,46,46,"Ec",8,1,1,1,0,0,0.887289570804412
"15287","1325","Ec_N",255,47,47,"Ec",8,1,1,1,0,0,0.887289570804412
"15288","1325","Ec_N",255,48,48,"Ec",8,1,1,1,0,0,0.887289570804412
"15289","1325","Ec_N",255,49,49,"Ec",8,1,1,1,0,0,0.887289570804412
"15290","1325","Ec_N",255,50,50,"Ec",8,1,1,1,0,0,0.887289570804412
"15291","1325","Ec_N",255,51,51,"Ec",8,1,1,1,0,0,0.887289570804412
"15292","1325","Ec_N",255,52,52,"Ec",8,1,1,1,0,0,0.887289570804412
"15293","1325","Ec_N",255,53,53,"Ec",8,1,1,1,0,0,0.887289570804412
"15294","1325","Ec_N",255,54,54,"Ec",8,1,1,1,0,0,0.887289570804412
"15295","1325","Ec_N",255,55,55,"Ec",8,1,1,1,0,0,0.887289570804412
"15296","1325","Ec_N",255,56,56,"Ec",8,1,1,1,0,0,0.887289570804412
"15297","1325","Ec_N",255,57,57,"Ec",8,1,1,1,0,0,0.887289570804412
"15298","1325","Ec_N",255,58,58,"Ec",8,1,1,1,0,0,0.887289570804412
"15299","1325","Ec_N",255,59,59,"Ec",8,1,1,1,0,0,0.887289570804412
"15300","1325","Ec_N",255,60,60,"Ec",8,1,1,1,0,0,0.887289570804412
"15301","1325","Ec_N",256,1,1,"Ec",1,0,0,0,0,0,0
"15302","1325","Ec_N",256,2,2,"Ec",1,0,0,0,0,0,0
"15303","1325","Ec_N",256,3,3,"Ec",1,0,0,0,0,0,0
"15304","1325","Ec_N",256,4,4,"Ec",1,0,0,0,0,0,0
"15305","1325","Ec_N",256,5,5,"Ec",1,0,0,0,0,0,0
"15306","1325","Ec_N",256,6,6,"Ec",1,0,0,0,0,0,0
"15307","1325","Ec_N",256,7,7,"Ec",1,0,0,0,0,0,0
"15308","1325","Ec_N",256,8,8,"Ec",1,0,0,0,0,0,0
"15309","1325","Ec_N",256,9,9,"Ec",1,0,0,0,0,0,0
"15310","1325","Ec_N",256,10,10,"Ec",1,0,0,0,0,0,0
"15311","1325","Ec_N",256,11,11,"Ec",1,0,0,0,0,0,0
"15312","1325","Ec_N",256,12,12,"Ec",1,0,0,0,0,0,0
"15313","1325","Ec_N",256,13,13,"Ec",1,0,0,0,0,0,0
"15314","1325","Ec_N",256,14,14,"Ec",1,0,0,0,0,0,0
"15315","1325","Ec_N",256,15,15,"Ec",1,0,0,0,0,0,0
"15316","1325","Ec_N",256,16,16,"Ec",1,0,0,0,0,0,0
"15317","1325","Ec_N",256,17,17,"Ec",1,0,0,0,0,0,0
"15318","1325","Ec_N",256,18,18,"Ec",1,0,0,0,0,0,0
"15319","1325","Ec_N",256,19,19,"Ec",5,0,0,1,0,0,0.159629028452195
"15320","1325","Ec_N",256,20,20,"Ec",5,0,0,1,0,0,0.159629028452195
"15321","1325","Ec_N",256,21,21,"Ec",21,0,0,1,0,1,0.223314973687545
"15322","1325","Ec_N",256,22,22,"Ec",23,0,1,1,0,1,0.57389469344254
"15323","1325","Ec_N",256,23,23,"Ec",23,0,1,1,0,1,0.57389469344254
"15324","1325","Ec_N",256,24,24,"Ec",31,0,1,1,1,1,0.6927777538956
"15325","1325","Ec_N",256,25,25,"Ec",31,0,1,1,1,1,0.6927777538956
"15326","1325","Ec_N",256,26,26,"Ec",31,0,1,1,1,1,0.6927777538956
"15327","1325","Ec_N",256,27,27,"Ec",32,1,1,1,1,1,1
"15328","1325","Ec_N",256,28,28,"Ec",32,1,1,1,1,1,1
"15329","1325","Ec_N",256,29,29,"Ec",32,1,1,1,1,1,1
"15330","1325","Ec_N",256,30,30,"Ec",32,1,1,1,1,1,1
"15331","1325","Ec_N",256,31,31,"Ec",32,1,1,1,1,1,1
"15332","1325","Ec_N",256,32,32,"Ec",32,1,1,1,1,1,1
"15333","1325","Ec_N",256,33,33,"Ec",32,1,1,1,1,1,1
"15334","1325","Ec_N",256,34,34,"Ec",32,1,1,1,1,1,1
"15335","1325","Ec_N",256,35,35,"Ec",32,1,1,1,1,1,1
"15336","1325","Ec_N",256,36,36,"Ec",32,1,1,1,1,1,1
"15337","1325","Ec_N",256,37,37,"Ec",32,1,1,1,1,1,1
"15338","1325","Ec_N",256,38,38,"Ec",32,1,1,1,1,1,1
"15339","1325","Ec_N",256,39,39,"Ec",32,1,1,1,1,1,1
"15340","1325","Ec_N",256,40,40,"Ec",32,1,1,1,1,1,1
"15341","1325","Ec_N",256,41,41,"Ec",32,1,1,1,1,1,1
"15342","1325","Ec_N",256,42,42,"Ec",32,1,1,1,1,1,1
"15343","1325","Ec_N",256,43,43,"Ec",32,1,1,1,1,1,1
"15344","1325","Ec_N",256,44,44,"Ec",32,1,1,1,1,1,1
"15345","1325","Ec_N",256,45,45,"Ec",32,1,1,1,1,1,1
"15346","1325","Ec_N",256,46,46,"Ec",32,1,1,1,1,1,1
"15347","1325","Ec_N",256,47,47,"Ec",32,1,1,1,1,1,1
"15348","1325","Ec_N",256,48,48,"Ec",32,1,1,1,1,1,1
"15349","1325","Ec_N",256,49,49,"Ec",32,1,1,1,1,1,1
"15350","1325","Ec_N",256,50,50,"Ec",32,1,1,1,1,1,1
"15351","1325","Ec_N",256,51,51,"Ec",32,1,1,1,1,1,1
"15352","1325","Ec_N",256,52,52,"Ec",32,1,1,1,1,1,1
"15353","1325","Ec_N",256,53,53,"Ec",32,1,1,1,1,1,1
"15354","1325","Ec_N",256,54,54,"Ec",32,1,1,1,1,1,1
"15355","1325","Ec_N",256,55,55,"Ec",32,1,1,1,1,1,1
"15356","1325","Ec_N",256,56,56,"Ec",32,1,1,1,1,1,1
"15357","1325","Ec_N",256,57,57,"Ec",32,1,1,1,1,1,1
"15358","1325","Ec_N",256,58,58,"Ec",32,1,1,1,1,1,1
"15359","1325","Ec_N",256,59,59,"Ec",32,1,1,1,1,1,1
"15360","1325","Ec_N",256,60,60,"Ec",32,1,1,1,1,1,1
"15361","1325","Ec_N",257,1,1,"Ec",1,0,0,0,0,0,0
"15362","1325","Ec_N",257,2,2,"Ec",1,0,0,0,0,0,0
"15363","1325","Ec_N",257,3,3,"Ec",1,0,0,0,0,0,0
"15364","1325","Ec_N",257,4,4,"Ec",1,0,0,0,0,0,0
"15365","1325","Ec_N",257,5,5,"Ec",1,0,0,0,0,0,0
"15366","1325","Ec_N",257,6,6,"Ec",1,0,0,0,0,0,0
"15367","1325","Ec_N",257,7,7,"Ec",1,0,0,0,0,0,0
"15368","1325","Ec_N",257,8,8,"Ec",1,0,0,0,0,0,0
"15369","1325","Ec_N",257,9,9,"Ec",1,0,0,0,0,0,0
"15370","1325","Ec_N",257,10,10,"Ec",1,0,0,0,0,0,0
"15371","1325","Ec_N",257,11,11,"Ec",1,0,0,0,0,0,0
"15372","1325","Ec_N",257,12,12,"Ec",1,0,0,0,0,0,0
"15373","1325","Ec_N",257,13,13,"Ec",1,0,0,0,0,0,0
"15374","1325","Ec_N",257,14,14,"Ec",1,0,0,0,0,0,0
"15375","1325","Ec_N",257,15,15,"Ec",1,0,0,0,0,0,0
"15376","1325","Ec_N",257,16,16,"Ec",1,0,0,0,0,0,0
"15377","1325","Ec_N",257,17,17,"Ec",1,0,0,0,0,0,0
"15378","1325","Ec_N",257,18,18,"Ec",1,0,0,0,0,0,0
"15379","1325","Ec_N",257,19,19,"Ec",1,0,0,0,0,0,0
"15380","1325","Ec_N",257,20,20,"Ec",1,0,0,0,0,0,0
"15381","1325","Ec_N",257,21,21,"Ec",1,0,0,0,0,0,0
"15382","1325","Ec_N",257,22,22,"Ec",2,1,0,0,0,0,0.3072222461044
"15383","1325","Ec_N",257,23,23,"Ec",2,1,0,0,0,0,0.3072222461044
"15384","1325","Ec_N",257,24,24,"Ec",2,1,0,0,0,0,0.3072222461044
"15385","1325","Ec_N",257,25,25,"Ec",2,1,0,0,0,0,0.3072222461044
"15386","1325","Ec_N",257,26,26,"Ec",2,1,0,0,0,0,0.3072222461044
"15387","1325","Ec_N",257,27,27,"Ec",2,1,0,0,0,0,0.3072222461044
"15388","1325","Ec_N",257,28,28,"Ec",2,1,0,0,0,0,0.3072222461044
"15389","1325","Ec_N",257,29,29,"Ec",2,1,0,0,0,0,0.3072222461044
"15390","1325","Ec_N",257,30,30,"Ec",10,1,0,0,1,0,0.356246730064637
"15391","1325","Ec_N",257,31,31,"Ec",10,1,0,0,1,0,0.356246730064637
"15392","1325","Ec_N",257,32,32,"Ec",10,1,0,0,1,0,0.356246730064637
"15393","1325","Ec_N",257,33,33,"Ec",10,1,0,0,1,0,0.356246730064637
"15394","1325","Ec_N",257,34,34,"Ec",10,1,0,0,1,0,0.356246730064637
"15395","1325","Ec_N",257,35,35,"Ec",10,1,0,0,1,0,0.356246730064637
"15396","1325","Ec_N",257,36,36,"Ec",10,1,0,0,1,0,0.356246730064637
"15397","1325","Ec_N",257,37,37,"Ec",10,1,0,0,1,0,0.356246730064637
"15398","1325","Ec_N",257,38,38,"Ec",10,1,0,0,1,0,0.356246730064637
"15399","1325","Ec_N",257,39,39,"Ec",10,1,0,0,1,0,0.356246730064637
"15400","1325","Ec_N",257,40,40,"Ec",10,1,0,0,1,0,0.356246730064637
"15401","1325","Ec_N",257,41,41,"Ec",10,1,0,0,1,0,0.356246730064637
"15402","1325","Ec_N",257,42,42,"Ec",10,1,0,0,1,0,0.356246730064637
"15403","1325","Ec_N",257,43,43,"Ec",10,1,0,0,1,0,0.356246730064637
"15404","1325","Ec_N",257,44,44,"Ec",10,1,0,0,1,0,0.356246730064637
"15405","1325","Ec_N",257,45,45,"Ec",10,1,0,0,1,0,0.356246730064637
"15406","1325","Ec_N",257,46,46,"Ec",10,1,0,0,1,0,0.356246730064637
"15407","1325","Ec_N",257,47,47,"Ec",10,1,0,0,1,0,0.356246730064637
"15408","1325","Ec_N",257,48,48,"Ec",10,1,0,0,1,0,0.356246730064637
"15409","1325","Ec_N",257,49,49,"Ec",10,1,0,0,1,0,0.356246730064637
"15410","1325","Ec_N",257,50,50,"Ec",10,1,0,0,1,0,0.356246730064637
"15411","1325","Ec_N",257,51,51,"Ec",10,1,0,0,1,0,0.356246730064637
"15412","1325","Ec_N",257,52,52,"Ec",10,1,0,0,1,0,0.356246730064637
"15413","1325","Ec_N",257,53,53,"Ec",10,1,0,0,1,0,0.356246730064637
"15414","1325","Ec_N",257,54,54,"Ec",10,1,0,0,1,0,0.356246730064637
"15415","1325","Ec_N",257,55,55,"Ec",10,1,0,0,1,0,0.356246730064637
"15416","1325","Ec_N",257,56,56,"Ec",10,1,0,0,1,0,0.356246730064637
"15417","1325","Ec_N",257,57,57,"Ec",10,1,0,0,1,0,0.356246730064637
"15418","1325","Ec_N",257,58,58,"Ec",10,1,0,0,1,0,0.356246730064637
"15419","1325","Ec_N",257,59,59,"Ec",10,1,0,0,1,0,0.356246730064637
"15420","1325","Ec_N",257,60,60,"Ec",10,1,0,0,1,0,0.356246730064637
"15421","1325","Ec_N",258,1,1,"Ec",1,0,0,0,0,0,0
"15422","1325","Ec_N",258,2,2,"Ec",1,0,0,0,0,0,0
"15423","1325","Ec_N",258,3,3,"Ec",1,0,0,0,0,0,0
"15424","1325","Ec_N",258,4,4,"Ec",1,0,0,0,0,0,0
"15425","1325","Ec_N",258,5,5,"Ec",1,0,0,0,0,0,0
"15426","1325","Ec_N",258,6,6,"Ec",1,0,0,0,0,0,0
"15427","1325","Ec_N",258,7,7,"Ec",1,0,0,0,0,0,0
"15428","1325","Ec_N",258,8,8,"Ec",5,0,0,1,0,0,0.159629028452195
"15429","1325","Ec_N",258,9,9,"Ec",5,0,0,1,0,0,0.159629028452195
"15430","1325","Ec_N",258,10,10,"Ec",5,0,0,1,0,0,0.159629028452195
"15431","1325","Ec_N",258,11,11,"Ec",5,0,0,1,0,0,0.159629028452195
"15432","1325","Ec_N",258,12,12,"Ec",13,0,0,1,1,0,0.208653512412432
"15433","1325","Ec_N",258,13,13,"Ec",13,0,0,1,1,0,0.208653512412432
"15434","1325","Ec_N",258,14,14,"Ec",13,0,0,1,1,0,0.208653512412432
"15435","1325","Ec_N",258,15,15,"Ec",13,0,0,1,1,0,0.208653512412432
"15436","1325","Ec_N",258,16,16,"Ec",13,0,0,1,1,0,0.208653512412432
"15437","1325","Ec_N",258,17,17,"Ec",13,0,0,1,1,0,0.208653512412432
"15438","1325","Ec_N",258,18,18,"Ec",13,0,0,1,1,0,0.208653512412432
"15439","1325","Ec_N",258,19,19,"Ec",13,0,0,1,1,0,0.208653512412432
"15440","1325","Ec_N",258,20,20,"Ec",13,0,0,1,1,0,0.208653512412432
"15441","1325","Ec_N",258,21,21,"Ec",14,1,0,1,1,0,0.479175264165032
"15442","1325","Ec_N",258,22,22,"Ec",14,1,0,1,1,0,0.479175264165032
"15443","1325","Ec_N",258,23,23,"Ec",14,1,0,1,1,0,0.479175264165032
"15444","1325","Ec_N",258,24,24,"Ec",14,1,0,1,1,0,0.479175264165032
"15445","1325","Ec_N",258,25,25,"Ec",14,1,0,1,1,0,0.479175264165032
"15446","1325","Ec_N",258,26,26,"Ec",14,1,0,1,1,0,0.479175264165032
"15447","1325","Ec_N",258,27,27,"Ec",14,1,0,1,1,0,0.479175264165032
"15448","1325","Ec_N",258,28,28,"Ec",16,1,1,1,1,0,0.93631405476465
"15449","1325","Ec_N",258,29,29,"Ec",16,1,1,1,1,0,0.93631405476465
"15450","1325","Ec_N",258,30,30,"Ec",16,1,1,1,1,0,0.93631405476465
"15451","1325","Ec_N",258,31,31,"Ec",16,1,1,1,1,0,0.93631405476465
"15452","1325","Ec_N",258,32,32,"Ec",16,1,1,1,1,0,0.93631405476465
"15453","1325","Ec_N",258,33,33,"Ec",16,1,1,1,1,0,0.93631405476465
"15454","1325","Ec_N",258,34,34,"Ec",16,1,1,1,1,0,0.93631405476465
"15455","1325","Ec_N",258,35,35,"Ec",16,1,1,1,1,0,0.93631405476465
"15456","1325","Ec_N",258,36,36,"Ec",16,1,1,1,1,0,0.93631405476465
"15457","1325","Ec_N",258,37,37,"Ec",16,1,1,1,1,0,0.93631405476465
"15458","1325","Ec_N",258,38,38,"Ec",16,1,1,1,1,0,0.93631405476465
"15459","1325","Ec_N",258,39,39,"Ec",16,1,1,1,1,0,0.93631405476465
"15460","1325","Ec_N",258,40,40,"Ec",16,1,1,1,1,0,0.93631405476465
"15461","1325","Ec_N",258,41,41,"Ec",16,1,1,1,1,0,0.93631405476465
"15462","1325","Ec_N",258,42,42,"Ec",16,1,1,1,1,0,0.93631405476465
"15463","1325","Ec_N",258,43,43,"Ec",16,1,1,1,1,0,0.93631405476465
"15464","1325","Ec_N",258,44,44,"Ec",16,1,1,1,1,0,0.93631405476465
"15465","1325","Ec_N",258,45,45,"Ec",16,1,1,1,1,0,0.93631405476465
"15466","1325","Ec_N",258,46,46,"Ec",16,1,1,1,1,0,0.93631405476465
"15467","1325","Ec_N",258,47,47,"Ec",16,1,1,1,1,0,0.93631405476465
"15468","1325","Ec_N",258,48,48,"Ec",16,1,1,1,1,0,0.93631405476465
"15469","1325","Ec_N",258,49,49,"Ec",16,1,1,1,1,0,0.93631405476465
"15470","1325","Ec_N",258,50,50,"Ec",16,1,1,1,1,0,0.93631405476465
"15471","1325","Ec_N",258,51,51,"Ec",16,1,1,1,1,0,0.93631405476465
"15472","1325","Ec_N",258,52,52,"Ec",16,1,1,1,1,0,0.93631405476465
"15473","1325","Ec_N",258,53,53,"Ec",16,1,1,1,1,0,0.93631405476465
"15474","1325","Ec_N",258,54,54,"Ec",16,1,1,1,1,0,0.93631405476465
"15475","1325","Ec_N",258,55,55,"Ec",16,1,1,1,1,0,0.93631405476465
"15476","1325","Ec_N",258,56,56,"Ec",16,1,1,1,1,0,0.93631405476465
"15477","1325","Ec_N",258,57,57,"Ec",16,1,1,1,1,0,0.93631405476465
"15478","1325","Ec_N",258,58,58,"Ec",16,1,1,1,1,0,0.93631405476465
"15479","1325","Ec_N",258,59,59,"Ec",16,1,1,1,1,0,0.93631405476465
"15480","1325","Ec_N",258,60,60,"Ec",16,1,1,1,1,0,0.93631405476465
"15481","1325","Ec_N",259,1,1,"Ec",1,0,0,0,0,0,0
"15482","1325","Ec_N",259,2,2,"Ec",1,0,0,0,0,0,0
"15483","1325","Ec_N",259,3,3,"Ec",1,0,0,0,0,0,0
"15484","1325","Ec_N",259,4,4,"Ec",17,0,0,0,0,1,0.0636859452353503
"15485","1325","Ec_N",259,5,5,"Ec",25,0,0,0,1,1,0.112710429195588
"15486","1325","Ec_N",259,6,6,"Ec",25,0,0,0,1,1,0.112710429195588
"15487","1325","Ec_N",259,7,7,"Ec",25,0,0,0,1,1,0.112710429195588
"15488","1325","Ec_N",259,8,8,"Ec",25,0,0,0,1,1,0.112710429195588
"15489","1325","Ec_N",259,9,9,"Ec",25,0,0,0,1,1,0.112710429195588
"15490","1325","Ec_N",259,10,10,"Ec",25,0,0,0,1,1,0.112710429195588
"15491","1325","Ec_N",259,11,11,"Ec",25,0,0,0,1,1,0.112710429195588
"15492","1325","Ec_N",259,12,12,"Ec",25,0,0,0,1,1,0.112710429195588
"15493","1325","Ec_N",259,13,13,"Ec",25,0,0,0,1,1,0.112710429195588
"15494","1325","Ec_N",259,14,14,"Ec",26,1,0,0,1,1,0.419932675299988
"15495","1325","Ec_N",259,15,15,"Ec",26,1,0,0,1,1,0.419932675299988
"15496","1325","Ec_N",259,16,16,"Ec",26,1,0,0,1,1,0.419932675299988
"15497","1325","Ec_N",259,17,17,"Ec",26,1,0,0,1,1,0.419932675299988
"15498","1325","Ec_N",259,18,18,"Ec",26,1,0,0,1,1,0.419932675299988
"15499","1325","Ec_N",259,19,19,"Ec",26,1,0,0,1,1,0.419932675299988
"15500","1325","Ec_N",259,20,20,"Ec",26,1,0,0,1,1,0.419932675299988
"15501","1325","Ec_N",259,21,21,"Ec",26,1,0,0,1,1,0.419932675299988
"15502","1325","Ec_N",259,22,22,"Ec",26,1,0,0,1,1,0.419932675299988
"15503","1325","Ec_N",259,23,23,"Ec",26,1,0,0,1,1,0.419932675299988
"15504","1325","Ec_N",259,24,24,"Ec",26,1,0,0,1,1,0.419932675299988
"15505","1325","Ec_N",259,25,25,"Ec",26,1,0,0,1,1,0.419932675299988
"15506","1325","Ec_N",259,26,26,"Ec",26,1,0,0,1,1,0.419932675299988
"15507","1325","Ec_N",259,27,27,"Ec",26,1,0,0,1,1,0.419932675299988
"15508","1325","Ec_N",259,28,28,"Ec",26,1,0,0,1,1,0.419932675299988
"15509","1325","Ec_N",259,29,29,"Ec",26,1,0,0,1,1,0.419932675299988
"15510","1325","Ec_N",259,30,30,"Ec",26,1,0,0,1,1,0.419932675299988
"15511","1325","Ec_N",259,31,31,"Ec",26,1,0,0,1,1,0.419932675299988
"15512","1325","Ec_N",259,32,32,"Ec",26,1,0,0,1,1,0.419932675299988
"15513","1325","Ec_N",259,33,33,"Ec",26,1,0,0,1,1,0.419932675299988
"15514","1325","Ec_N",259,34,34,"Ec",26,1,0,0,1,1,0.419932675299988
"15515","1325","Ec_N",259,35,35,"Ec",26,1,0,0,1,1,0.419932675299988
"15516","1325","Ec_N",259,36,36,"Ec",26,1,0,0,1,1,0.419932675299988
"15517","1325","Ec_N",259,37,37,"Ec",26,1,0,0,1,1,0.419932675299988
"15518","1325","Ec_N",259,38,38,"Ec",26,1,0,0,1,1,0.419932675299988
"15519","1325","Ec_N",259,39,39,"Ec",26,1,0,0,1,1,0.419932675299988
"15520","1325","Ec_N",259,40,40,"Ec",26,1,0,0,1,1,0.419932675299988
"15521","1325","Ec_N",259,41,41,"Ec",26,1,0,0,1,1,0.419932675299988
"15522","1325","Ec_N",259,42,42,"Ec",26,1,0,0,1,1,0.419932675299988
"15523","1325","Ec_N",259,43,43,"Ec",26,1,0,0,1,1,0.419932675299988
"15524","1325","Ec_N",259,44,44,"Ec",26,1,0,0,1,1,0.419932675299988
"15525","1325","Ec_N",259,45,45,"Ec",26,1,0,0,1,1,0.419932675299988
"15526","1325","Ec_N",259,46,46,"Ec",28,1,1,0,1,1,0.815884725734249
"15527","1325","Ec_N",259,47,47,"Ec",28,1,1,0,1,1,0.815884725734249
"15528","1325","Ec_N",259,48,48,"Ec",28,1,1,0,1,1,0.815884725734249
"15529","1325","Ec_N",259,49,49,"Ec",28,1,1,0,1,1,0.815884725734249
"15530","1325","Ec_N",259,50,50,"Ec",28,1,1,0,1,1,0.815884725734249
"15531","1325","Ec_N",259,51,51,"Ec",28,1,1,0,1,1,0.815884725734249
"15532","1325","Ec_N",259,52,52,"Ec",28,1,1,0,1,1,0.815884725734249
"15533","1325","Ec_N",259,53,53,"Ec",28,1,1,0,1,1,0.815884725734249
"15534","1325","Ec_N",259,54,54,"Ec",28,1,1,0,1,1,0.815884725734249
"15535","1325","Ec_N",259,55,55,"Ec",28,1,1,0,1,1,0.815884725734249
"15536","1325","Ec_N",259,56,56,"Ec",28,1,1,0,1,1,0.815884725734249
"15537","1325","Ec_N",259,57,57,"Ec",28,1,1,0,1,1,0.815884725734249
"15538","1325","Ec_N",259,58,58,"Ec",28,1,1,0,1,1,0.815884725734249
"15539","1325","Ec_N",259,59,59,"Ec",28,1,1,0,1,1,0.815884725734249
"15540","1325","Ec_N",259,60,60,"Ec",28,1,1,0,1,1,0.815884725734249
"15541","1325","Ec_N",260,1,1,"Ec",1,0,0,0,0,0,0
"15542","1325","Ec_N",260,2,2,"Ec",1,0,0,0,0,0,0
"15543","1325","Ec_N",260,3,3,"Ec",5,0,0,1,0,0,0.159629028452195
"15544","1325","Ec_N",260,4,4,"Ec",5,0,0,1,0,0,0.159629028452195
"15545","1325","Ec_N",260,5,5,"Ec",5,0,0,1,0,0,0.159629028452195
"15546","1325","Ec_N",260,6,6,"Ec",5,0,0,1,0,0,0.159629028452195
"15547","1325","Ec_N",260,7,7,"Ec",5,0,0,1,0,0,0.159629028452195
"15548","1325","Ec_N",260,8,8,"Ec",5,0,0,1,0,0,0.159629028452195
"15549","1325","Ec_N",260,9,9,"Ec",7,0,1,1,0,0,0.580067324700012
"15550","1325","Ec_N",260,10,10,"Ec",7,0,1,1,0,0,0.580067324700012
"15551","1325","Ec_N",260,11,11,"Ec",7,0,1,1,0,0,0.580067324700012
"15552","1325","Ec_N",260,12,12,"Ec",7,0,1,1,0,0,0.580067324700012
"15553","1325","Ec_N",260,13,13,"Ec",7,0,1,1,0,0,0.580067324700012
"15554","1325","Ec_N",260,14,14,"Ec",8,1,1,1,0,0,0.887289570804412
"15555","1325","Ec_N",260,15,15,"Ec",8,1,1,1,0,0,0.887289570804412
"15556","1325","Ec_N",260,16,16,"Ec",8,1,1,1,0,0,0.887289570804412
"15557","1325","Ec_N",260,17,17,"Ec",8,1,1,1,0,0,0.887289570804412
"15558","1325","Ec_N",260,18,18,"Ec",8,1,1,1,0,0,0.887289570804412
"15559","1325","Ec_N",260,19,19,"Ec",8,1,1,1,0,0,0.887289570804412
"15560","1325","Ec_N",260,20,20,"Ec",8,1,1,1,0,0,0.887289570804412
"15561","1325","Ec_N",260,21,21,"Ec",8,1,1,1,0,0,0.887289570804412
"15562","1325","Ec_N",260,22,22,"Ec",8,1,1,1,0,0,0.887289570804412
"15563","1325","Ec_N",260,23,23,"Ec",8,1,1,1,0,0,0.887289570804412
"15564","1325","Ec_N",260,24,24,"Ec",8,1,1,1,0,0,0.887289570804412
"15565","1325","Ec_N",260,25,25,"Ec",16,1,1,1,1,0,0.93631405476465
"15566","1325","Ec_N",260,26,26,"Ec",16,1,1,1,1,0,0.93631405476465
"15567","1325","Ec_N",260,27,27,"Ec",16,1,1,1,1,0,0.93631405476465
"15568","1325","Ec_N",260,28,28,"Ec",32,1,1,1,1,1,1
"15569","1325","Ec_N",260,29,29,"Ec",32,1,1,1,1,1,1
"15570","1325","Ec_N",260,30,30,"Ec",32,1,1,1,1,1,1
"15571","1325","Ec_N",260,31,31,"Ec",32,1,1,1,1,1,1
"15572","1325","Ec_N",260,32,32,"Ec",32,1,1,1,1,1,1
"15573","1325","Ec_N",260,33,33,"Ec",32,1,1,1,1,1,1
"15574","1325","Ec_N",260,34,34,"Ec",32,1,1,1,1,1,1
"15575","1325","Ec_N",260,35,35,"Ec",32,1,1,1,1,1,1
"15576","1325","Ec_N",260,36,36,"Ec",32,1,1,1,1,1,1
"15577","1325","Ec_N",260,37,37,"Ec",32,1,1,1,1,1,1
"15578","1325","Ec_N",260,38,38,"Ec",32,1,1,1,1,1,1
"15579","1325","Ec_N",260,39,39,"Ec",32,1,1,1,1,1,1
"15580","1325","Ec_N",260,40,40,"Ec",32,1,1,1,1,1,1
"15581","1325","Ec_N",260,41,41,"Ec",32,1,1,1,1,1,1
"15582","1325","Ec_N",260,42,42,"Ec",32,1,1,1,1,1,1
"15583","1325","Ec_N",260,43,43,"Ec",32,1,1,1,1,1,1
"15584","1325","Ec_N",260,44,44,"Ec",32,1,1,1,1,1,1
"15585","1325","Ec_N",260,45,45,"Ec",32,1,1,1,1,1,1
"15586","1325","Ec_N",260,46,46,"Ec",32,1,1,1,1,1,1
"15587","1325","Ec_N",260,47,47,"Ec",32,1,1,1,1,1,1
"15588","1325","Ec_N",260,48,48,"Ec",32,1,1,1,1,1,1
"15589","1325","Ec_N",260,49,49,"Ec",32,1,1,1,1,1,1
"15590","1325","Ec_N",260,50,50,"Ec",32,1,1,1,1,1,1
"15591","1325","Ec_N",260,51,51,"Ec",32,1,1,1,1,1,1
"15592","1325","Ec_N",260,52,52,"Ec",32,1,1,1,1,1,1
"15593","1325","Ec_N",260,53,53,"Ec",32,1,1,1,1,1,1
"15594","1325","Ec_N",260,54,54,"Ec",32,1,1,1,1,1,1
"15595","1325","Ec_N",260,55,55,"Ec",32,1,1,1,1,1,1
"15596","1325","Ec_N",260,56,56,"Ec",32,1,1,1,1,1,1
"15597","1325","Ec_N",260,57,57,"Ec",32,1,1,1,1,1,1
"15598","1325","Ec_N",260,58,58,"Ec",32,1,1,1,1,1,1
"15599","1325","Ec_N",260,59,59,"Ec",32,1,1,1,1,1,1
"15600","1325","Ec_N",260,60,60,"Ec",32,1,1,1,1,1,1
"15601","1325","Ec_N",261,1,1,"Ec",1,0,0,0,0,0,0
"15602","1325","Ec_N",261,2,2,"Ec",1,0,0,0,0,0,0
"15603","1325","Ec_N",261,3,3,"Ec",1,0,0,0,0,0,0
"15604","1325","Ec_N",261,4,4,"Ec",1,0,0,0,0,0,0
"15605","1325","Ec_N",261,5,5,"Ec",2,1,0,0,0,0,0.3072222461044
"15606","1325","Ec_N",261,6,6,"Ec",2,1,0,0,0,0,0.3072222461044
"15607","1325","Ec_N",261,7,7,"Ec",18,1,0,0,0,1,0.37090819133975
"15608","1325","Ec_N",261,8,8,"Ec",18,1,0,0,0,1,0.37090819133975
"15609","1325","Ec_N",261,9,9,"Ec",18,1,0,0,0,1,0.37090819133975
"15610","1325","Ec_N",261,10,10,"Ec",18,1,0,0,0,1,0.37090819133975
"15611","1325","Ec_N",261,11,11,"Ec",18,1,0,0,0,1,0.37090819133975
"15612","1325","Ec_N",261,12,12,"Ec",18,1,0,0,0,1,0.37090819133975
"15613","1325","Ec_N",261,13,13,"Ec",18,1,0,0,0,1,0.37090819133975
"15614","1325","Ec_N",261,14,14,"Ec",18,1,0,0,0,1,0.37090819133975
"15615","1325","Ec_N",261,15,15,"Ec",18,1,0,0,0,1,0.37090819133975
"15616","1325","Ec_N",261,16,16,"Ec",18,1,0,0,0,1,0.37090819133975
"15617","1325","Ec_N",261,17,17,"Ec",18,1,0,0,0,1,0.37090819133975
"15618","1325","Ec_N",261,18,18,"Ec",18,1,0,0,0,1,0.37090819133975
"15619","1325","Ec_N",261,19,19,"Ec",20,1,1,0,0,1,0.791346487587567
"15620","1325","Ec_N",261,20,20,"Ec",28,1,1,0,1,1,0.815884725734249
"15621","1325","Ec_N",261,21,21,"Ec",28,1,1,0,1,1,0.815884725734249
"15622","1325","Ec_N",261,22,22,"Ec",28,1,1,0,1,1,0.815884725734249
"15623","1325","Ec_N",261,23,23,"Ec",28,1,1,0,1,1,0.815884725734249
"15624","1325","Ec_N",261,24,24,"Ec",28,1,1,0,1,1,0.815884725734249
"15625","1325","Ec_N",261,25,25,"Ec",28,1,1,0,1,1,0.815884725734249
"15626","1325","Ec_N",261,26,26,"Ec",28,1,1,0,1,1,0.815884725734249
"15627","1325","Ec_N",261,27,27,"Ec",28,1,1,0,1,1,0.815884725734249
"15628","1325","Ec_N",261,28,28,"Ec",28,1,1,0,1,1,0.815884725734249
"15629","1325","Ec_N",261,29,29,"Ec",28,1,1,0,1,1,0.815884725734249
"15630","1325","Ec_N",261,30,30,"Ec",28,1,1,0,1,1,0.815884725734249
"15631","1325","Ec_N",261,31,31,"Ec",28,1,1,0,1,1,0.815884725734249
"15632","1325","Ec_N",261,32,32,"Ec",28,1,1,0,1,1,0.815884725734249
"15633","1325","Ec_N",261,33,33,"Ec",28,1,1,0,1,1,0.815884725734249
"15634","1325","Ec_N",261,34,34,"Ec",28,1,1,0,1,1,0.815884725734249
"15635","1325","Ec_N",261,35,35,"Ec",28,1,1,0,1,1,0.815884725734249
"15636","1325","Ec_N",261,36,36,"Ec",28,1,1,0,1,1,0.815884725734249
"15637","1325","Ec_N",261,37,37,"Ec",28,1,1,0,1,1,0.815884725734249
"15638","1325","Ec_N",261,38,38,"Ec",28,1,1,0,1,1,0.815884725734249
"15639","1325","Ec_N",261,39,39,"Ec",28,1,1,0,1,1,0.815884725734249
"15640","1325","Ec_N",261,40,40,"Ec",28,1,1,0,1,1,0.815884725734249
"15641","1325","Ec_N",261,41,41,"Ec",28,1,1,0,1,1,0.815884725734249
"15642","1325","Ec_N",261,42,42,"Ec",28,1,1,0,1,1,0.815884725734249
"15643","1325","Ec_N",261,43,43,"Ec",28,1,1,0,1,1,0.815884725734249
"15644","1325","Ec_N",261,44,44,"Ec",28,1,1,0,1,1,0.815884725734249
"15645","1325","Ec_N",261,45,45,"Ec",28,1,1,0,1,1,0.815884725734249
"15646","1325","Ec_N",261,46,46,"Ec",28,1,1,0,1,1,0.815884725734249
"15647","1325","Ec_N",261,47,47,"Ec",28,1,1,0,1,1,0.815884725734249
"15648","1325","Ec_N",261,48,48,"Ec",28,1,1,0,1,1,0.815884725734249
"15649","1325","Ec_N",261,49,49,"Ec",28,1,1,0,1,1,0.815884725734249
"15650","1325","Ec_N",261,50,50,"Ec",28,1,1,0,1,1,0.815884725734249
"15651","1325","Ec_N",261,51,51,"Ec",28,1,1,0,1,1,0.815884725734249
"15652","1325","Ec_N",261,52,52,"Ec",28,1,1,0,1,1,0.815884725734249
"15653","1325","Ec_N",261,53,53,"Ec",28,1,1,0,1,1,0.815884725734249
"15654","1325","Ec_N",261,54,54,"Ec",28,1,1,0,1,1,0.815884725734249
"15655","1325","Ec_N",261,55,55,"Ec",28,1,1,0,1,1,0.815884725734249
"15656","1325","Ec_N",261,56,56,"Ec",28,1,1,0,1,1,0.815884725734249
"15657","1325","Ec_N",261,57,57,"Ec",28,1,1,0,1,1,0.815884725734249
"15658","1325","Ec_N",261,58,58,"Ec",28,1,1,0,1,1,0.815884725734249
"15659","1325","Ec_N",261,59,59,"Ec",28,1,1,0,1,1,0.815884725734249
"15660","1325","Ec_N",261,60,60,"Ec",28,1,1,0,1,1,0.815884725734249
"15661","1325","Ec_N",262,1,1,"Ec",1,0,0,0,0,0,0
"15662","1325","Ec_N",262,2,2,"Ec",1,0,0,0,0,0,0
"15663","1325","Ec_N",262,3,3,"Ec",1,0,0,0,0,0,0
"15664","1325","Ec_N",262,4,4,"Ec",3,0,1,0,0,0,0.420438296247818
"15665","1325","Ec_N",262,5,5,"Ec",3,0,1,0,0,0,0.420438296247818
"15666","1325","Ec_N",262,6,6,"Ec",3,0,1,0,0,0,0.420438296247818
"15667","1325","Ec_N",262,7,7,"Ec",11,0,1,0,1,0,0.503461616060769
"15668","1325","Ec_N",262,8,8,"Ec",11,0,1,0,1,0,0.503461616060769
"15669","1325","Ec_N",262,9,9,"Ec",12,1,1,0,1,0,0.776685026312455
"15670","1325","Ec_N",262,10,10,"Ec",12,1,1,0,1,0,0.776685026312455
"15671","1325","Ec_N",262,11,11,"Ec",12,1,1,0,1,0,0.776685026312455
"15672","1325","Ec_N",262,12,12,"Ec",12,1,1,0,1,0,0.776685026312455
"15673","1325","Ec_N",262,13,13,"Ec",12,1,1,0,1,0,0.776685026312455
"15674","1325","Ec_N",262,14,14,"Ec",12,1,1,0,1,0,0.776685026312455
"15675","1325","Ec_N",262,15,15,"Ec",12,1,1,0,1,0,0.776685026312455
"15676","1325","Ec_N",262,16,16,"Ec",28,1,1,0,1,1,0.815884725734249
"15677","1325","Ec_N",262,17,17,"Ec",28,1,1,0,1,1,0.815884725734249
"15678","1325","Ec_N",262,18,18,"Ec",28,1,1,0,1,1,0.815884725734249
"15679","1325","Ec_N",262,19,19,"Ec",28,1,1,0,1,1,0.815884725734249
"15680","1325","Ec_N",262,20,20,"Ec",28,1,1,0,1,1,0.815884725734249
"15681","1325","Ec_N",262,21,21,"Ec",28,1,1,0,1,1,0.815884725734249
"15682","1325","Ec_N",262,22,22,"Ec",28,1,1,0,1,1,0.815884725734249
"15683","1325","Ec_N",262,23,23,"Ec",28,1,1,0,1,1,0.815884725734249
"15684","1325","Ec_N",262,24,24,"Ec",28,1,1,0,1,1,0.815884725734249
"15685","1325","Ec_N",262,25,25,"Ec",28,1,1,0,1,1,0.815884725734249
"15686","1325","Ec_N",262,26,26,"Ec",28,1,1,0,1,1,0.815884725734249
"15687","1325","Ec_N",262,27,27,"Ec",28,1,1,0,1,1,0.815884725734249
"15688","1325","Ec_N",262,28,28,"Ec",28,1,1,0,1,1,0.815884725734249
"15689","1325","Ec_N",262,29,29,"Ec",28,1,1,0,1,1,0.815884725734249
"15690","1325","Ec_N",262,30,30,"Ec",28,1,1,0,1,1,0.815884725734249
"15691","1325","Ec_N",262,31,31,"Ec",28,1,1,0,1,1,0.815884725734249
"15692","1325","Ec_N",262,32,32,"Ec",28,1,1,0,1,1,0.815884725734249
"15693","1325","Ec_N",262,33,33,"Ec",28,1,1,0,1,1,0.815884725734249
"15694","1325","Ec_N",262,34,34,"Ec",28,1,1,0,1,1,0.815884725734249
"15695","1325","Ec_N",262,35,35,"Ec",28,1,1,0,1,1,0.815884725734249
"15696","1325","Ec_N",262,36,36,"Ec",28,1,1,0,1,1,0.815884725734249
"15697","1325","Ec_N",262,37,37,"Ec",28,1,1,0,1,1,0.815884725734249
"15698","1325","Ec_N",262,38,38,"Ec",28,1,1,0,1,1,0.815884725734249
"15699","1325","Ec_N",262,39,39,"Ec",28,1,1,0,1,1,0.815884725734249
"15700","1325","Ec_N",262,40,40,"Ec",28,1,1,0,1,1,0.815884725734249
"15701","1325","Ec_N",262,41,41,"Ec",28,1,1,0,1,1,0.815884725734249
"15702","1325","Ec_N",262,42,42,"Ec",28,1,1,0,1,1,0.815884725734249
"15703","1325","Ec_N",262,43,43,"Ec",28,1,1,0,1,1,0.815884725734249
"15704","1325","Ec_N",262,44,44,"Ec",28,1,1,0,1,1,0.815884725734249
"15705","1325","Ec_N",262,45,45,"Ec",28,1,1,0,1,1,0.815884725734249
"15706","1325","Ec_N",262,46,46,"Ec",28,1,1,0,1,1,0.815884725734249
"15707","1325","Ec_N",262,47,47,"Ec",28,1,1,0,1,1,0.815884725734249
"15708","1325","Ec_N",262,48,48,"Ec",28,1,1,0,1,1,0.815884725734249
"15709","1325","Ec_N",262,49,49,"Ec",28,1,1,0,1,1,0.815884725734249
"15710","1325","Ec_N",262,50,50,"Ec",28,1,1,0,1,1,0.815884725734249
"15711","1325","Ec_N",262,51,51,"Ec",28,1,1,0,1,1,0.815884725734249
"15712","1325","Ec_N",262,52,52,"Ec",28,1,1,0,1,1,0.815884725734249
"15713","1325","Ec_N",262,53,53,"Ec",28,1,1,0,1,1,0.815884725734249
"15714","1325","Ec_N",262,54,54,"Ec",28,1,1,0,1,1,0.815884725734249
"15715","1325","Ec_N",262,55,55,"Ec",28,1,1,0,1,1,0.815884725734249
"15716","1325","Ec_N",262,56,56,"Ec",32,1,1,1,1,1,1
"15717","1325","Ec_N",262,57,57,"Ec",32,1,1,1,1,1,1
"15718","1325","Ec_N",262,58,58,"Ec",32,1,1,1,1,1,1
"15719","1325","Ec_N",262,59,59,"Ec",32,1,1,1,1,1,1
"15720","1325","Ec_N",262,60,60,"Ec",32,1,1,1,1,1,1
"15721","1325","Ec_N",263,1,1,"Ec",1,0,0,0,0,0,0
"15722","1325","Ec_N",263,2,2,"Ec",5,0,0,1,0,0,0.159629028452195
"15723","1325","Ec_N",263,3,3,"Ec",5,0,0,1,0,0,0.159629028452195
"15724","1325","Ec_N",263,4,4,"Ec",5,0,0,1,0,0,0.159629028452195
"15725","1325","Ec_N",263,5,5,"Ec",5,0,0,1,0,0,0.159629028452195
"15726","1325","Ec_N",263,6,6,"Ec",5,0,0,1,0,0,0.159629028452195
"15727","1325","Ec_N",263,7,7,"Ec",5,0,0,1,0,0,0.159629028452195
"15728","1325","Ec_N",263,8,8,"Ec",7,0,1,1,0,0,0.580067324700012
"15729","1325","Ec_N",263,9,9,"Ec",7,0,1,1,0,0,0.580067324700012
"15730","1325","Ec_N",263,10,10,"Ec",7,0,1,1,0,0,0.580067324700012
"15731","1325","Ec_N",263,11,11,"Ec",15,0,1,1,1,0,0.62909180866025
"15732","1325","Ec_N",263,12,12,"Ec",15,0,1,1,1,0,0.62909180866025
"15733","1325","Ec_N",263,13,13,"Ec",15,0,1,1,1,0,0.62909180866025
"15734","1325","Ec_N",263,14,14,"Ec",15,0,1,1,1,0,0.62909180866025
"15735","1325","Ec_N",263,15,15,"Ec",15,0,1,1,1,0,0.62909180866025
"15736","1325","Ec_N",263,16,16,"Ec",15,0,1,1,1,0,0.62909180866025
"15737","1325","Ec_N",263,17,17,"Ec",15,0,1,1,1,0,0.62909180866025
"15738","1325","Ec_N",263,18,18,"Ec",15,0,1,1,1,0,0.62909180866025
"15739","1325","Ec_N",263,19,19,"Ec",15,0,1,1,1,0,0.62909180866025
"15740","1325","Ec_N",263,20,20,"Ec",15,0,1,1,1,0,0.62909180866025
"15741","1325","Ec_N",263,21,21,"Ec",15,0,1,1,1,0,0.62909180866025
"15742","1325","Ec_N",263,22,22,"Ec",16,1,1,1,1,0,0.93631405476465
"15743","1325","Ec_N",263,23,23,"Ec",16,1,1,1,1,0,0.93631405476465
"15744","1325","Ec_N",263,24,24,"Ec",16,1,1,1,1,0,0.93631405476465
"15745","1325","Ec_N",263,25,25,"Ec",16,1,1,1,1,0,0.93631405476465
"15746","1325","Ec_N",263,26,26,"Ec",16,1,1,1,1,0,0.93631405476465
"15747","1325","Ec_N",263,27,27,"Ec",16,1,1,1,1,0,0.93631405476465
"15748","1325","Ec_N",263,28,28,"Ec",16,1,1,1,1,0,0.93631405476465
"15749","1325","Ec_N",263,29,29,"Ec",16,1,1,1,1,0,0.93631405476465
"15750","1325","Ec_N",263,30,30,"Ec",16,1,1,1,1,0,0.93631405476465
"15751","1325","Ec_N",263,31,31,"Ec",16,1,1,1,1,0,0.93631405476465
"15752","1325","Ec_N",263,32,32,"Ec",16,1,1,1,1,0,0.93631405476465
"15753","1325","Ec_N",263,33,33,"Ec",16,1,1,1,1,0,0.93631405476465
"15754","1325","Ec_N",263,34,34,"Ec",16,1,1,1,1,0,0.93631405476465
"15755","1325","Ec_N",263,35,35,"Ec",16,1,1,1,1,0,0.93631405476465
"15756","1325","Ec_N",263,36,36,"Ec",16,1,1,1,1,0,0.93631405476465
"15757","1325","Ec_N",263,37,37,"Ec",16,1,1,1,1,0,0.93631405476465
"15758","1325","Ec_N",263,38,38,"Ec",16,1,1,1,1,0,0.93631405476465
"15759","1325","Ec_N",263,39,39,"Ec",16,1,1,1,1,0,0.93631405476465
"15760","1325","Ec_N",263,40,40,"Ec",32,1,1,1,1,1,1
"15761","1325","Ec_N",263,41,41,"Ec",32,1,1,1,1,1,1
"15762","1325","Ec_N",263,42,42,"Ec",32,1,1,1,1,1,1
"15763","1325","Ec_N",263,43,43,"Ec",32,1,1,1,1,1,1
"15764","1325","Ec_N",263,44,44,"Ec",32,1,1,1,1,1,1
"15765","1325","Ec_N",263,45,45,"Ec",32,1,1,1,1,1,1
"15766","1325","Ec_N",263,46,46,"Ec",32,1,1,1,1,1,1
"15767","1325","Ec_N",263,47,47,"Ec",32,1,1,1,1,1,1
"15768","1325","Ec_N",263,48,48,"Ec",32,1,1,1,1,1,1
"15769","1325","Ec_N",263,49,49,"Ec",32,1,1,1,1,1,1
"15770","1325","Ec_N",263,50,50,"Ec",32,1,1,1,1,1,1
"15771","1325","Ec_N",263,51,51,"Ec",32,1,1,1,1,1,1
"15772","1325","Ec_N",263,52,52,"Ec",32,1,1,1,1,1,1
"15773","1325","Ec_N",263,53,53,"Ec",32,1,1,1,1,1,1
"15774","1325","Ec_N",263,54,54,"Ec",32,1,1,1,1,1,1
"15775","1325","Ec_N",263,55,55,"Ec",32,1,1,1,1,1,1
"15776","1325","Ec_N",263,56,56,"Ec",32,1,1,1,1,1,1
"15777","1325","Ec_N",263,57,57,"Ec",32,1,1,1,1,1,1
"15778","1325","Ec_N",263,58,58,"Ec",32,1,1,1,1,1,1
"15779","1325","Ec_N",263,59,59,"Ec",32,1,1,1,1,1,1
"15780","1325","Ec_N",263,60,60,"Ec",32,1,1,1,1,1,1
"15781","1325","Ec_N",264,1,1,"Ec",1,0,0,0,0,0,0
"15782","1325","Ec_N",264,2,2,"Ec",1,0,0,0,0,0,0
"15783","1325","Ec_N",264,3,3,"Ec",5,0,0,1,0,0,0.159629028452195
"15784","1325","Ec_N",264,4,4,"Ec",5,0,0,1,0,0,0.159629028452195
"15785","1325","Ec_N",264,5,5,"Ec",5,0,0,1,0,0,0.159629028452195
"15786","1325","Ec_N",264,6,6,"Ec",5,0,0,1,0,0,0.159629028452195
"15787","1325","Ec_N",264,7,7,"Ec",7,0,1,1,0,0,0.580067324700012
"15788","1325","Ec_N",264,8,8,"Ec",7,0,1,1,0,0,0.580067324700012
"15789","1325","Ec_N",264,9,9,"Ec",7,0,1,1,0,0,0.580067324700012
"15790","1325","Ec_N",264,10,10,"Ec",8,1,1,1,0,0,0.887289570804412
"15791","1325","Ec_N",264,11,11,"Ec",8,1,1,1,0,0,0.887289570804412
"15792","1325","Ec_N",264,12,12,"Ec",8,1,1,1,0,0,0.887289570804412
"15793","1325","Ec_N",264,13,13,"Ec",8,1,1,1,0,0,0.887289570804412
"15794","1325","Ec_N",264,14,14,"Ec",8,1,1,1,0,0,0.887289570804412
"15795","1325","Ec_N",264,15,15,"Ec",8,1,1,1,0,0,0.887289570804412
"15796","1325","Ec_N",264,16,16,"Ec",8,1,1,1,0,0,0.887289570804412
"15797","1325","Ec_N",264,17,17,"Ec",8,1,1,1,0,0,0.887289570804412
"15798","1325","Ec_N",264,18,18,"Ec",8,1,1,1,0,0,0.887289570804412
"15799","1325","Ec_N",264,19,19,"Ec",8,1,1,1,0,0,0.887289570804412
"15800","1325","Ec_N",264,20,20,"Ec",8,1,1,1,0,0,0.887289570804412
"15801","1325","Ec_N",264,21,21,"Ec",8,1,1,1,0,0,0.887289570804412
"15802","1325","Ec_N",264,22,22,"Ec",8,1,1,1,0,0,0.887289570804412
"15803","1325","Ec_N",264,23,23,"Ec",8,1,1,1,0,0,0.887289570804412
"15804","1325","Ec_N",264,24,24,"Ec",8,1,1,1,0,0,0.887289570804412
"15805","1325","Ec_N",264,25,25,"Ec",8,1,1,1,0,0,0.887289570804412
"15806","1325","Ec_N",264,26,26,"Ec",8,1,1,1,0,0,0.887289570804412
"15807","1325","Ec_N",264,27,27,"Ec",8,1,1,1,0,0,0.887289570804412
"15808","1325","Ec_N",264,28,28,"Ec",8,1,1,1,0,0,0.887289570804412
"15809","1325","Ec_N",264,29,29,"Ec",8,1,1,1,0,0,0.887289570804412
"15810","1325","Ec_N",264,30,30,"Ec",8,1,1,1,0,0,0.887289570804412
"15811","1325","Ec_N",264,31,31,"Ec",8,1,1,1,0,0,0.887289570804412
"15812","1325","Ec_N",264,32,32,"Ec",8,1,1,1,0,0,0.887289570804412
"15813","1325","Ec_N",264,33,33,"Ec",8,1,1,1,0,0,0.887289570804412
"15814","1325","Ec_N",264,34,34,"Ec",8,1,1,1,0,0,0.887289570804412
"15815","1325","Ec_N",264,35,35,"Ec",8,1,1,1,0,0,0.887289570804412
"15816","1325","Ec_N",264,36,36,"Ec",8,1,1,1,0,0,0.887289570804412
"15817","1325","Ec_N",264,37,37,"Ec",8,1,1,1,0,0,0.887289570804412
"15818","1325","Ec_N",264,38,38,"Ec",8,1,1,1,0,0,0.887289570804412
"15819","1325","Ec_N",264,39,39,"Ec",16,1,1,1,1,0,0.93631405476465
"15820","1325","Ec_N",264,40,40,"Ec",16,1,1,1,1,0,0.93631405476465
"15821","1325","Ec_N",264,41,41,"Ec",16,1,1,1,1,0,0.93631405476465
"15822","1325","Ec_N",264,42,42,"Ec",16,1,1,1,1,0,0.93631405476465
"15823","1325","Ec_N",264,43,43,"Ec",16,1,1,1,1,0,0.93631405476465
"15824","1325","Ec_N",264,44,44,"Ec",16,1,1,1,1,0,0.93631405476465
"15825","1325","Ec_N",264,45,45,"Ec",32,1,1,1,1,1,1
"15826","1325","Ec_N",264,46,46,"Ec",32,1,1,1,1,1,1
"15827","1325","Ec_N",264,47,47,"Ec",32,1,1,1,1,1,1
"15828","1325","Ec_N",264,48,48,"Ec",32,1,1,1,1,1,1
"15829","1325","Ec_N",264,49,49,"Ec",32,1,1,1,1,1,1
"15830","1325","Ec_N",264,50,50,"Ec",32,1,1,1,1,1,1
"15831","1325","Ec_N",264,51,51,"Ec",32,1,1,1,1,1,1
"15832","1325","Ec_N",264,52,52,"Ec",32,1,1,1,1,1,1
"15833","1325","Ec_N",264,53,53,"Ec",32,1,1,1,1,1,1
"15834","1325","Ec_N",264,54,54,"Ec",32,1,1,1,1,1,1
"15835","1325","Ec_N",264,55,55,"Ec",32,1,1,1,1,1,1
"15836","1325","Ec_N",264,56,56,"Ec",32,1,1,1,1,1,1
"15837","1325","Ec_N",264,57,57,"Ec",32,1,1,1,1,1,1
"15838","1325","Ec_N",264,58,58,"Ec",32,1,1,1,1,1,1
"15839","1325","Ec_N",264,59,59,"Ec",32,1,1,1,1,1,1
"15840","1325","Ec_N",264,60,60,"Ec",32,1,1,1,1,1,1
"15841","1325","Ec_N",265,1,1,"Ec",1,0,0,0,0,0,0
"15842","1325","Ec_N",265,2,2,"Ec",1,0,0,0,0,0,0
"15843","1325","Ec_N",265,3,3,"Ec",1,0,0,0,0,0,0
"15844","1325","Ec_N",265,4,4,"Ec",1,0,0,0,0,0,0
"15845","1325","Ec_N",265,5,5,"Ec",5,0,0,1,0,0,0.159629028452195
"15846","1325","Ec_N",265,6,6,"Ec",5,0,0,1,0,0,0.159629028452195
"15847","1325","Ec_N",265,7,7,"Ec",5,0,0,1,0,0,0.159629028452195
"15848","1325","Ec_N",265,8,8,"Ec",5,0,0,1,0,0,0.159629028452195
"15849","1325","Ec_N",265,9,9,"Ec",5,0,0,1,0,0,0.159629028452195
"15850","1325","Ec_N",265,10,10,"Ec",5,0,0,1,0,0,0.159629028452195
"15851","1325","Ec_N",265,11,11,"Ec",5,0,0,1,0,0,0.159629028452195
"15852","1325","Ec_N",265,12,12,"Ec",5,0,0,1,0,0,0.159629028452195
"15853","1325","Ec_N",265,13,13,"Ec",5,0,0,1,0,0,0.159629028452195
"15854","1325","Ec_N",265,14,14,"Ec",5,0,0,1,0,0,0.159629028452195
"15855","1325","Ec_N",265,15,15,"Ec",5,0,0,1,0,0,0.159629028452195
"15856","1325","Ec_N",265,16,16,"Ec",5,0,0,1,0,0,0.159629028452195
"15857","1325","Ec_N",265,17,17,"Ec",5,0,0,1,0,0,0.159629028452195
"15858","1325","Ec_N",265,18,18,"Ec",13,0,0,1,1,0,0.208653512412432
"15859","1325","Ec_N",265,19,19,"Ec",14,1,0,1,1,0,0.479175264165032
"15860","1325","Ec_N",265,20,20,"Ec",14,1,0,1,1,0,0.479175264165032
"15861","1325","Ec_N",265,21,21,"Ec",14,1,0,1,1,0,0.479175264165032
"15862","1325","Ec_N",265,22,22,"Ec",14,1,0,1,1,0,0.479175264165032
"15863","1325","Ec_N",265,23,23,"Ec",14,1,0,1,1,0,0.479175264165032
"15864","1325","Ec_N",265,24,24,"Ec",14,1,0,1,1,0,0.479175264165032
"15865","1325","Ec_N",265,25,25,"Ec",14,1,0,1,1,0,0.479175264165032
"15866","1325","Ec_N",265,26,26,"Ec",14,1,0,1,1,0,0.479175264165032
"15867","1325","Ec_N",265,27,27,"Ec",14,1,0,1,1,0,0.479175264165032
"15868","1325","Ec_N",265,28,28,"Ec",14,1,0,1,1,0,0.479175264165032
"15869","1325","Ec_N",265,29,29,"Ec",14,1,0,1,1,0,0.479175264165032
"15870","1325","Ec_N",265,30,30,"Ec",14,1,0,1,1,0,0.479175264165032
"15871","1325","Ec_N",265,31,31,"Ec",30,1,0,1,1,1,0.579561703752182
"15872","1325","Ec_N",265,32,32,"Ec",30,1,0,1,1,1,0.579561703752182
"15873","1325","Ec_N",265,33,33,"Ec",30,1,0,1,1,1,0.579561703752182
"15874","1325","Ec_N",265,34,34,"Ec",30,1,0,1,1,1,0.579561703752182
"15875","1325","Ec_N",265,35,35,"Ec",30,1,0,1,1,1,0.579561703752182
"15876","1325","Ec_N",265,36,36,"Ec",30,1,0,1,1,1,0.579561703752182
"15877","1325","Ec_N",265,37,37,"Ec",30,1,0,1,1,1,0.579561703752182
"15878","1325","Ec_N",265,38,38,"Ec",30,1,0,1,1,1,0.579561703752182
"15879","1325","Ec_N",265,39,39,"Ec",30,1,0,1,1,1,0.579561703752182
"15880","1325","Ec_N",265,40,40,"Ec",30,1,0,1,1,1,0.579561703752182
"15881","1325","Ec_N",265,41,41,"Ec",30,1,0,1,1,1,0.579561703752182
"15882","1325","Ec_N",265,42,42,"Ec",30,1,0,1,1,1,0.579561703752182
"15883","1325","Ec_N",265,43,43,"Ec",30,1,0,1,1,1,0.579561703752182
"15884","1325","Ec_N",265,44,44,"Ec",30,1,0,1,1,1,0.579561703752182
"15885","1325","Ec_N",265,45,45,"Ec",30,1,0,1,1,1,0.579561703752182
"15886","1325","Ec_N",265,46,46,"Ec",30,1,0,1,1,1,0.579561703752182
"15887","1325","Ec_N",265,47,47,"Ec",30,1,0,1,1,1,0.579561703752182
"15888","1325","Ec_N",265,48,48,"Ec",30,1,0,1,1,1,0.579561703752182
"15889","1325","Ec_N",265,49,49,"Ec",30,1,0,1,1,1,0.579561703752182
"15890","1325","Ec_N",265,50,50,"Ec",30,1,0,1,1,1,0.579561703752182
"15891","1325","Ec_N",265,51,51,"Ec",30,1,0,1,1,1,0.579561703752182
"15892","1325","Ec_N",265,52,52,"Ec",30,1,0,1,1,1,0.579561703752182
"15893","1325","Ec_N",265,53,53,"Ec",32,1,1,1,1,1,1
"15894","1325","Ec_N",265,54,54,"Ec",32,1,1,1,1,1,1
"15895","1325","Ec_N",265,55,55,"Ec",32,1,1,1,1,1,1
"15896","1325","Ec_N",265,56,56,"Ec",32,1,1,1,1,1,1
"15897","1325","Ec_N",265,57,57,"Ec",32,1,1,1,1,1,1
"15898","1325","Ec_N",265,58,58,"Ec",32,1,1,1,1,1,1
"15899","1325","Ec_N",265,59,59,"Ec",32,1,1,1,1,1,1
"15900","1325","Ec_N",265,60,60,"Ec",32,1,1,1,1,1,1
"15901","1325","Ec_N",266,1,1,"Ec",1,0,0,0,0,0,0
"15902","1325","Ec_N",266,2,2,"Ec",1,0,0,0,0,0,0
"15903","1325","Ec_N",266,3,3,"Ec",1,0,0,0,0,0,0
"15904","1325","Ec_N",266,4,4,"Ec",1,0,0,0,0,0,0
"15905","1325","Ec_N",266,5,5,"Ec",1,0,0,0,0,0,0
"15906","1325","Ec_N",266,6,6,"Ec",1,0,0,0,0,0,0
"15907","1325","Ec_N",266,7,7,"Ec",1,0,0,0,0,0,0
"15908","1325","Ec_N",266,8,8,"Ec",1,0,0,0,0,0,0
"15909","1325","Ec_N",266,9,9,"Ec",1,0,0,0,0,0,0
"15910","1325","Ec_N",266,10,10,"Ec",1,0,0,0,0,0,0
"15911","1325","Ec_N",266,11,11,"Ec",1,0,0,0,0,0,0
"15912","1325","Ec_N",266,12,12,"Ec",1,0,0,0,0,0,0
"15913","1325","Ec_N",266,13,13,"Ec",1,0,0,0,0,0,0
"15914","1325","Ec_N",266,14,14,"Ec",17,0,0,0,0,1,0.0636859452353503
"15915","1325","Ec_N",266,15,15,"Ec",17,0,0,0,0,1,0.0636859452353503
"15916","1325","Ec_N",266,16,16,"Ec",17,0,0,0,0,1,0.0636859452353503
"15917","1325","Ec_N",266,17,17,"Ec",17,0,0,0,0,1,0.0636859452353503
"15918","1325","Ec_N",266,18,18,"Ec",17,0,0,0,0,1,0.0636859452353503
"15919","1325","Ec_N",266,19,19,"Ec",17,0,0,0,0,1,0.0636859452353503
"15920","1325","Ec_N",266,20,20,"Ec",17,0,0,0,0,1,0.0636859452353503
"15921","1325","Ec_N",266,21,21,"Ec",21,0,0,1,0,1,0.223314973687545
"15922","1325","Ec_N",266,22,22,"Ec",21,0,0,1,0,1,0.223314973687545
"15923","1325","Ec_N",266,23,23,"Ec",22,1,0,1,0,1,0.530537219791945
"15924","1325","Ec_N",266,24,24,"Ec",22,1,0,1,0,1,0.530537219791945
"15925","1325","Ec_N",266,25,25,"Ec",22,1,0,1,0,1,0.530537219791945
"15926","1325","Ec_N",266,26,26,"Ec",22,1,0,1,0,1,0.530537219791945
"15927","1325","Ec_N",266,27,27,"Ec",22,1,0,1,0,1,0.530537219791945
"15928","1325","Ec_N",266,28,28,"Ec",22,1,0,1,0,1,0.530537219791945
"15929","1325","Ec_N",266,29,29,"Ec",22,1,0,1,0,1,0.530537219791945
"15930","1325","Ec_N",266,30,30,"Ec",22,1,0,1,0,1,0.530537219791945
"15931","1325","Ec_N",266,31,31,"Ec",22,1,0,1,0,1,0.530537219791945
"15932","1325","Ec_N",266,32,32,"Ec",22,1,0,1,0,1,0.530537219791945
"15933","1325","Ec_N",266,33,33,"Ec",22,1,0,1,0,1,0.530537219791945
"15934","1325","Ec_N",266,34,34,"Ec",22,1,0,1,0,1,0.530537219791945
"15935","1325","Ec_N",266,35,35,"Ec",22,1,0,1,0,1,0.530537219791945
"15936","1325","Ec_N",266,36,36,"Ec",22,1,0,1,0,1,0.530537219791945
"15937","1325","Ec_N",266,37,37,"Ec",22,1,0,1,0,1,0.530537219791945
"15938","1325","Ec_N",266,38,38,"Ec",22,1,0,1,0,1,0.530537219791945
"15939","1325","Ec_N",266,39,39,"Ec",22,1,0,1,0,1,0.530537219791945
"15940","1325","Ec_N",266,40,40,"Ec",22,1,0,1,0,1,0.530537219791945
"15941","1325","Ec_N",266,41,41,"Ec",22,1,0,1,0,1,0.530537219791945
"15942","1325","Ec_N",266,42,42,"Ec",22,1,0,1,0,1,0.530537219791945
"15943","1325","Ec_N",266,43,43,"Ec",22,1,0,1,0,1,0.530537219791945
"15944","1325","Ec_N",266,44,44,"Ec",22,1,0,1,0,1,0.530537219791945
"15945","1325","Ec_N",266,45,45,"Ec",22,1,0,1,0,1,0.530537219791945
"15946","1325","Ec_N",266,46,46,"Ec",22,1,0,1,0,1,0.530537219791945
"15947","1325","Ec_N",266,47,47,"Ec",22,1,0,1,0,1,0.530537219791945
"15948","1325","Ec_N",266,48,48,"Ec",22,1,0,1,0,1,0.530537219791945
"15949","1325","Ec_N",266,49,49,"Ec",22,1,0,1,0,1,0.530537219791945
"15950","1325","Ec_N",266,50,50,"Ec",22,1,0,1,0,1,0.530537219791945
"15951","1325","Ec_N",266,51,51,"Ec",22,1,0,1,0,1,0.530537219791945
"15952","1325","Ec_N",266,52,52,"Ec",22,1,0,1,0,1,0.530537219791945
"15953","1325","Ec_N",266,53,53,"Ec",22,1,0,1,0,1,0.530537219791945
"15954","1325","Ec_N",266,54,54,"Ec",22,1,0,1,0,1,0.530537219791945
"15955","1325","Ec_N",266,55,55,"Ec",22,1,0,1,0,1,0.530537219791945
"15956","1325","Ec_N",266,56,56,"Ec",22,1,0,1,0,1,0.530537219791945
"15957","1325","Ec_N",266,57,57,"Ec",22,1,0,1,0,1,0.530537219791945
"15958","1325","Ec_N",266,58,58,"Ec",22,1,0,1,0,1,0.530537219791945
"15959","1325","Ec_N",266,59,59,"Ec",22,1,0,1,0,1,0.530537219791945
"15960","1325","Ec_N",266,60,60,"Ec",22,1,0,1,0,1,0.530537219791945
"15961","1325","Ec_N",267,1,1,"Ec",1,0,0,0,0,0,0
"15962","1325","Ec_N",267,2,2,"Ec",1,0,0,0,0,0,0
"15963","1325","Ec_N",267,3,3,"Ec",1,0,0,0,0,0,0
"15964","1325","Ec_N",267,4,4,"Ec",1,0,0,0,0,0,0
"15965","1325","Ec_N",267,5,5,"Ec",1,0,0,0,0,0,0
"15966","1325","Ec_N",267,6,6,"Ec",1,0,0,0,0,0,0
"15967","1325","Ec_N",267,7,7,"Ec",1,0,0,0,0,0,0
"15968","1325","Ec_N",267,8,8,"Ec",1,0,0,0,0,0,0
"15969","1325","Ec_N",267,9,9,"Ec",9,0,0,0,1,0,0.0490244839602376
"15970","1325","Ec_N",267,10,10,"Ec",9,0,0,0,1,0,0.0490244839602376
"15971","1325","Ec_N",267,11,11,"Ec",9,0,0,0,1,0,0.0490244839602376
"15972","1325","Ec_N",267,12,12,"Ec",9,0,0,0,1,0,0.0490244839602376
"15973","1325","Ec_N",267,13,13,"Ec",9,0,0,0,1,0,0.0490244839602376
"15974","1325","Ec_N",267,14,14,"Ec",9,0,0,0,1,0,0.0490244839602376
"15975","1325","Ec_N",267,15,15,"Ec",9,0,0,0,1,0,0.0490244839602376
"15976","1325","Ec_N",267,16,16,"Ec",9,0,0,0,1,0,0.0490244839602376
"15977","1325","Ec_N",267,17,17,"Ec",11,0,1,0,1,0,0.503461616060769
"15978","1325","Ec_N",267,18,18,"Ec",27,0,1,0,1,1,0.533148725443406
"15979","1325","Ec_N",267,19,19,"Ec",27,0,1,0,1,1,0.533148725443406
"15980","1325","Ec_N",267,20,20,"Ec",27,0,1,0,1,1,0.533148725443406
"15981","1325","Ec_N",267,21,21,"Ec",27,0,1,0,1,1,0.533148725443406
"15982","1325","Ec_N",267,22,22,"Ec",27,0,1,0,1,1,0.533148725443406
"15983","1325","Ec_N",267,23,23,"Ec",27,0,1,0,1,1,0.533148725443406
"15984","1325","Ec_N",267,24,24,"Ec",27,0,1,0,1,1,0.533148725443406
"15985","1325","Ec_N",267,25,25,"Ec",27,0,1,0,1,1,0.533148725443406
"15986","1325","Ec_N",267,26,26,"Ec",27,0,1,0,1,1,0.533148725443406
"15987","1325","Ec_N",267,27,27,"Ec",28,1,1,0,1,1,0.815884725734249
"15988","1325","Ec_N",267,28,28,"Ec",28,1,1,0,1,1,0.815884725734249
"15989","1325","Ec_N",267,29,29,"Ec",28,1,1,0,1,1,0.815884725734249
"15990","1325","Ec_N",267,30,30,"Ec",28,1,1,0,1,1,0.815884725734249
"15991","1325","Ec_N",267,31,31,"Ec",28,1,1,0,1,1,0.815884725734249
"15992","1325","Ec_N",267,32,32,"Ec",28,1,1,0,1,1,0.815884725734249
"15993","1325","Ec_N",267,33,33,"Ec",28,1,1,0,1,1,0.815884725734249
"15994","1325","Ec_N",267,34,34,"Ec",28,1,1,0,1,1,0.815884725734249
"15995","1325","Ec_N",267,35,35,"Ec",28,1,1,0,1,1,0.815884725734249
"15996","1325","Ec_N",267,36,36,"Ec",28,1,1,0,1,1,0.815884725734249
"15997","1325","Ec_N",267,37,37,"Ec",28,1,1,0,1,1,0.815884725734249
"15998","1325","Ec_N",267,38,38,"Ec",28,1,1,0,1,1,0.815884725734249
"15999","1325","Ec_N",267,39,39,"Ec",28,1,1,0,1,1,0.815884725734249
"16000","1325","Ec_N",267,40,40,"Ec",28,1,1,0,1,1,0.815884725734249
"16001","1325","Ec_N",267,41,41,"Ec",28,1,1,0,1,1,0.815884725734249
"16002","1325","Ec_N",267,42,42,"Ec",28,1,1,0,1,1,0.815884725734249
"16003","1325","Ec_N",267,43,43,"Ec",28,1,1,0,1,1,0.815884725734249
"16004","1325","Ec_N",267,44,44,"Ec",28,1,1,0,1,1,0.815884725734249
"16005","1325","Ec_N",267,45,45,"Ec",28,1,1,0,1,1,0.815884725734249
"16006","1325","Ec_N",267,46,46,"Ec",32,1,1,1,1,1,1
"16007","1325","Ec_N",267,47,47,"Ec",32,1,1,1,1,1,1
"16008","1325","Ec_N",267,48,48,"Ec",32,1,1,1,1,1,1
"16009","1325","Ec_N",267,49,49,"Ec",32,1,1,1,1,1,1
"16010","1325","Ec_N",267,50,50,"Ec",32,1,1,1,1,1,1
"16011","1325","Ec_N",267,51,51,"Ec",32,1,1,1,1,1,1
"16012","1325","Ec_N",267,52,52,"Ec",32,1,1,1,1,1,1
"16013","1325","Ec_N",267,53,53,"Ec",32,1,1,1,1,1,1
"16014","1325","Ec_N",267,54,54,"Ec",32,1,1,1,1,1,1
"16015","1325","Ec_N",267,55,55,"Ec",32,1,1,1,1,1,1
"16016","1325","Ec_N",267,56,56,"Ec",32,1,1,1,1,1,1
"16017","1325","Ec_N",267,57,57,"Ec",32,1,1,1,1,1,1
"16018","1325","Ec_N",267,58,58,"Ec",32,1,1,1,1,1,1
"16019","1325","Ec_N",267,59,59,"Ec",32,1,1,1,1,1,1
"16020","1325","Ec_N",267,60,60,"Ec",32,1,1,1,1,1,1
"16021","1325","Ec_N",268,1,1,"Ec",1,0,0,0,0,0,0
"16022","1325","Ec_N",268,2,2,"Ec",1,0,0,0,0,0,0
"16023","1325","Ec_N",268,3,3,"Ec",17,0,0,0,0,1,0.0636859452353503
"16024","1325","Ec_N",268,4,4,"Ec",17,0,0,0,0,1,0.0636859452353503
"16025","1325","Ec_N",268,5,5,"Ec",19,0,1,0,0,1,0.484124241483168
"16026","1325","Ec_N",268,6,6,"Ec",19,0,1,0,0,1,0.484124241483168
"16027","1325","Ec_N",268,7,7,"Ec",23,0,1,1,0,1,0.57389469344254
"16028","1325","Ec_N",268,8,8,"Ec",23,0,1,1,0,1,0.57389469344254
"16029","1325","Ec_N",268,9,9,"Ec",23,0,1,1,0,1,0.57389469344254
"16030","1325","Ec_N",268,10,10,"Ec",23,0,1,1,0,1,0.57389469344254
"16031","1325","Ec_N",268,11,11,"Ec",23,0,1,1,0,1,0.57389469344254
"16032","1325","Ec_N",268,12,12,"Ec",23,0,1,1,0,1,0.57389469344254
"16033","1325","Ec_N",268,13,13,"Ec",23,0,1,1,0,1,0.57389469344254
"16034","1325","Ec_N",268,14,14,"Ec",7,0,1,1,0,0,0.580067324700012
"16035","1325","Ec_N",268,15,15,"Ec",7,0,1,1,0,0,0.580067324700012
"16036","1325","Ec_N",268,16,16,"Ec",8,1,1,1,0,0,0.887289570804412
"16037","1325","Ec_N",268,17,17,"Ec",8,1,1,1,0,0,0.887289570804412
"16038","1325","Ec_N",268,18,18,"Ec",8,1,1,1,0,0,0.887289570804412
"16039","1325","Ec_N",268,19,19,"Ec",8,1,1,1,0,0,0.887289570804412
"16040","1325","Ec_N",268,20,20,"Ec",8,1,1,1,0,0,0.887289570804412
"16041","1325","Ec_N",268,21,21,"Ec",8,1,1,1,0,0,0.887289570804412
"16042","1325","Ec_N",268,22,22,"Ec",8,1,1,1,0,0,0.887289570804412
"16043","1325","Ec_N",268,23,23,"Ec",8,1,1,1,0,0,0.887289570804412
"16044","1325","Ec_N",268,24,24,"Ec",8,1,1,1,0,0,0.887289570804412
"16045","1325","Ec_N",268,25,25,"Ec",8,1,1,1,0,0,0.887289570804412
"16046","1325","Ec_N",268,26,26,"Ec",8,1,1,1,0,0,0.887289570804412
"16047","1325","Ec_N",268,27,27,"Ec",8,1,1,1,0,0,0.887289570804412
"16048","1325","Ec_N",268,28,28,"Ec",8,1,1,1,0,0,0.887289570804412
"16049","1325","Ec_N",268,29,29,"Ec",8,1,1,1,0,0,0.887289570804412
"16050","1325","Ec_N",268,30,30,"Ec",16,1,1,1,1,0,0.93631405476465
"16051","1325","Ec_N",268,31,31,"Ec",16,1,1,1,1,0,0.93631405476465
"16052","1325","Ec_N",268,32,32,"Ec",16,1,1,1,1,0,0.93631405476465
"16053","1325","Ec_N",268,33,33,"Ec",16,1,1,1,1,0,0.93631405476465
"16054","1325","Ec_N",268,34,34,"Ec",16,1,1,1,1,0,0.93631405476465
"16055","1325","Ec_N",268,35,35,"Ec",16,1,1,1,1,0,0.93631405476465
"16056","1325","Ec_N",268,36,36,"Ec",16,1,1,1,1,0,0.93631405476465
"16057","1325","Ec_N",268,37,37,"Ec",16,1,1,1,1,0,0.93631405476465
"16058","1325","Ec_N",268,38,38,"Ec",16,1,1,1,1,0,0.93631405476465
"16059","1325","Ec_N",268,39,39,"Ec",16,1,1,1,1,0,0.93631405476465
"16060","1325","Ec_N",268,40,40,"Ec",16,1,1,1,1,0,0.93631405476465
"16061","1325","Ec_N",268,41,41,"Ec",16,1,1,1,1,0,0.93631405476465
"16062","1325","Ec_N",268,42,42,"Ec",16,1,1,1,1,0,0.93631405476465
"16063","1325","Ec_N",268,43,43,"Ec",16,1,1,1,1,0,0.93631405476465
"16064","1325","Ec_N",268,44,44,"Ec",16,1,1,1,1,0,0.93631405476465
"16065","1325","Ec_N",268,45,45,"Ec",16,1,1,1,1,0,0.93631405476465
"16066","1325","Ec_N",268,46,46,"Ec",16,1,1,1,1,0,0.93631405476465
"16067","1325","Ec_N",268,47,47,"Ec",16,1,1,1,1,0,0.93631405476465
"16068","1325","Ec_N",268,48,48,"Ec",16,1,1,1,1,0,0.93631405476465
"16069","1325","Ec_N",268,49,49,"Ec",32,1,1,1,1,1,1
"16070","1325","Ec_N",268,50,50,"Ec",32,1,1,1,1,1,1
"16071","1325","Ec_N",268,51,51,"Ec",32,1,1,1,1,1,1
"16072","1325","Ec_N",268,52,52,"Ec",32,1,1,1,1,1,1
"16073","1325","Ec_N",268,53,53,"Ec",32,1,1,1,1,1,1
"16074","1325","Ec_N",268,54,54,"Ec",32,1,1,1,1,1,1
"16075","1325","Ec_N",268,55,55,"Ec",32,1,1,1,1,1,1
"16076","1325","Ec_N",268,56,56,"Ec",32,1,1,1,1,1,1
"16077","1325","Ec_N",268,57,57,"Ec",32,1,1,1,1,1,1
"16078","1325","Ec_N",268,58,58,"Ec",32,1,1,1,1,1,1
"16079","1325","Ec_N",268,59,59,"Ec",32,1,1,1,1,1,1
"16080","1325","Ec_N",268,60,60,"Ec",32,1,1,1,1,1,1
"16081","1325","Ec_N",269,1,1,"Ec",1,0,0,0,0,0,0
"16082","1325","Ec_N",269,2,2,"Ec",1,0,0,0,0,0,0
"16083","1325","Ec_N",269,3,3,"Ec",1,0,0,0,0,0,0
"16084","1325","Ec_N",269,4,4,"Ec",3,0,1,0,0,0,0.420438296247818
"16085","1325","Ec_N",269,5,5,"Ec",4,1,1,0,0,0,0.727660542352217
"16086","1325","Ec_N",269,6,6,"Ec",4,1,1,0,0,0,0.727660542352217
"16087","1325","Ec_N",269,7,7,"Ec",4,1,1,0,0,0,0.727660542352217
"16088","1325","Ec_N",269,8,8,"Ec",4,1,1,0,0,0,0.727660542352217
"16089","1325","Ec_N",269,9,9,"Ec",8,1,1,1,0,0,0.887289570804412
"16090","1325","Ec_N",269,10,10,"Ec",8,1,1,1,0,0,0.887289570804412
"16091","1325","Ec_N",269,11,11,"Ec",8,1,1,1,0,0,0.887289570804412
"16092","1325","Ec_N",269,12,12,"Ec",8,1,1,1,0,0,0.887289570804412
"16093","1325","Ec_N",269,13,13,"Ec",8,1,1,1,0,0,0.887289570804412
"16094","1325","Ec_N",269,14,14,"Ec",8,1,1,1,0,0,0.887289570804412
"16095","1325","Ec_N",269,15,15,"Ec",8,1,1,1,0,0,0.887289570804412
"16096","1325","Ec_N",269,16,16,"Ec",8,1,1,1,0,0,0.887289570804412
"16097","1325","Ec_N",269,17,17,"Ec",8,1,1,1,0,0,0.887289570804412
"16098","1325","Ec_N",269,18,18,"Ec",8,1,1,1,0,0,0.887289570804412
"16099","1325","Ec_N",269,19,19,"Ec",8,1,1,1,0,0,0.887289570804412
"16100","1325","Ec_N",269,20,20,"Ec",8,1,1,1,0,0,0.887289570804412
"16101","1325","Ec_N",269,21,21,"Ec",8,1,1,1,0,0,0.887289570804412
"16102","1325","Ec_N",269,22,22,"Ec",8,1,1,1,0,0,0.887289570804412
"16103","1325","Ec_N",269,23,23,"Ec",8,1,1,1,0,0,0.887289570804412
"16104","1325","Ec_N",269,24,24,"Ec",8,1,1,1,0,0,0.887289570804412
"16105","1325","Ec_N",269,25,25,"Ec",8,1,1,1,0,0,0.887289570804412
"16106","1325","Ec_N",269,26,26,"Ec",8,1,1,1,0,0,0.887289570804412
"16107","1325","Ec_N",269,27,27,"Ec",8,1,1,1,0,0,0.887289570804412
"16108","1325","Ec_N",269,28,28,"Ec",8,1,1,1,0,0,0.887289570804412
"16109","1325","Ec_N",269,29,29,"Ec",8,1,1,1,0,0,0.887289570804412
"16110","1325","Ec_N",269,30,30,"Ec",16,1,1,1,1,0,0.93631405476465
"16111","1325","Ec_N",269,31,31,"Ec",32,1,1,1,1,1,1
"16112","1325","Ec_N",269,32,32,"Ec",32,1,1,1,1,1,1
"16113","1325","Ec_N",269,33,33,"Ec",32,1,1,1,1,1,1
"16114","1325","Ec_N",269,34,34,"Ec",32,1,1,1,1,1,1
"16115","1325","Ec_N",269,35,35,"Ec",32,1,1,1,1,1,1
"16116","1325","Ec_N",269,36,36,"Ec",32,1,1,1,1,1,1
"16117","1325","Ec_N",269,37,37,"Ec",32,1,1,1,1,1,1
"16118","1325","Ec_N",269,38,38,"Ec",32,1,1,1,1,1,1
"16119","1325","Ec_N",269,39,39,"Ec",32,1,1,1,1,1,1
"16120","1325","Ec_N",269,40,40,"Ec",32,1,1,1,1,1,1
"16121","1325","Ec_N",269,41,41,"Ec",32,1,1,1,1,1,1
"16122","1325","Ec_N",269,42,42,"Ec",32,1,1,1,1,1,1
"16123","1325","Ec_N",269,43,43,"Ec",32,1,1,1,1,1,1
"16124","1325","Ec_N",269,44,44,"Ec",32,1,1,1,1,1,1
"16125","1325","Ec_N",269,45,45,"Ec",32,1,1,1,1,1,1
"16126","1325","Ec_N",269,46,46,"Ec",32,1,1,1,1,1,1
"16127","1325","Ec_N",269,47,47,"Ec",32,1,1,1,1,1,1
"16128","1325","Ec_N",269,48,48,"Ec",32,1,1,1,1,1,1
"16129","1325","Ec_N",269,49,49,"Ec",32,1,1,1,1,1,1
"16130","1325","Ec_N",269,50,50,"Ec",32,1,1,1,1,1,1
"16131","1325","Ec_N",269,51,51,"Ec",32,1,1,1,1,1,1
"16132","1325","Ec_N",269,52,52,"Ec",32,1,1,1,1,1,1
"16133","1325","Ec_N",269,53,53,"Ec",32,1,1,1,1,1,1
"16134","1325","Ec_N",269,54,54,"Ec",32,1,1,1,1,1,1
"16135","1325","Ec_N",269,55,55,"Ec",32,1,1,1,1,1,1
"16136","1325","Ec_N",269,56,56,"Ec",32,1,1,1,1,1,1
"16137","1325","Ec_N",269,57,57,"Ec",32,1,1,1,1,1,1
"16138","1325","Ec_N",269,58,58,"Ec",32,1,1,1,1,1,1
"16139","1325","Ec_N",269,59,59,"Ec",32,1,1,1,1,1,1
"16140","1325","Ec_N",269,60,60,"Ec",32,1,1,1,1,1,1
"16141","1325","Ec_N",270,1,1,"Ec",1,0,0,0,0,0,0
"16142","1325","Ec_N",270,2,2,"Ec",5,0,0,1,0,0,0.159629028452195
"16143","1325","Ec_N",270,3,3,"Ec",5,0,0,1,0,0,0.159629028452195
"16144","1325","Ec_N",270,4,4,"Ec",6,1,0,1,0,0,0.466851274556594
"16145","1325","Ec_N",270,5,5,"Ec",6,1,0,1,0,0,0.466851274556594
"16146","1325","Ec_N",270,6,6,"Ec",6,1,0,1,0,0,0.466851274556594
"16147","1325","Ec_N",270,7,7,"Ec",6,1,0,1,0,0,0.466851274556594
"16148","1325","Ec_N",270,8,8,"Ec",6,1,0,1,0,0,0.466851274556594
"16149","1325","Ec_N",270,9,9,"Ec",6,1,0,1,0,0,0.466851274556594
"16150","1325","Ec_N",270,10,10,"Ec",6,1,0,1,0,0,0.466851274556594
"16151","1325","Ec_N",270,11,11,"Ec",6,1,0,1,0,0,0.466851274556594
"16152","1325","Ec_N",270,12,12,"Ec",6,1,0,1,0,0,0.466851274556594
"16153","1325","Ec_N",270,13,13,"Ec",6,1,0,1,0,0,0.466851274556594
"16154","1325","Ec_N",270,14,14,"Ec",6,1,0,1,0,0,0.466851274556594
"16155","1325","Ec_N",270,15,15,"Ec",6,1,0,1,0,0,0.466851274556594
"16156","1325","Ec_N",270,16,16,"Ec",6,1,0,1,0,0,0.466851274556594
"16157","1325","Ec_N",270,17,17,"Ec",6,1,0,1,0,0,0.466851274556594
"16158","1325","Ec_N",270,18,18,"Ec",6,1,0,1,0,0,0.466851274556594
"16159","1325","Ec_N",270,19,19,"Ec",6,1,0,1,0,0,0.466851274556594
"16160","1325","Ec_N",270,20,20,"Ec",6,1,0,1,0,0,0.466851274556594
"16161","1325","Ec_N",270,21,21,"Ec",6,1,0,1,0,0,0.466851274556594
"16162","1325","Ec_N",270,22,22,"Ec",6,1,0,1,0,0,0.466851274556594
"16163","1325","Ec_N",270,23,23,"Ec",22,1,0,1,0,1,0.530537219791945
"16164","1325","Ec_N",270,24,24,"Ec",22,1,0,1,0,1,0.530537219791945
"16165","1325","Ec_N",270,25,25,"Ec",22,1,0,1,0,1,0.530537219791945
"16166","1325","Ec_N",270,26,26,"Ec",22,1,0,1,0,1,0.530537219791945
"16167","1325","Ec_N",270,27,27,"Ec",22,1,0,1,0,1,0.530537219791945
"16168","1325","Ec_N",270,28,28,"Ec",22,1,0,1,0,1,0.530537219791945
"16169","1325","Ec_N",270,29,29,"Ec",22,1,0,1,0,1,0.530537219791945
"16170","1325","Ec_N",270,30,30,"Ec",30,1,0,1,1,1,0.579561703752182
"16171","1325","Ec_N",270,31,31,"Ec",32,1,1,1,1,1,1
"16172","1325","Ec_N",270,32,32,"Ec",32,1,1,1,1,1,1
"16173","1325","Ec_N",270,33,33,"Ec",32,1,1,1,1,1,1
"16174","1325","Ec_N",270,34,34,"Ec",32,1,1,1,1,1,1
"16175","1325","Ec_N",270,35,35,"Ec",32,1,1,1,1,1,1
"16176","1325","Ec_N",270,36,36,"Ec",32,1,1,1,1,1,1
"16177","1325","Ec_N",270,37,37,"Ec",32,1,1,1,1,1,1
"16178","1325","Ec_N",270,38,38,"Ec",32,1,1,1,1,1,1
"16179","1325","Ec_N",270,39,39,"Ec",32,1,1,1,1,1,1
"16180","1325","Ec_N",270,40,40,"Ec",32,1,1,1,1,1,1
"16181","1325","Ec_N",270,41,41,"Ec",32,1,1,1,1,1,1
"16182","1325","Ec_N",270,42,42,"Ec",32,1,1,1,1,1,1
"16183","1325","Ec_N",270,43,43,"Ec",32,1,1,1,1,1,1
"16184","1325","Ec_N",270,44,44,"Ec",32,1,1,1,1,1,1
"16185","1325","Ec_N",270,45,45,"Ec",32,1,1,1,1,1,1
"16186","1325","Ec_N",270,46,46,"Ec",32,1,1,1,1,1,1
"16187","1325","Ec_N",270,47,47,"Ec",32,1,1,1,1,1,1
"16188","1325","Ec_N",270,48,48,"Ec",32,1,1,1,1,1,1
"16189","1325","Ec_N",270,49,49,"Ec",32,1,1,1,1,1,1
"16190","1325","Ec_N",270,50,50,"Ec",32,1,1,1,1,1,1
"16191","1325","Ec_N",270,51,51,"Ec",32,1,1,1,1,1,1
"16192","1325","Ec_N",270,52,52,"Ec",32,1,1,1,1,1,1
"16193","1325","Ec_N",270,53,53,"Ec",32,1,1,1,1,1,1
"16194","1325","Ec_N",270,54,54,"Ec",32,1,1,1,1,1,1
"16195","1325","Ec_N",270,55,55,"Ec",32,1,1,1,1,1,1
"16196","1325","Ec_N",270,56,56,"Ec",32,1,1,1,1,1,1
"16197","1325","Ec_N",270,57,57,"Ec",32,1,1,1,1,1,1
"16198","1325","Ec_N",270,58,58,"Ec",32,1,1,1,1,1,1
"16199","1325","Ec_N",270,59,59,"Ec",32,1,1,1,1,1,1
"16200","1325","Ec_N",270,60,60,"Ec",32,1,1,1,1,1,1
"16201","1325","Ec_N",271,1,1,"Ec",1,0,0,0,0,0,0
"16202","1325","Ec_N",271,2,2,"Ec",1,0,0,0,0,0,0
"16203","1325","Ec_N",271,3,3,"Ec",1,0,0,0,0,0,0
"16204","1325","Ec_N",271,4,4,"Ec",1,0,0,0,0,0,0
"16205","1325","Ec_N",271,5,5,"Ec",1,0,0,0,0,0,0
"16206","1325","Ec_N",271,6,6,"Ec",1,0,0,0,0,0,0
"16207","1325","Ec_N",271,7,7,"Ec",1,0,0,0,0,0,0
"16208","1325","Ec_N",271,8,8,"Ec",1,0,0,0,0,0,0
"16209","1325","Ec_N",271,9,9,"Ec",1,0,0,0,0,0,0
"16210","1325","Ec_N",271,10,10,"Ec",1,0,0,0,0,0,0
"16211","1325","Ec_N",271,11,11,"Ec",1,0,0,0,0,0,0
"16212","1325","Ec_N",271,12,12,"Ec",1,0,0,0,0,0,0
"16213","1325","Ec_N",271,13,13,"Ec",3,0,1,0,0,0,0.420438296247818
"16214","1325","Ec_N",271,14,14,"Ec",3,0,1,0,0,0,0.420438296247818
"16215","1325","Ec_N",271,15,15,"Ec",3,0,1,0,0,0,0.420438296247818
"16216","1325","Ec_N",271,16,16,"Ec",3,0,1,0,0,0,0.420438296247818
"16217","1325","Ec_N",271,17,17,"Ec",3,0,1,0,0,0,0.420438296247818
"16218","1325","Ec_N",271,18,18,"Ec",3,0,1,0,0,0,0.420438296247818
"16219","1325","Ec_N",271,19,19,"Ec",3,0,1,0,0,0,0.420438296247818
"16220","1325","Ec_N",271,20,20,"Ec",3,0,1,0,0,0,0.420438296247818
"16221","1325","Ec_N",271,21,21,"Ec",3,0,1,0,0,0,0.420438296247818
"16222","1325","Ec_N",271,22,22,"Ec",3,0,1,0,0,0,0.420438296247818
"16223","1325","Ec_N",271,23,23,"Ec",7,0,1,1,0,0,0.580067324700012
"16224","1325","Ec_N",271,24,24,"Ec",7,0,1,1,0,0,0.580067324700012
"16225","1325","Ec_N",271,25,25,"Ec",7,0,1,1,0,0,0.580067324700012
"16226","1325","Ec_N",271,26,26,"Ec",7,0,1,1,0,0,0.580067324700012
"16227","1325","Ec_N",271,27,27,"Ec",7,0,1,1,0,0,0.580067324700012
"16228","1325","Ec_N",271,28,28,"Ec",7,0,1,1,0,0,0.580067324700012
"16229","1325","Ec_N",271,29,29,"Ec",15,0,1,1,1,0,0.62909180866025
"16230","1325","Ec_N",271,30,30,"Ec",15,0,1,1,1,0,0.62909180866025
"16231","1325","Ec_N",271,31,31,"Ec",15,0,1,1,1,0,0.62909180866025
"16232","1325","Ec_N",271,32,32,"Ec",31,0,1,1,1,1,0.6927777538956
"16233","1325","Ec_N",271,33,33,"Ec",31,0,1,1,1,1,0.6927777538956
"16234","1325","Ec_N",271,34,34,"Ec",31,0,1,1,1,1,0.6927777538956
"16235","1325","Ec_N",271,35,35,"Ec",31,0,1,1,1,1,0.6927777538956
"16236","1325","Ec_N",271,36,36,"Ec",31,0,1,1,1,1,0.6927777538956
"16237","1325","Ec_N",271,37,37,"Ec",31,0,1,1,1,1,0.6927777538956
"16238","1325","Ec_N",271,38,38,"Ec",31,0,1,1,1,1,0.6927777538956
"16239","1325","Ec_N",271,39,39,"Ec",31,0,1,1,1,1,0.6927777538956
"16240","1325","Ec_N",271,40,40,"Ec",31,0,1,1,1,1,0.6927777538956
"16241","1325","Ec_N",271,41,41,"Ec",31,0,1,1,1,1,0.6927777538956
"16242","1325","Ec_N",271,42,42,"Ec",31,0,1,1,1,1,0.6927777538956
"16243","1325","Ec_N",271,43,43,"Ec",31,0,1,1,1,1,0.6927777538956
"16244","1325","Ec_N",271,44,44,"Ec",31,0,1,1,1,1,0.6927777538956
"16245","1325","Ec_N",271,45,45,"Ec",31,0,1,1,1,1,0.6927777538956
"16246","1325","Ec_N",271,46,46,"Ec",31,0,1,1,1,1,0.6927777538956
"16247","1325","Ec_N",271,47,47,"Ec",31,0,1,1,1,1,0.6927777538956
"16248","1325","Ec_N",271,48,48,"Ec",31,0,1,1,1,1,0.6927777538956
"16249","1325","Ec_N",271,49,49,"Ec",31,0,1,1,1,1,0.6927777538956
"16250","1325","Ec_N",271,50,50,"Ec",31,0,1,1,1,1,0.6927777538956
"16251","1325","Ec_N",271,51,51,"Ec",31,0,1,1,1,1,0.6927777538956
"16252","1325","Ec_N",271,52,52,"Ec",31,0,1,1,1,1,0.6927777538956
"16253","1325","Ec_N",271,53,53,"Ec",31,0,1,1,1,1,0.6927777538956
"16254","1325","Ec_N",271,54,54,"Ec",31,0,1,1,1,1,0.6927777538956
"16255","1325","Ec_N",271,55,55,"Ec",31,0,1,1,1,1,0.6927777538956
"16256","1325","Ec_N",271,56,56,"Ec",31,0,1,1,1,1,0.6927777538956
"16257","1325","Ec_N",271,57,57,"Ec",31,0,1,1,1,1,0.6927777538956
"16258","1325","Ec_N",271,58,58,"Ec",31,0,1,1,1,1,0.6927777538956
"16259","1325","Ec_N",271,59,59,"Ec",31,0,1,1,1,1,0.6927777538956
"16260","1325","Ec_N",271,60,60,"Ec",31,0,1,1,1,1,0.6927777538956
"16261","1325","Ec_N",272,1,1,"Ec",1,0,0,0,0,0,0
"16262","1325","Ec_N",272,2,2,"Ec",1,0,0,0,0,0,0
"16263","1325","Ec_N",272,3,3,"Ec",1,0,0,0,0,0,0
"16264","1325","Ec_N",272,4,4,"Ec",1,0,0,0,0,0,0
"16265","1325","Ec_N",272,5,5,"Ec",1,0,0,0,0,0,0
"16266","1325","Ec_N",272,6,6,"Ec",1,0,0,0,0,0,0
"16267","1325","Ec_N",272,7,7,"Ec",1,0,0,0,0,0,0
"16268","1325","Ec_N",272,8,8,"Ec",9,0,0,0,1,0,0.0490244839602376
"16269","1325","Ec_N",272,9,9,"Ec",9,0,0,0,1,0,0.0490244839602376
"16270","1325","Ec_N",272,10,10,"Ec",9,0,0,0,1,0,0.0490244839602376
"16271","1325","Ec_N",272,11,11,"Ec",9,0,0,0,1,0,0.0490244839602376
"16272","1325","Ec_N",272,12,12,"Ec",9,0,0,0,1,0,0.0490244839602376
"16273","1325","Ec_N",272,13,13,"Ec",9,0,0,0,1,0,0.0490244839602376
"16274","1325","Ec_N",272,14,14,"Ec",9,0,0,0,1,0,0.0490244839602376
"16275","1325","Ec_N",272,15,15,"Ec",9,0,0,0,1,0,0.0490244839602376
"16276","1325","Ec_N",272,16,16,"Ec",9,0,0,0,1,0,0.0490244839602376
"16277","1325","Ec_N",272,17,17,"Ec",9,0,0,0,1,0,0.0490244839602376
"16278","1325","Ec_N",272,18,18,"Ec",11,0,1,0,1,0,0.503461616060769
"16279","1325","Ec_N",272,19,19,"Ec",11,0,1,0,1,0,0.503461616060769
"16280","1325","Ec_N",272,20,20,"Ec",12,1,1,0,1,0,0.776685026312455
"16281","1325","Ec_N",272,21,21,"Ec",16,1,1,1,1,0,0.93631405476465
"16282","1325","Ec_N",272,22,22,"Ec",16,1,1,1,1,0,0.93631405476465
"16283","1325","Ec_N",272,23,23,"Ec",16,1,1,1,1,0,0.93631405476465
"16284","1325","Ec_N",272,24,24,"Ec",16,1,1,1,1,0,0.93631405476465
"16285","1325","Ec_N",272,25,25,"Ec",16,1,1,1,1,0,0.93631405476465
"16286","1325","Ec_N",272,26,26,"Ec",16,1,1,1,1,0,0.93631405476465
"16287","1325","Ec_N",272,27,27,"Ec",16,1,1,1,1,0,0.93631405476465
"16288","1325","Ec_N",272,28,28,"Ec",16,1,1,1,1,0,0.93631405476465
"16289","1325","Ec_N",272,29,29,"Ec",16,1,1,1,1,0,0.93631405476465
"16290","1325","Ec_N",272,30,30,"Ec",16,1,1,1,1,0,0.93631405476465
"16291","1325","Ec_N",272,31,31,"Ec",16,1,1,1,1,0,0.93631405476465
"16292","1325","Ec_N",272,32,32,"Ec",16,1,1,1,1,0,0.93631405476465
"16293","1325","Ec_N",272,33,33,"Ec",16,1,1,1,1,0,0.93631405476465
"16294","1325","Ec_N",272,34,34,"Ec",16,1,1,1,1,0,0.93631405476465
"16295","1325","Ec_N",272,35,35,"Ec",16,1,1,1,1,0,0.93631405476465
"16296","1325","Ec_N",272,36,36,"Ec",16,1,1,1,1,0,0.93631405476465
"16297","1325","Ec_N",272,37,37,"Ec",32,1,1,1,1,1,1
"16298","1325","Ec_N",272,38,38,"Ec",32,1,1,1,1,1,1
"16299","1325","Ec_N",272,39,39,"Ec",32,1,1,1,1,1,1
"16300","1325","Ec_N",272,40,40,"Ec",32,1,1,1,1,1,1
"16301","1325","Ec_N",272,41,41,"Ec",32,1,1,1,1,1,1
"16302","1325","Ec_N",272,42,42,"Ec",32,1,1,1,1,1,1
"16303","1325","Ec_N",272,43,43,"Ec",32,1,1,1,1,1,1
"16304","1325","Ec_N",272,44,44,"Ec",32,1,1,1,1,1,1
"16305","1325","Ec_N",272,45,45,"Ec",32,1,1,1,1,1,1
"16306","1325","Ec_N",272,46,46,"Ec",32,1,1,1,1,1,1
"16307","1325","Ec_N",272,47,47,"Ec",32,1,1,1,1,1,1
"16308","1325","Ec_N",272,48,48,"Ec",32,1,1,1,1,1,1
"16309","1325","Ec_N",272,49,49,"Ec",32,1,1,1,1,1,1
"16310","1325","Ec_N",272,50,50,"Ec",32,1,1,1,1,1,1
"16311","1325","Ec_N",272,51,51,"Ec",32,1,1,1,1,1,1
"16312","1325","Ec_N",272,52,52,"Ec",32,1,1,1,1,1,1
"16313","1325","Ec_N",272,53,53,"Ec",32,1,1,1,1,1,1
"16314","1325","Ec_N",272,54,54,"Ec",32,1,1,1,1,1,1
"16315","1325","Ec_N",272,55,55,"Ec",32,1,1,1,1,1,1
"16316","1325","Ec_N",272,56,56,"Ec",32,1,1,1,1,1,1
"16317","1325","Ec_N",272,57,57,"Ec",32,1,1,1,1,1,1
"16318","1325","Ec_N",272,58,58,"Ec",32,1,1,1,1,1,1
"16319","1325","Ec_N",272,59,59,"Ec",32,1,1,1,1,1,1
"16320","1325","Ec_N",272,60,60,"Ec",32,1,1,1,1,1,1
"16321","1325","Ec_N",273,1,1,"Ec",1,0,0,0,0,0,0
"16322","1325","Ec_N",273,2,2,"Ec",1,0,0,0,0,0,0
"16323","1325","Ec_N",273,3,3,"Ec",1,0,0,0,0,0,0
"16324","1325","Ec_N",273,4,4,"Ec",1,0,0,0,0,0,0
"16325","1325","Ec_N",273,5,5,"Ec",1,0,0,0,0,0,0
"16326","1325","Ec_N",273,6,6,"Ec",1,0,0,0,0,0,0
"16327","1325","Ec_N",273,7,7,"Ec",1,0,0,0,0,0,0
"16328","1325","Ec_N",273,8,8,"Ec",9,0,0,0,1,0,0.0490244839602376
"16329","1325","Ec_N",273,9,9,"Ec",9,0,0,0,1,0,0.0490244839602376
"16330","1325","Ec_N",273,10,10,"Ec",9,0,0,0,1,0,0.0490244839602376
"16331","1325","Ec_N",273,11,11,"Ec",9,0,0,0,1,0,0.0490244839602376
"16332","1325","Ec_N",273,12,12,"Ec",9,0,0,0,1,0,0.0490244839602376
"16333","1325","Ec_N",273,13,13,"Ec",11,0,1,0,1,0,0.503461616060769
"16334","1325","Ec_N",273,14,14,"Ec",11,0,1,0,1,0,0.503461616060769
"16335","1325","Ec_N",273,15,15,"Ec",11,0,1,0,1,0,0.503461616060769
"16336","1325","Ec_N",273,16,16,"Ec",11,0,1,0,1,0,0.503461616060769
"16337","1325","Ec_N",273,17,17,"Ec",11,0,1,0,1,0,0.503461616060769
"16338","1325","Ec_N",273,18,18,"Ec",11,0,1,0,1,0,0.503461616060769
"16339","1325","Ec_N",273,19,19,"Ec",11,0,1,0,1,0,0.503461616060769
"16340","1325","Ec_N",273,20,20,"Ec",11,0,1,0,1,0,0.503461616060769
"16341","1325","Ec_N",273,21,21,"Ec",15,0,1,1,1,0,0.62909180866025
"16342","1325","Ec_N",273,22,22,"Ec",15,0,1,1,1,0,0.62909180866025
"16343","1325","Ec_N",273,23,23,"Ec",15,0,1,1,1,0,0.62909180866025
"16344","1325","Ec_N",273,24,24,"Ec",15,0,1,1,1,0,0.62909180866025
"16345","1325","Ec_N",273,25,25,"Ec",15,0,1,1,1,0,0.62909180866025
"16346","1325","Ec_N",273,26,26,"Ec",15,0,1,1,1,0,0.62909180866025
"16347","1325","Ec_N",273,27,27,"Ec",16,1,1,1,1,0,0.93631405476465
"16348","1325","Ec_N",273,28,28,"Ec",16,1,1,1,1,0,0.93631405476465
"16349","1325","Ec_N",273,29,29,"Ec",16,1,1,1,1,0,0.93631405476465
"16350","1325","Ec_N",273,30,30,"Ec",16,1,1,1,1,0,0.93631405476465
"16351","1325","Ec_N",273,31,31,"Ec",16,1,1,1,1,0,0.93631405476465
"16352","1325","Ec_N",273,32,32,"Ec",16,1,1,1,1,0,0.93631405476465
"16353","1325","Ec_N",273,33,33,"Ec",32,1,1,1,1,1,1
"16354","1325","Ec_N",273,34,34,"Ec",32,1,1,1,1,1,1
"16355","1325","Ec_N",273,35,35,"Ec",32,1,1,1,1,1,1
"16356","1325","Ec_N",273,36,36,"Ec",32,1,1,1,1,1,1
"16357","1325","Ec_N",273,37,37,"Ec",32,1,1,1,1,1,1
"16358","1325","Ec_N",273,38,38,"Ec",32,1,1,1,1,1,1
"16359","1325","Ec_N",273,39,39,"Ec",32,1,1,1,1,1,1
"16360","1325","Ec_N",273,40,40,"Ec",32,1,1,1,1,1,1
"16361","1325","Ec_N",273,41,41,"Ec",32,1,1,1,1,1,1
"16362","1325","Ec_N",273,42,42,"Ec",32,1,1,1,1,1,1
"16363","1325","Ec_N",273,43,43,"Ec",32,1,1,1,1,1,1
"16364","1325","Ec_N",273,44,44,"Ec",32,1,1,1,1,1,1
"16365","1325","Ec_N",273,45,45,"Ec",32,1,1,1,1,1,1
"16366","1325","Ec_N",273,46,46,"Ec",32,1,1,1,1,1,1
"16367","1325","Ec_N",273,47,47,"Ec",32,1,1,1,1,1,1
"16368","1325","Ec_N",273,48,48,"Ec",32,1,1,1,1,1,1
"16369","1325","Ec_N",273,49,49,"Ec",32,1,1,1,1,1,1
"16370","1325","Ec_N",273,50,50,"Ec",32,1,1,1,1,1,1
"16371","1325","Ec_N",273,51,51,"Ec",32,1,1,1,1,1,1
"16372","1325","Ec_N",273,52,52,"Ec",32,1,1,1,1,1,1
"16373","1325","Ec_N",273,53,53,"Ec",32,1,1,1,1,1,1
"16374","1325","Ec_N",273,54,54,"Ec",32,1,1,1,1,1,1
"16375","1325","Ec_N",273,55,55,"Ec",32,1,1,1,1,1,1
"16376","1325","Ec_N",273,56,56,"Ec",32,1,1,1,1,1,1
"16377","1325","Ec_N",273,57,57,"Ec",32,1,1,1,1,1,1
"16378","1325","Ec_N",273,58,58,"Ec",32,1,1,1,1,1,1
"16379","1325","Ec_N",273,59,59,"Ec",32,1,1,1,1,1,1
"16380","1325","Ec_N",273,60,60,"Ec",32,1,1,1,1,1,1
"16381","1325","Ec_N",274,1,1,"Ec",1,0,0,0,0,0,0
"16382","1325","Ec_N",274,2,2,"Ec",1,0,0,0,0,0,0
"16383","1325","Ec_N",274,3,3,"Ec",1,0,0,0,0,0,0
"16384","1325","Ec_N",274,4,4,"Ec",5,0,0,1,0,0,0.159629028452195
"16385","1325","Ec_N",274,5,5,"Ec",5,0,0,1,0,0,0.159629028452195
"16386","1325","Ec_N",274,6,6,"Ec",5,0,0,1,0,0,0.159629028452195
"16387","1325","Ec_N",274,7,7,"Ec",5,0,0,1,0,0,0.159629028452195
"16388","1325","Ec_N",274,8,8,"Ec",5,0,0,1,0,0,0.159629028452195
"16389","1325","Ec_N",274,9,9,"Ec",5,0,0,1,0,0,0.159629028452195
"16390","1325","Ec_N",274,10,10,"Ec",13,0,0,1,1,0,0.208653512412432
"16391","1325","Ec_N",274,11,11,"Ec",13,0,0,1,1,0,0.208653512412432
"16392","1325","Ec_N",274,12,12,"Ec",13,0,0,1,1,0,0.208653512412432
"16393","1325","Ec_N",274,13,13,"Ec",13,0,0,1,1,0,0.208653512412432
"16394","1325","Ec_N",274,14,14,"Ec",13,0,0,1,1,0,0.208653512412432
"16395","1325","Ec_N",274,15,15,"Ec",13,0,0,1,1,0,0.208653512412432
"16396","1325","Ec_N",274,16,16,"Ec",13,0,0,1,1,0,0.208653512412432
"16397","1325","Ec_N",274,17,17,"Ec",13,0,0,1,1,0,0.208653512412432
"16398","1325","Ec_N",274,18,18,"Ec",13,0,0,1,1,0,0.208653512412432
"16399","1325","Ec_N",274,19,19,"Ec",13,0,0,1,1,0,0.208653512412432
"16400","1325","Ec_N",274,20,20,"Ec",29,0,0,1,1,1,0.272339457647783
"16401","1325","Ec_N",274,21,21,"Ec",29,0,0,1,1,1,0.272339457647783
"16402","1325","Ec_N",274,22,22,"Ec",31,0,1,1,1,1,0.6927777538956
"16403","1325","Ec_N",274,23,23,"Ec",31,0,1,1,1,1,0.6927777538956
"16404","1325","Ec_N",274,24,24,"Ec",31,0,1,1,1,1,0.6927777538956
"16405","1325","Ec_N",274,25,25,"Ec",31,0,1,1,1,1,0.6927777538956
"16406","1325","Ec_N",274,26,26,"Ec",32,1,1,1,1,1,1
"16407","1325","Ec_N",274,27,27,"Ec",32,1,1,1,1,1,1
"16408","1325","Ec_N",274,28,28,"Ec",32,1,1,1,1,1,1
"16409","1325","Ec_N",274,29,29,"Ec",32,1,1,1,1,1,1
"16410","1325","Ec_N",274,30,30,"Ec",32,1,1,1,1,1,1
"16411","1325","Ec_N",274,31,31,"Ec",32,1,1,1,1,1,1
"16412","1325","Ec_N",274,32,32,"Ec",32,1,1,1,1,1,1
"16413","1325","Ec_N",274,33,33,"Ec",32,1,1,1,1,1,1
"16414","1325","Ec_N",274,34,34,"Ec",32,1,1,1,1,1,1
"16415","1325","Ec_N",274,35,35,"Ec",32,1,1,1,1,1,1
"16416","1325","Ec_N",274,36,36,"Ec",32,1,1,1,1,1,1
"16417","1325","Ec_N",274,37,37,"Ec",32,1,1,1,1,1,1
"16418","1325","Ec_N",274,38,38,"Ec",32,1,1,1,1,1,1
"16419","1325","Ec_N",274,39,39,"Ec",32,1,1,1,1,1,1
"16420","1325","Ec_N",274,40,40,"Ec",32,1,1,1,1,1,1
"16421","1325","Ec_N",274,41,41,"Ec",32,1,1,1,1,1,1
"16422","1325","Ec_N",274,42,42,"Ec",32,1,1,1,1,1,1
"16423","1325","Ec_N",274,43,43,"Ec",32,1,1,1,1,1,1
"16424","1325","Ec_N",274,44,44,"Ec",32,1,1,1,1,1,1
"16425","1325","Ec_N",274,45,45,"Ec",32,1,1,1,1,1,1
"16426","1325","Ec_N",274,46,46,"Ec",32,1,1,1,1,1,1
"16427","1325","Ec_N",274,47,47,"Ec",32,1,1,1,1,1,1
"16428","1325","Ec_N",274,48,48,"Ec",32,1,1,1,1,1,1
"16429","1325","Ec_N",274,49,49,"Ec",32,1,1,1,1,1,1
"16430","1325","Ec_N",274,50,50,"Ec",32,1,1,1,1,1,1
"16431","1325","Ec_N",274,51,51,"Ec",32,1,1,1,1,1,1
"16432","1325","Ec_N",274,52,52,"Ec",32,1,1,1,1,1,1
"16433","1325","Ec_N",274,53,53,"Ec",32,1,1,1,1,1,1
"16434","1325","Ec_N",274,54,54,"Ec",32,1,1,1,1,1,1
"16435","1325","Ec_N",274,55,55,"Ec",32,1,1,1,1,1,1
"16436","1325","Ec_N",274,56,56,"Ec",32,1,1,1,1,1,1
"16437","1325","Ec_N",274,57,57,"Ec",32,1,1,1,1,1,1
"16438","1325","Ec_N",274,58,58,"Ec",32,1,1,1,1,1,1
"16439","1325","Ec_N",274,59,59,"Ec",32,1,1,1,1,1,1
"16440","1325","Ec_N",274,60,60,"Ec",32,1,1,1,1,1,1
"16441","1325","Ec_N",275,1,1,"Ec",1,0,0,0,0,0,0
"16442","1325","Ec_N",275,2,2,"Ec",1,0,0,0,0,0,0
"16443","1325","Ec_N",275,3,3,"Ec",1,0,0,0,0,0,0
"16444","1325","Ec_N",275,4,4,"Ec",1,0,0,0,0,0,0
"16445","1325","Ec_N",275,5,5,"Ec",2,1,0,0,0,0,0.3072222461044
"16446","1325","Ec_N",275,6,6,"Ec",2,1,0,0,0,0,0.3072222461044
"16447","1325","Ec_N",275,7,7,"Ec",2,1,0,0,0,0,0.3072222461044
"16448","1325","Ec_N",275,8,8,"Ec",2,1,0,0,0,0,0.3072222461044
"16449","1325","Ec_N",275,9,9,"Ec",2,1,0,0,0,0,0.3072222461044
"16450","1325","Ec_N",275,10,10,"Ec",2,1,0,0,0,0,0.3072222461044
"16451","1325","Ec_N",275,11,11,"Ec",4,1,1,0,0,0,0.727660542352217
"16452","1325","Ec_N",275,12,12,"Ec",4,1,1,0,0,0,0.727660542352217
"16453","1325","Ec_N",275,13,13,"Ec",4,1,1,0,0,0,0.727660542352217
"16454","1325","Ec_N",275,14,14,"Ec",4,1,1,0,0,0,0.727660542352217
"16455","1325","Ec_N",275,15,15,"Ec",4,1,1,0,0,0,0.727660542352217
"16456","1325","Ec_N",275,16,16,"Ec",4,1,1,0,0,0,0.727660542352217
"16457","1325","Ec_N",275,17,17,"Ec",4,1,1,0,0,0,0.727660542352217
"16458","1325","Ec_N",275,18,18,"Ec",4,1,1,0,0,0,0.727660542352217
"16459","1325","Ec_N",275,19,19,"Ec",4,1,1,0,0,0,0.727660542352217
"16460","1325","Ec_N",275,20,20,"Ec",4,1,1,0,0,0,0.727660542352217
"16461","1325","Ec_N",275,21,21,"Ec",4,1,1,0,0,0,0.727660542352217
"16462","1325","Ec_N",275,22,22,"Ec",8,1,1,1,0,0,0.887289570804412
"16463","1325","Ec_N",275,23,23,"Ec",8,1,1,1,0,0,0.887289570804412
"16464","1325","Ec_N",275,24,24,"Ec",8,1,1,1,0,0,0.887289570804412
"16465","1325","Ec_N",275,25,25,"Ec",8,1,1,1,0,0,0.887289570804412
"16466","1325","Ec_N",275,26,26,"Ec",8,1,1,1,0,0,0.887289570804412
"16467","1325","Ec_N",275,27,27,"Ec",8,1,1,1,0,0,0.887289570804412
"16468","1325","Ec_N",275,28,28,"Ec",8,1,1,1,0,0,0.887289570804412
"16469","1325","Ec_N",275,29,29,"Ec",8,1,1,1,0,0,0.887289570804412
"16470","1325","Ec_N",275,30,30,"Ec",8,1,1,1,0,0,0.887289570804412
"16471","1325","Ec_N",275,31,31,"Ec",8,1,1,1,0,0,0.887289570804412
"16472","1325","Ec_N",275,32,32,"Ec",8,1,1,1,0,0,0.887289570804412
"16473","1325","Ec_N",275,33,33,"Ec",8,1,1,1,0,0,0.887289570804412
"16474","1325","Ec_N",275,34,34,"Ec",8,1,1,1,0,0,0.887289570804412
"16475","1325","Ec_N",275,35,35,"Ec",8,1,1,1,0,0,0.887289570804412
"16476","1325","Ec_N",275,36,36,"Ec",8,1,1,1,0,0,0.887289570804412
"16477","1325","Ec_N",275,37,37,"Ec",8,1,1,1,0,0,0.887289570804412
"16478","1325","Ec_N",275,38,38,"Ec",8,1,1,1,0,0,0.887289570804412
"16479","1325","Ec_N",275,39,39,"Ec",8,1,1,1,0,0,0.887289570804412
"16480","1325","Ec_N",275,40,40,"Ec",8,1,1,1,0,0,0.887289570804412
"16481","1325","Ec_N",275,41,41,"Ec",16,1,1,1,1,0,0.93631405476465
"16482","1325","Ec_N",275,42,42,"Ec",32,1,1,1,1,1,1
"16483","1325","Ec_N",275,43,43,"Ec",32,1,1,1,1,1,1
"16484","1325","Ec_N",275,44,44,"Ec",32,1,1,1,1,1,1
"16485","1325","Ec_N",275,45,45,"Ec",32,1,1,1,1,1,1
"16486","1325","Ec_N",275,46,46,"Ec",32,1,1,1,1,1,1
"16487","1325","Ec_N",275,47,47,"Ec",32,1,1,1,1,1,1
"16488","1325","Ec_N",275,48,48,"Ec",32,1,1,1,1,1,1
"16489","1325","Ec_N",275,49,49,"Ec",32,1,1,1,1,1,1
"16490","1325","Ec_N",275,50,50,"Ec",32,1,1,1,1,1,1
"16491","1325","Ec_N",275,51,51,"Ec",32,1,1,1,1,1,1
"16492","1325","Ec_N",275,52,52,"Ec",32,1,1,1,1,1,1
"16493","1325","Ec_N",275,53,53,"Ec",32,1,1,1,1,1,1
"16494","1325","Ec_N",275,54,54,"Ec",32,1,1,1,1,1,1
"16495","1325","Ec_N",275,55,55,"Ec",32,1,1,1,1,1,1
"16496","1325","Ec_N",275,56,56,"Ec",32,1,1,1,1,1,1
"16497","1325","Ec_N",275,57,57,"Ec",32,1,1,1,1,1,1
"16498","1325","Ec_N",275,58,58,"Ec",32,1,1,1,1,1,1
"16499","1325","Ec_N",275,59,59,"Ec",32,1,1,1,1,1,1
"16500","1325","Ec_N",275,60,60,"Ec",32,1,1,1,1,1,1
"16501","1325","Ec_N",276,1,1,"Ec",1,0,0,0,0,0,0
"16502","1325","Ec_N",276,2,2,"Ec",17,0,0,0,0,1,0.0636859452353503
"16503","1325","Ec_N",276,3,3,"Ec",17,0,0,0,0,1,0.0636859452353503
"16504","1325","Ec_N",276,4,4,"Ec",17,0,0,0,0,1,0.0636859452353503
"16505","1325","Ec_N",276,5,5,"Ec",17,0,0,0,0,1,0.0636859452353503
"16506","1325","Ec_N",276,6,6,"Ec",17,0,0,0,0,1,0.0636859452353503
"16507","1325","Ec_N",276,7,7,"Ec",19,0,1,0,0,1,0.484124241483168
"16508","1325","Ec_N",276,8,8,"Ec",19,0,1,0,0,1,0.484124241483168
"16509","1325","Ec_N",276,9,9,"Ec",19,0,1,0,0,1,0.484124241483168
"16510","1325","Ec_N",276,10,10,"Ec",27,0,1,0,1,1,0.533148725443406
"16511","1325","Ec_N",276,11,11,"Ec",27,0,1,0,1,1,0.533148725443406
"16512","1325","Ec_N",276,12,12,"Ec",27,0,1,0,1,1,0.533148725443406
"16513","1325","Ec_N",276,13,13,"Ec",27,0,1,0,1,1,0.533148725443406
"16514","1325","Ec_N",276,14,14,"Ec",27,0,1,0,1,1,0.533148725443406
"16515","1325","Ec_N",276,15,15,"Ec",27,0,1,0,1,1,0.533148725443406
"16516","1325","Ec_N",276,16,16,"Ec",27,0,1,0,1,1,0.533148725443406
"16517","1325","Ec_N",276,17,17,"Ec",27,0,1,0,1,1,0.533148725443406
"16518","1325","Ec_N",276,18,18,"Ec",27,0,1,0,1,1,0.533148725443406
"16519","1325","Ec_N",276,19,19,"Ec",27,0,1,0,1,1,0.533148725443406
"16520","1325","Ec_N",276,20,20,"Ec",27,0,1,0,1,1,0.533148725443406
"16521","1325","Ec_N",276,21,21,"Ec",27,0,1,0,1,1,0.533148725443406
"16522","1325","Ec_N",276,22,22,"Ec",31,0,1,1,1,1,0.6927777538956
"16523","1325","Ec_N",276,23,23,"Ec",31,0,1,1,1,1,0.6927777538956
"16524","1325","Ec_N",276,24,24,"Ec",31,0,1,1,1,1,0.6927777538956
"16525","1325","Ec_N",276,25,25,"Ec",31,0,1,1,1,1,0.6927777538956
"16526","1325","Ec_N",276,26,26,"Ec",31,0,1,1,1,1,0.6927777538956
"16527","1325","Ec_N",276,27,27,"Ec",31,0,1,1,1,1,0.6927777538956
"16528","1325","Ec_N",276,28,28,"Ec",31,0,1,1,1,1,0.6927777538956
"16529","1325","Ec_N",276,29,29,"Ec",31,0,1,1,1,1,0.6927777538956
"16530","1325","Ec_N",276,30,30,"Ec",31,0,1,1,1,1,0.6927777538956
"16531","1325","Ec_N",276,31,31,"Ec",31,0,1,1,1,1,0.6927777538956
"16532","1325","Ec_N",276,32,32,"Ec",31,0,1,1,1,1,0.6927777538956
"16533","1325","Ec_N",276,33,33,"Ec",31,0,1,1,1,1,0.6927777538956
"16534","1325","Ec_N",276,34,34,"Ec",31,0,1,1,1,1,0.6927777538956
"16535","1325","Ec_N",276,35,35,"Ec",31,0,1,1,1,1,0.6927777538956
"16536","1325","Ec_N",276,36,36,"Ec",31,0,1,1,1,1,0.6927777538956
"16537","1325","Ec_N",276,37,37,"Ec",31,0,1,1,1,1,0.6927777538956
"16538","1325","Ec_N",276,38,38,"Ec",31,0,1,1,1,1,0.6927777538956
"16539","1325","Ec_N",276,39,39,"Ec",31,0,1,1,1,1,0.6927777538956
"16540","1325","Ec_N",276,40,40,"Ec",31,0,1,1,1,1,0.6927777538956
"16541","1325","Ec_N",276,41,41,"Ec",32,1,1,1,1,1,1
"16542","1325","Ec_N",276,42,42,"Ec",32,1,1,1,1,1,1
"16543","1325","Ec_N",276,43,43,"Ec",32,1,1,1,1,1,1
"16544","1325","Ec_N",276,44,44,"Ec",32,1,1,1,1,1,1
"16545","1325","Ec_N",276,45,45,"Ec",32,1,1,1,1,1,1
"16546","1325","Ec_N",276,46,46,"Ec",32,1,1,1,1,1,1
"16547","1325","Ec_N",276,47,47,"Ec",32,1,1,1,1,1,1
"16548","1325","Ec_N",276,48,48,"Ec",32,1,1,1,1,1,1
"16549","1325","Ec_N",276,49,49,"Ec",32,1,1,1,1,1,1
"16550","1325","Ec_N",276,50,50,"Ec",32,1,1,1,1,1,1
"16551","1325","Ec_N",276,51,51,"Ec",32,1,1,1,1,1,1
"16552","1325","Ec_N",276,52,52,"Ec",32,1,1,1,1,1,1
"16553","1325","Ec_N",276,53,53,"Ec",32,1,1,1,1,1,1
"16554","1325","Ec_N",276,54,54,"Ec",32,1,1,1,1,1,1
"16555","1325","Ec_N",276,55,55,"Ec",32,1,1,1,1,1,1
"16556","1325","Ec_N",276,56,56,"Ec",32,1,1,1,1,1,1
"16557","1325","Ec_N",276,57,57,"Ec",32,1,1,1,1,1,1
"16558","1325","Ec_N",276,58,58,"Ec",32,1,1,1,1,1,1
"16559","1325","Ec_N",276,59,59,"Ec",32,1,1,1,1,1,1
"16560","1325","Ec_N",276,60,60,"Ec",32,1,1,1,1,1,1
"16561","1325","Ec_N",277,1,1,"Ec",1,0,0,0,0,0,0
"16562","1325","Ec_N",277,2,2,"Ec",1,0,0,0,0,0,0
"16563","1325","Ec_N",277,3,3,"Ec",17,0,0,0,0,1,0.0636859452353503
"16564","1325","Ec_N",277,4,4,"Ec",17,0,0,0,0,1,0.0636859452353503
"16565","1325","Ec_N",277,5,5,"Ec",17,0,0,0,0,1,0.0636859452353503
"16566","1325","Ec_N",277,6,6,"Ec",19,0,1,0,0,1,0.484124241483168
"16567","1325","Ec_N",277,7,7,"Ec",19,0,1,0,0,1,0.484124241483168
"16568","1325","Ec_N",277,8,8,"Ec",19,0,1,0,0,1,0.484124241483168
"16569","1325","Ec_N",277,9,9,"Ec",19,0,1,0,0,1,0.484124241483168
"16570","1325","Ec_N",277,10,10,"Ec",19,0,1,0,0,1,0.484124241483168
"16571","1325","Ec_N",277,11,11,"Ec",19,0,1,0,0,1,0.484124241483168
"16572","1325","Ec_N",277,12,12,"Ec",19,0,1,0,0,1,0.484124241483168
"16573","1325","Ec_N",277,13,13,"Ec",19,0,1,0,0,1,0.484124241483168
"16574","1325","Ec_N",277,14,14,"Ec",19,0,1,0,0,1,0.484124241483168
"16575","1325","Ec_N",277,15,15,"Ec",19,0,1,0,0,1,0.484124241483168
"16576","1325","Ec_N",277,16,16,"Ec",19,0,1,0,0,1,0.484124241483168
"16577","1325","Ec_N",277,17,17,"Ec",19,0,1,0,0,1,0.484124241483168
"16578","1325","Ec_N",277,18,18,"Ec",19,0,1,0,0,1,0.484124241483168
"16579","1325","Ec_N",277,19,19,"Ec",19,0,1,0,0,1,0.484124241483168
"16580","1325","Ec_N",277,20,20,"Ec",19,0,1,0,0,1,0.484124241483168
"16581","1325","Ec_N",277,21,21,"Ec",19,0,1,0,0,1,0.484124241483168
"16582","1325","Ec_N",277,22,22,"Ec",19,0,1,0,0,1,0.484124241483168
"16583","1325","Ec_N",277,23,23,"Ec",19,0,1,0,0,1,0.484124241483168
"16584","1325","Ec_N",277,24,24,"Ec",23,0,1,1,0,1,0.57389469344254
"16585","1325","Ec_N",277,25,25,"Ec",23,0,1,1,0,1,0.57389469344254
"16586","1325","Ec_N",277,26,26,"Ec",23,0,1,1,0,1,0.57389469344254
"16587","1325","Ec_N",277,27,27,"Ec",23,0,1,1,0,1,0.57389469344254
"16588","1325","Ec_N",277,28,28,"Ec",23,0,1,1,0,1,0.57389469344254
"16589","1325","Ec_N",277,29,29,"Ec",23,0,1,1,0,1,0.57389469344254
"16590","1325","Ec_N",277,30,30,"Ec",23,0,1,1,0,1,0.57389469344254
"16591","1325","Ec_N",277,31,31,"Ec",23,0,1,1,0,1,0.57389469344254
"16592","1325","Ec_N",277,32,32,"Ec",23,0,1,1,0,1,0.57389469344254
"16593","1325","Ec_N",277,33,33,"Ec",23,0,1,1,0,1,0.57389469344254
"16594","1325","Ec_N",277,34,34,"Ec",23,0,1,1,0,1,0.57389469344254
"16595","1325","Ec_N",277,35,35,"Ec",23,0,1,1,0,1,0.57389469344254
"16596","1325","Ec_N",277,36,36,"Ec",23,0,1,1,0,1,0.57389469344254
"16597","1325","Ec_N",277,37,37,"Ec",23,0,1,1,0,1,0.57389469344254
"16598","1325","Ec_N",277,38,38,"Ec",23,0,1,1,0,1,0.57389469344254
"16599","1325","Ec_N",277,39,39,"Ec",23,0,1,1,0,1,0.57389469344254
"16600","1325","Ec_N",277,40,40,"Ec",24,1,1,1,0,1,0.872975948786018
"16601","1325","Ec_N",277,41,41,"Ec",24,1,1,1,0,1,0.872975948786018
"16602","1325","Ec_N",277,42,42,"Ec",24,1,1,1,0,1,0.872975948786018
"16603","1325","Ec_N",277,43,43,"Ec",24,1,1,1,0,1,0.872975948786018
"16604","1325","Ec_N",277,44,44,"Ec",24,1,1,1,0,1,0.872975948786018
"16605","1325","Ec_N",277,45,45,"Ec",24,1,1,1,0,1,0.872975948786018
"16606","1325","Ec_N",277,46,46,"Ec",24,1,1,1,0,1,0.872975948786018
"16607","1325","Ec_N",277,47,47,"Ec",24,1,1,1,0,1,0.872975948786018
"16608","1325","Ec_N",277,48,48,"Ec",24,1,1,1,0,1,0.872975948786018
"16609","1325","Ec_N",277,49,49,"Ec",24,1,1,1,0,1,0.872975948786018
"16610","1325","Ec_N",277,50,50,"Ec",24,1,1,1,0,1,0.872975948786018
"16611","1325","Ec_N",277,51,51,"Ec",24,1,1,1,0,1,0.872975948786018
"16612","1325","Ec_N",277,52,52,"Ec",24,1,1,1,0,1,0.872975948786018
"16613","1325","Ec_N",277,53,53,"Ec",24,1,1,1,0,1,0.872975948786018
"16614","1325","Ec_N",277,54,54,"Ec",8,1,1,1,0,0,0.887289570804412
"16615","1325","Ec_N",277,55,55,"Ec",8,1,1,1,0,0,0.887289570804412
"16616","1325","Ec_N",277,56,56,"Ec",8,1,1,1,0,0,0.887289570804412
"16617","1325","Ec_N",277,57,57,"Ec",8,1,1,1,0,0,0.887289570804412
"16618","1325","Ec_N",277,58,58,"Ec",8,1,1,1,0,0,0.887289570804412
"16619","1325","Ec_N",277,59,59,"Ec",8,1,1,1,0,0,0.887289570804412
"16620","1325","Ec_N",277,60,60,"Ec",8,1,1,1,0,0,0.887289570804412
"16621","1325","Ec_N",278,1,1,"Ec",1,0,0,0,0,0,0
"16622","1325","Ec_N",278,2,2,"Ec",1,0,0,0,0,0,0
"16623","1325","Ec_N",278,3,3,"Ec",1,0,0,0,0,0,0
"16624","1325","Ec_N",278,4,4,"Ec",1,0,0,0,0,0,0
"16625","1325","Ec_N",278,5,5,"Ec",3,0,1,0,0,0,0.420438296247818
"16626","1325","Ec_N",278,6,6,"Ec",3,0,1,0,0,0,0.420438296247818
"16627","1325","Ec_N",278,7,7,"Ec",3,0,1,0,0,0,0.420438296247818
"16628","1325","Ec_N",278,8,8,"Ec",3,0,1,0,0,0,0.420438296247818
"16629","1325","Ec_N",278,9,9,"Ec",11,0,1,0,1,0,0.503461616060769
"16630","1325","Ec_N",278,10,10,"Ec",15,0,1,1,1,0,0.62909180866025
"16631","1325","Ec_N",278,11,11,"Ec",16,1,1,1,1,0,0.93631405476465
"16632","1325","Ec_N",278,12,12,"Ec",32,1,1,1,1,1,1
"16633","1325","Ec_N",278,13,13,"Ec",32,1,1,1,1,1,1
"16634","1325","Ec_N",278,14,14,"Ec",32,1,1,1,1,1,1
"16635","1325","Ec_N",278,15,15,"Ec",32,1,1,1,1,1,1
"16636","1325","Ec_N",278,16,16,"Ec",32,1,1,1,1,1,1
"16637","1325","Ec_N",278,17,17,"Ec",32,1,1,1,1,1,1
"16638","1325","Ec_N",278,18,18,"Ec",32,1,1,1,1,1,1
"16639","1325","Ec_N",278,19,19,"Ec",32,1,1,1,1,1,1
"16640","1325","Ec_N",278,20,20,"Ec",32,1,1,1,1,1,1
"16641","1325","Ec_N",278,21,21,"Ec",32,1,1,1,1,1,1
"16642","1325","Ec_N",278,22,22,"Ec",32,1,1,1,1,1,1
"16643","1325","Ec_N",278,23,23,"Ec",32,1,1,1,1,1,1
"16644","1325","Ec_N",278,24,24,"Ec",32,1,1,1,1,1,1
"16645","1325","Ec_N",278,25,25,"Ec",32,1,1,1,1,1,1
"16646","1325","Ec_N",278,26,26,"Ec",32,1,1,1,1,1,1
"16647","1325","Ec_N",278,27,27,"Ec",32,1,1,1,1,1,1
"16648","1325","Ec_N",278,28,28,"Ec",32,1,1,1,1,1,1
"16649","1325","Ec_N",278,29,29,"Ec",32,1,1,1,1,1,1
"16650","1325","Ec_N",278,30,30,"Ec",32,1,1,1,1,1,1
"16651","1325","Ec_N",278,31,31,"Ec",32,1,1,1,1,1,1
"16652","1325","Ec_N",278,32,32,"Ec",32,1,1,1,1,1,1
"16653","1325","Ec_N",278,33,33,"Ec",32,1,1,1,1,1,1
"16654","1325","Ec_N",278,34,34,"Ec",32,1,1,1,1,1,1
"16655","1325","Ec_N",278,35,35,"Ec",32,1,1,1,1,1,1
"16656","1325","Ec_N",278,36,36,"Ec",32,1,1,1,1,1,1
"16657","1325","Ec_N",278,37,37,"Ec",32,1,1,1,1,1,1
"16658","1325","Ec_N",278,38,38,"Ec",32,1,1,1,1,1,1
"16659","1325","Ec_N",278,39,39,"Ec",32,1,1,1,1,1,1
"16660","1325","Ec_N",278,40,40,"Ec",32,1,1,1,1,1,1
"16661","1325","Ec_N",278,41,41,"Ec",32,1,1,1,1,1,1
"16662","1325","Ec_N",278,42,42,"Ec",32,1,1,1,1,1,1
"16663","1325","Ec_N",278,43,43,"Ec",32,1,1,1,1,1,1
"16664","1325","Ec_N",278,44,44,"Ec",32,1,1,1,1,1,1
"16665","1325","Ec_N",278,45,45,"Ec",32,1,1,1,1,1,1
"16666","1325","Ec_N",278,46,46,"Ec",32,1,1,1,1,1,1
"16667","1325","Ec_N",278,47,47,"Ec",32,1,1,1,1,1,1
"16668","1325","Ec_N",278,48,48,"Ec",32,1,1,1,1,1,1
"16669","1325","Ec_N",278,49,49,"Ec",32,1,1,1,1,1,1
"16670","1325","Ec_N",278,50,50,"Ec",32,1,1,1,1,1,1
"16671","1325","Ec_N",278,51,51,"Ec",32,1,1,1,1,1,1
"16672","1325","Ec_N",278,52,52,"Ec",32,1,1,1,1,1,1
"16673","1325","Ec_N",278,53,53,"Ec",32,1,1,1,1,1,1
"16674","1325","Ec_N",278,54,54,"Ec",32,1,1,1,1,1,1
"16675","1325","Ec_N",278,55,55,"Ec",32,1,1,1,1,1,1
"16676","1325","Ec_N",278,56,56,"Ec",32,1,1,1,1,1,1
"16677","1325","Ec_N",278,57,57,"Ec",32,1,1,1,1,1,1
"16678","1325","Ec_N",278,58,58,"Ec",32,1,1,1,1,1,1
"16679","1325","Ec_N",278,59,59,"Ec",32,1,1,1,1,1,1
"16680","1325","Ec_N",278,60,60,"Ec",32,1,1,1,1,1,1
"16681","1325","Ec_N",279,1,1,"Ec",1,0,0,0,0,0,0
"16682","1325","Ec_N",279,2,2,"Ec",1,0,0,0,0,0,0
"16683","1325","Ec_N",279,3,3,"Ec",1,0,0,0,0,0,0
"16684","1325","Ec_N",279,4,4,"Ec",1,0,0,0,0,0,0
"16685","1325","Ec_N",279,5,5,"Ec",5,0,0,1,0,0,0.159629028452195
"16686","1325","Ec_N",279,6,6,"Ec",5,0,0,1,0,0,0.159629028452195
"16687","1325","Ec_N",279,7,7,"Ec",5,0,0,1,0,0,0.159629028452195
"16688","1325","Ec_N",279,8,8,"Ec",5,0,0,1,0,0,0.159629028452195
"16689","1325","Ec_N",279,9,9,"Ec",5,0,0,1,0,0,0.159629028452195
"16690","1325","Ec_N",279,10,10,"Ec",5,0,0,1,0,0,0.159629028452195
"16691","1325","Ec_N",279,11,11,"Ec",5,0,0,1,0,0,0.159629028452195
"16692","1325","Ec_N",279,12,12,"Ec",5,0,0,1,0,0,0.159629028452195
"16693","1325","Ec_N",279,13,13,"Ec",5,0,0,1,0,0,0.159629028452195
"16694","1325","Ec_N",279,14,14,"Ec",13,0,0,1,1,0,0.208653512412432
"16695","1325","Ec_N",279,15,15,"Ec",13,0,0,1,1,0,0.208653512412432
"16696","1325","Ec_N",279,16,16,"Ec",13,0,0,1,1,0,0.208653512412432
"16697","1325","Ec_N",279,17,17,"Ec",13,0,0,1,1,0,0.208653512412432
"16698","1325","Ec_N",279,18,18,"Ec",13,0,0,1,1,0,0.208653512412432
"16699","1325","Ec_N",279,19,19,"Ec",13,0,0,1,1,0,0.208653512412432
"16700","1325","Ec_N",279,20,20,"Ec",13,0,0,1,1,0,0.208653512412432
"16701","1325","Ec_N",279,21,21,"Ec",13,0,0,1,1,0,0.208653512412432
"16702","1325","Ec_N",279,22,22,"Ec",13,0,0,1,1,0,0.208653512412432
"16703","1325","Ec_N",279,23,23,"Ec",13,0,0,1,1,0,0.208653512412432
"16704","1325","Ec_N",279,24,24,"Ec",29,0,0,1,1,1,0.272339457647783
"16705","1325","Ec_N",279,25,25,"Ec",29,0,0,1,1,1,0.272339457647783
"16706","1325","Ec_N",279,26,26,"Ec",31,0,1,1,1,1,0.6927777538956
"16707","1325","Ec_N",279,27,27,"Ec",31,0,1,1,1,1,0.6927777538956
"16708","1325","Ec_N",279,28,28,"Ec",31,0,1,1,1,1,0.6927777538956
"16709","1325","Ec_N",279,29,29,"Ec",31,0,1,1,1,1,0.6927777538956
"16710","1325","Ec_N",279,30,30,"Ec",31,0,1,1,1,1,0.6927777538956
"16711","1325","Ec_N",279,31,31,"Ec",31,0,1,1,1,1,0.6927777538956
"16712","1325","Ec_N",279,32,32,"Ec",31,0,1,1,1,1,0.6927777538956
"16713","1325","Ec_N",279,33,33,"Ec",31,0,1,1,1,1,0.6927777538956
"16714","1325","Ec_N",279,34,34,"Ec",31,0,1,1,1,1,0.6927777538956
"16715","1325","Ec_N",279,35,35,"Ec",31,0,1,1,1,1,0.6927777538956
"16716","1325","Ec_N",279,36,36,"Ec",31,0,1,1,1,1,0.6927777538956
"16717","1325","Ec_N",279,37,37,"Ec",32,1,1,1,1,1,1
"16718","1325","Ec_N",279,38,38,"Ec",32,1,1,1,1,1,1
"16719","1325","Ec_N",279,39,39,"Ec",32,1,1,1,1,1,1
"16720","1325","Ec_N",279,40,40,"Ec",32,1,1,1,1,1,1
"16721","1325","Ec_N",279,41,41,"Ec",32,1,1,1,1,1,1
"16722","1325","Ec_N",279,42,42,"Ec",32,1,1,1,1,1,1
"16723","1325","Ec_N",279,43,43,"Ec",32,1,1,1,1,1,1
"16724","1325","Ec_N",279,44,44,"Ec",32,1,1,1,1,1,1
"16725","1325","Ec_N",279,45,45,"Ec",32,1,1,1,1,1,1
"16726","1325","Ec_N",279,46,46,"Ec",32,1,1,1,1,1,1
"16727","1325","Ec_N",279,47,47,"Ec",32,1,1,1,1,1,1
"16728","1325","Ec_N",279,48,48,"Ec",32,1,1,1,1,1,1
"16729","1325","Ec_N",279,49,49,"Ec",32,1,1,1,1,1,1
"16730","1325","Ec_N",279,50,50,"Ec",32,1,1,1,1,1,1
"16731","1325","Ec_N",279,51,51,"Ec",32,1,1,1,1,1,1
"16732","1325","Ec_N",279,52,52,"Ec",32,1,1,1,1,1,1
"16733","1325","Ec_N",279,53,53,"Ec",32,1,1,1,1,1,1
"16734","1325","Ec_N",279,54,54,"Ec",32,1,1,1,1,1,1
"16735","1325","Ec_N",279,55,55,"Ec",32,1,1,1,1,1,1
"16736","1325","Ec_N",279,56,56,"Ec",32,1,1,1,1,1,1
"16737","1325","Ec_N",279,57,57,"Ec",32,1,1,1,1,1,1
"16738","1325","Ec_N",279,58,58,"Ec",32,1,1,1,1,1,1
"16739","1325","Ec_N",279,59,59,"Ec",32,1,1,1,1,1,1
"16740","1325","Ec_N",279,60,60,"Ec",32,1,1,1,1,1,1
"16741","1325","Ec_N",280,1,1,"Ec",1,0,0,0,0,0,0
"16742","1325","Ec_N",280,2,2,"Ec",1,0,0,0,0,0,0
"16743","1325","Ec_N",280,3,3,"Ec",1,0,0,0,0,0,0
"16744","1325","Ec_N",280,4,4,"Ec",1,0,0,0,0,0,0
"16745","1325","Ec_N",280,5,5,"Ec",17,0,0,0,0,1,0.0636859452353503
"16746","1325","Ec_N",280,6,6,"Ec",17,0,0,0,0,1,0.0636859452353503
"16747","1325","Ec_N",280,7,7,"Ec",17,0,0,0,0,1,0.0636859452353503
"16748","1325","Ec_N",280,8,8,"Ec",17,0,0,0,0,1,0.0636859452353503
"16749","1325","Ec_N",280,9,9,"Ec",17,0,0,0,0,1,0.0636859452353503
"16750","1325","Ec_N",280,10,10,"Ec",17,0,0,0,0,1,0.0636859452353503
"16751","1325","Ec_N",280,11,11,"Ec",17,0,0,0,0,1,0.0636859452353503
"16752","1325","Ec_N",280,12,12,"Ec",17,0,0,0,0,1,0.0636859452353503
"16753","1325","Ec_N",280,13,13,"Ec",17,0,0,0,0,1,0.0636859452353503
"16754","1325","Ec_N",280,14,14,"Ec",17,0,0,0,0,1,0.0636859452353503
"16755","1325","Ec_N",280,15,15,"Ec",17,0,0,0,0,1,0.0636859452353503
"16756","1325","Ec_N",280,16,16,"Ec",17,0,0,0,0,1,0.0636859452353503
"16757","1325","Ec_N",280,17,17,"Ec",17,0,0,0,0,1,0.0636859452353503
"16758","1325","Ec_N",280,18,18,"Ec",17,0,0,0,0,1,0.0636859452353503
"16759","1325","Ec_N",280,19,19,"Ec",17,0,0,0,0,1,0.0636859452353503
"16760","1325","Ec_N",280,20,20,"Ec",18,1,0,0,0,1,0.37090819133975
"16761","1325","Ec_N",280,21,21,"Ec",18,1,0,0,0,1,0.37090819133975
"16762","1325","Ec_N",280,22,22,"Ec",18,1,0,0,0,1,0.37090819133975
"16763","1325","Ec_N",280,23,23,"Ec",18,1,0,0,0,1,0.37090819133975
"16764","1325","Ec_N",280,24,24,"Ec",18,1,0,0,0,1,0.37090819133975
"16765","1325","Ec_N",280,25,25,"Ec",18,1,0,0,0,1,0.37090819133975
"16766","1325","Ec_N",280,26,26,"Ec",18,1,0,0,0,1,0.37090819133975
"16767","1325","Ec_N",280,27,27,"Ec",18,1,0,0,0,1,0.37090819133975
"16768","1325","Ec_N",280,28,28,"Ec",20,1,1,0,0,1,0.791346487587567
"16769","1325","Ec_N",280,29,29,"Ec",20,1,1,0,0,1,0.791346487587567
"16770","1325","Ec_N",280,30,30,"Ec",20,1,1,0,0,1,0.791346487587567
"16771","1325","Ec_N",280,31,31,"Ec",20,1,1,0,0,1,0.791346487587567
"16772","1325","Ec_N",280,32,32,"Ec",20,1,1,0,0,1,0.791346487587567
"16773","1325","Ec_N",280,33,33,"Ec",20,1,1,0,0,1,0.791346487587567
"16774","1325","Ec_N",280,34,34,"Ec",20,1,1,0,0,1,0.791346487587567
"16775","1325","Ec_N",280,35,35,"Ec",20,1,1,0,0,1,0.791346487587567
"16776","1325","Ec_N",280,36,36,"Ec",20,1,1,0,0,1,0.791346487587567
"16777","1325","Ec_N",280,37,37,"Ec",20,1,1,0,0,1,0.791346487587567
"16778","1325","Ec_N",280,38,38,"Ec",20,1,1,0,0,1,0.791346487587567
"16779","1325","Ec_N",280,39,39,"Ec",20,1,1,0,0,1,0.791346487587567
"16780","1325","Ec_N",280,40,40,"Ec",20,1,1,0,0,1,0.791346487587567
"16781","1325","Ec_N",280,41,41,"Ec",20,1,1,0,0,1,0.791346487587567
"16782","1325","Ec_N",280,42,42,"Ec",20,1,1,0,0,1,0.791346487587567
"16783","1325","Ec_N",280,43,43,"Ec",20,1,1,0,0,1,0.791346487587567
"16784","1325","Ec_N",280,44,44,"Ec",20,1,1,0,0,1,0.791346487587567
"16785","1325","Ec_N",280,45,45,"Ec",20,1,1,0,0,1,0.791346487587567
"16786","1325","Ec_N",280,46,46,"Ec",20,1,1,0,0,1,0.791346487587567
"16787","1325","Ec_N",280,47,47,"Ec",20,1,1,0,0,1,0.791346487587567
"16788","1325","Ec_N",280,48,48,"Ec",20,1,1,0,0,1,0.791346487587567
"16789","1325","Ec_N",280,49,49,"Ec",20,1,1,0,0,1,0.791346487587567
"16790","1325","Ec_N",280,50,50,"Ec",28,1,1,0,1,1,0.815884725734249
"16791","1325","Ec_N",280,51,51,"Ec",28,1,1,0,1,1,0.815884725734249
"16792","1325","Ec_N",280,52,52,"Ec",28,1,1,0,1,1,0.815884725734249
"16793","1325","Ec_N",280,53,53,"Ec",28,1,1,0,1,1,0.815884725734249
"16794","1325","Ec_N",280,54,54,"Ec",28,1,1,0,1,1,0.815884725734249
"16795","1325","Ec_N",280,55,55,"Ec",28,1,1,0,1,1,0.815884725734249
"16796","1325","Ec_N",280,56,56,"Ec",28,1,1,0,1,1,0.815884725734249
"16797","1325","Ec_N",280,57,57,"Ec",28,1,1,0,1,1,0.815884725734249
"16798","1325","Ec_N",280,58,58,"Ec",28,1,1,0,1,1,0.815884725734249
"16799","1325","Ec_N",280,59,59,"Ec",28,1,1,0,1,1,0.815884725734249
"16800","1325","Ec_N",280,60,60,"Ec",28,1,1,0,1,1,0.815884725734249
"16801","1325","Ec_N",281,1,1,"Ec",1,0,0,0,0,0,0
"16802","1325","Ec_N",281,2,2,"Ec",1,0,0,0,0,0,0
"16803","1325","Ec_N",281,3,3,"Ec",1,0,0,0,0,0,0
"16804","1325","Ec_N",281,4,4,"Ec",1,0,0,0,0,0,0
"16805","1325","Ec_N",281,5,5,"Ec",1,0,0,0,0,0,0
"16806","1325","Ec_N",281,6,6,"Ec",17,0,0,0,0,1,0.0636859452353503
"16807","1325","Ec_N",281,7,7,"Ec",19,0,1,0,0,1,0.484124241483168
"16808","1325","Ec_N",281,8,8,"Ec",19,0,1,0,0,1,0.484124241483168
"16809","1325","Ec_N",281,9,9,"Ec",19,0,1,0,0,1,0.484124241483168
"16810","1325","Ec_N",281,10,10,"Ec",19,0,1,0,0,1,0.484124241483168
"16811","1325","Ec_N",281,11,11,"Ec",23,0,1,1,0,1,0.57389469344254
"16812","1325","Ec_N",281,12,12,"Ec",24,1,1,1,0,1,0.872975948786018
"16813","1325","Ec_N",281,13,13,"Ec",24,1,1,1,0,1,0.872975948786018
"16814","1325","Ec_N",281,14,14,"Ec",24,1,1,1,0,1,0.872975948786018
"16815","1325","Ec_N",281,15,15,"Ec",24,1,1,1,0,1,0.872975948786018
"16816","1325","Ec_N",281,16,16,"Ec",24,1,1,1,0,1,0.872975948786018
"16817","1325","Ec_N",281,17,17,"Ec",24,1,1,1,0,1,0.872975948786018
"16818","1325","Ec_N",281,18,18,"Ec",24,1,1,1,0,1,0.872975948786018
"16819","1325","Ec_N",281,19,19,"Ec",24,1,1,1,0,1,0.872975948786018
"16820","1325","Ec_N",281,20,20,"Ec",24,1,1,1,0,1,0.872975948786018
"16821","1325","Ec_N",281,21,21,"Ec",8,1,1,1,0,0,0.887289570804412
"16822","1325","Ec_N",281,22,22,"Ec",8,1,1,1,0,0,0.887289570804412
"16823","1325","Ec_N",281,23,23,"Ec",8,1,1,1,0,0,0.887289570804412
"16824","1325","Ec_N",281,24,24,"Ec",8,1,1,1,0,0,0.887289570804412
"16825","1325","Ec_N",281,25,25,"Ec",8,1,1,1,0,0,0.887289570804412
"16826","1325","Ec_N",281,26,26,"Ec",8,1,1,1,0,0,0.887289570804412
"16827","1325","Ec_N",281,27,27,"Ec",8,1,1,1,0,0,0.887289570804412
"16828","1325","Ec_N",281,28,28,"Ec",8,1,1,1,0,0,0.887289570804412
"16829","1325","Ec_N",281,29,29,"Ec",8,1,1,1,0,0,0.887289570804412
"16830","1325","Ec_N",281,30,30,"Ec",8,1,1,1,0,0,0.887289570804412
"16831","1325","Ec_N",281,31,31,"Ec",8,1,1,1,0,0,0.887289570804412
"16832","1325","Ec_N",281,32,32,"Ec",8,1,1,1,0,0,0.887289570804412
"16833","1325","Ec_N",281,33,33,"Ec",8,1,1,1,0,0,0.887289570804412
"16834","1325","Ec_N",281,34,34,"Ec",8,1,1,1,0,0,0.887289570804412
"16835","1325","Ec_N",281,35,35,"Ec",8,1,1,1,0,0,0.887289570804412
"16836","1325","Ec_N",281,36,36,"Ec",8,1,1,1,0,0,0.887289570804412
"16837","1325","Ec_N",281,37,37,"Ec",8,1,1,1,0,0,0.887289570804412
"16838","1325","Ec_N",281,38,38,"Ec",8,1,1,1,0,0,0.887289570804412
"16839","1325","Ec_N",281,39,39,"Ec",8,1,1,1,0,0,0.887289570804412
"16840","1325","Ec_N",281,40,40,"Ec",8,1,1,1,0,0,0.887289570804412
"16841","1325","Ec_N",281,41,41,"Ec",8,1,1,1,0,0,0.887289570804412
"16842","1325","Ec_N",281,42,42,"Ec",8,1,1,1,0,0,0.887289570804412
"16843","1325","Ec_N",281,43,43,"Ec",8,1,1,1,0,0,0.887289570804412
"16844","1325","Ec_N",281,44,44,"Ec",8,1,1,1,0,0,0.887289570804412
"16845","1325","Ec_N",281,45,45,"Ec",8,1,1,1,0,0,0.887289570804412
"16846","1325","Ec_N",281,46,46,"Ec",8,1,1,1,0,0,0.887289570804412
"16847","1325","Ec_N",281,47,47,"Ec",8,1,1,1,0,0,0.887289570804412
"16848","1325","Ec_N",281,48,48,"Ec",8,1,1,1,0,0,0.887289570804412
"16849","1325","Ec_N",281,49,49,"Ec",8,1,1,1,0,0,0.887289570804412
"16850","1325","Ec_N",281,50,50,"Ec",8,1,1,1,0,0,0.887289570804412
"16851","1325","Ec_N",281,51,51,"Ec",8,1,1,1,0,0,0.887289570804412
"16852","1325","Ec_N",281,52,52,"Ec",8,1,1,1,0,0,0.887289570804412
"16853","1325","Ec_N",281,53,53,"Ec",8,1,1,1,0,0,0.887289570804412
"16854","1325","Ec_N",281,54,54,"Ec",8,1,1,1,0,0,0.887289570804412
"16855","1325","Ec_N",281,55,55,"Ec",8,1,1,1,0,0,0.887289570804412
"16856","1325","Ec_N",281,56,56,"Ec",8,1,1,1,0,0,0.887289570804412
"16857","1325","Ec_N",281,57,57,"Ec",8,1,1,1,0,0,0.887289570804412
"16858","1325","Ec_N",281,58,58,"Ec",8,1,1,1,0,0,0.887289570804412
"16859","1325","Ec_N",281,59,59,"Ec",8,1,1,1,0,0,0.887289570804412
"16860","1325","Ec_N",281,60,60,"Ec",8,1,1,1,0,0,0.887289570804412
"16861","1325","Ec_N",282,1,1,"Ec",1,0,0,0,0,0,0
"16862","1325","Ec_N",282,2,2,"Ec",1,0,0,0,0,0,0
"16863","1325","Ec_N",282,3,3,"Ec",1,0,0,0,0,0,0
"16864","1325","Ec_N",282,4,4,"Ec",1,0,0,0,0,0,0
"16865","1325","Ec_N",282,5,5,"Ec",3,0,1,0,0,0,0.420438296247818
"16866","1325","Ec_N",282,6,6,"Ec",3,0,1,0,0,0,0.420438296247818
"16867","1325","Ec_N",282,7,7,"Ec",7,0,1,1,0,0,0.580067324700012
"16868","1325","Ec_N",282,8,8,"Ec",7,0,1,1,0,0,0.580067324700012
"16869","1325","Ec_N",282,9,9,"Ec",7,0,1,1,0,0,0.580067324700012
"16870","1325","Ec_N",282,10,10,"Ec",7,0,1,1,0,0,0.580067324700012
"16871","1325","Ec_N",282,11,11,"Ec",7,0,1,1,0,0,0.580067324700012
"16872","1325","Ec_N",282,12,12,"Ec",7,0,1,1,0,0,0.580067324700012
"16873","1325","Ec_N",282,13,13,"Ec",7,0,1,1,0,0,0.580067324700012
"16874","1325","Ec_N",282,14,14,"Ec",7,0,1,1,0,0,0.580067324700012
"16875","1325","Ec_N",282,15,15,"Ec",7,0,1,1,0,0,0.580067324700012
"16876","1325","Ec_N",282,16,16,"Ec",7,0,1,1,0,0,0.580067324700012
"16877","1325","Ec_N",282,17,17,"Ec",7,0,1,1,0,0,0.580067324700012
"16878","1325","Ec_N",282,18,18,"Ec",7,0,1,1,0,0,0.580067324700012
"16879","1325","Ec_N",282,19,19,"Ec",7,0,1,1,0,0,0.580067324700012
"16880","1325","Ec_N",282,20,20,"Ec",7,0,1,1,0,0,0.580067324700012
"16881","1325","Ec_N",282,21,21,"Ec",7,0,1,1,0,0,0.580067324700012
"16882","1325","Ec_N",282,22,22,"Ec",7,0,1,1,0,0,0.580067324700012
"16883","1325","Ec_N",282,23,23,"Ec",7,0,1,1,0,0,0.580067324700012
"16884","1325","Ec_N",282,24,24,"Ec",7,0,1,1,0,0,0.580067324700012
"16885","1325","Ec_N",282,25,25,"Ec",7,0,1,1,0,0,0.580067324700012
"16886","1325","Ec_N",282,26,26,"Ec",7,0,1,1,0,0,0.580067324700012
"16887","1325","Ec_N",282,27,27,"Ec",7,0,1,1,0,0,0.580067324700012
"16888","1325","Ec_N",282,28,28,"Ec",7,0,1,1,0,0,0.580067324700012
"16889","1325","Ec_N",282,29,29,"Ec",7,0,1,1,0,0,0.580067324700012
"16890","1325","Ec_N",282,30,30,"Ec",7,0,1,1,0,0,0.580067324700012
"16891","1325","Ec_N",282,31,31,"Ec",7,0,1,1,0,0,0.580067324700012
"16892","1325","Ec_N",282,32,32,"Ec",7,0,1,1,0,0,0.580067324700012
"16893","1325","Ec_N",282,33,33,"Ec",7,0,1,1,0,0,0.580067324700012
"16894","1325","Ec_N",282,34,34,"Ec",7,0,1,1,0,0,0.580067324700012
"16895","1325","Ec_N",282,35,35,"Ec",7,0,1,1,0,0,0.580067324700012
"16896","1325","Ec_N",282,36,36,"Ec",7,0,1,1,0,0,0.580067324700012
"16897","1325","Ec_N",282,37,37,"Ec",7,0,1,1,0,0,0.580067324700012
"16898","1325","Ec_N",282,38,38,"Ec",7,0,1,1,0,0,0.580067324700012
"16899","1325","Ec_N",282,39,39,"Ec",7,0,1,1,0,0,0.580067324700012
"16900","1325","Ec_N",282,40,40,"Ec",7,0,1,1,0,0,0.580067324700012
"16901","1325","Ec_N",282,41,41,"Ec",15,0,1,1,1,0,0.62909180866025
"16902","1325","Ec_N",282,42,42,"Ec",15,0,1,1,1,0,0.62909180866025
"16903","1325","Ec_N",282,43,43,"Ec",15,0,1,1,1,0,0.62909180866025
"16904","1325","Ec_N",282,44,44,"Ec",15,0,1,1,1,0,0.62909180866025
"16905","1325","Ec_N",282,45,45,"Ec",15,0,1,1,1,0,0.62909180866025
"16906","1325","Ec_N",282,46,46,"Ec",15,0,1,1,1,0,0.62909180866025
"16907","1325","Ec_N",282,47,47,"Ec",15,0,1,1,1,0,0.62909180866025
"16908","1325","Ec_N",282,48,48,"Ec",15,0,1,1,1,0,0.62909180866025
"16909","1325","Ec_N",282,49,49,"Ec",15,0,1,1,1,0,0.62909180866025
"16910","1325","Ec_N",282,50,50,"Ec",15,0,1,1,1,0,0.62909180866025
"16911","1325","Ec_N",282,51,51,"Ec",15,0,1,1,1,0,0.62909180866025
"16912","1325","Ec_N",282,52,52,"Ec",15,0,1,1,1,0,0.62909180866025
"16913","1325","Ec_N",282,53,53,"Ec",15,0,1,1,1,0,0.62909180866025
"16914","1325","Ec_N",282,54,54,"Ec",16,1,1,1,1,0,0.93631405476465
"16915","1325","Ec_N",282,55,55,"Ec",16,1,1,1,1,0,0.93631405476465
"16916","1325","Ec_N",282,56,56,"Ec",16,1,1,1,1,0,0.93631405476465
"16917","1325","Ec_N",282,57,57,"Ec",16,1,1,1,1,0,0.93631405476465
"16918","1325","Ec_N",282,58,58,"Ec",16,1,1,1,1,0,0.93631405476465
"16919","1325","Ec_N",282,59,59,"Ec",16,1,1,1,1,0,0.93631405476465
"16920","1325","Ec_N",282,60,60,"Ec",16,1,1,1,1,0,0.93631405476465
"16921","1325","Ec_N",283,1,1,"Ec",1,0,0,0,0,0,0
"16922","1325","Ec_N",283,2,2,"Ec",5,0,0,1,0,0,0.159629028452195
"16923","1325","Ec_N",283,3,3,"Ec",5,0,0,1,0,0,0.159629028452195
"16924","1325","Ec_N",283,4,4,"Ec",21,0,0,1,0,1,0.223314973687545
"16925","1325","Ec_N",283,5,5,"Ec",29,0,0,1,1,1,0.272339457647783
"16926","1325","Ec_N",283,6,6,"Ec",29,0,0,1,1,1,0.272339457647783
"16927","1325","Ec_N",283,7,7,"Ec",29,0,0,1,1,1,0.272339457647783
"16928","1325","Ec_N",283,8,8,"Ec",30,1,0,1,1,1,0.579561703752182
"16929","1325","Ec_N",283,9,9,"Ec",30,1,0,1,1,1,0.579561703752182
"16930","1325","Ec_N",283,10,10,"Ec",30,1,0,1,1,1,0.579561703752182
"16931","1325","Ec_N",283,11,11,"Ec",30,1,0,1,1,1,0.579561703752182
"16932","1325","Ec_N",283,12,12,"Ec",30,1,0,1,1,1,0.579561703752182
"16933","1325","Ec_N",283,13,13,"Ec",30,1,0,1,1,1,0.579561703752182
"16934","1325","Ec_N",283,14,14,"Ec",30,1,0,1,1,1,0.579561703752182
"16935","1325","Ec_N",283,15,15,"Ec",30,1,0,1,1,1,0.579561703752182
"16936","1325","Ec_N",283,16,16,"Ec",30,1,0,1,1,1,0.579561703752182
"16937","1325","Ec_N",283,17,17,"Ec",30,1,0,1,1,1,0.579561703752182
"16938","1325","Ec_N",283,18,18,"Ec",30,1,0,1,1,1,0.579561703752182
"16939","1325","Ec_N",283,19,19,"Ec",30,1,0,1,1,1,0.579561703752182
"16940","1325","Ec_N",283,20,20,"Ec",30,1,0,1,1,1,0.579561703752182
"16941","1325","Ec_N",283,21,21,"Ec",30,1,0,1,1,1,0.579561703752182
"16942","1325","Ec_N",283,22,22,"Ec",30,1,0,1,1,1,0.579561703752182
"16943","1325","Ec_N",283,23,23,"Ec",30,1,0,1,1,1,0.579561703752182
"16944","1325","Ec_N",283,24,24,"Ec",30,1,0,1,1,1,0.579561703752182
"16945","1325","Ec_N",283,25,25,"Ec",30,1,0,1,1,1,0.579561703752182
"16946","1325","Ec_N",283,26,26,"Ec",30,1,0,1,1,1,0.579561703752182
"16947","1325","Ec_N",283,27,27,"Ec",30,1,0,1,1,1,0.579561703752182
"16948","1325","Ec_N",283,28,28,"Ec",30,1,0,1,1,1,0.579561703752182
"16949","1325","Ec_N",283,29,29,"Ec",30,1,0,1,1,1,0.579561703752182
"16950","1325","Ec_N",283,30,30,"Ec",30,1,0,1,1,1,0.579561703752182
"16951","1325","Ec_N",283,31,31,"Ec",30,1,0,1,1,1,0.579561703752182
"16952","1325","Ec_N",283,32,32,"Ec",30,1,0,1,1,1,0.579561703752182
"16953","1325","Ec_N",283,33,33,"Ec",30,1,0,1,1,1,0.579561703752182
"16954","1325","Ec_N",283,34,34,"Ec",30,1,0,1,1,1,0.579561703752182
"16955","1325","Ec_N",283,35,35,"Ec",30,1,0,1,1,1,0.579561703752182
"16956","1325","Ec_N",283,36,36,"Ec",30,1,0,1,1,1,0.579561703752182
"16957","1325","Ec_N",283,37,37,"Ec",30,1,0,1,1,1,0.579561703752182
"16958","1325","Ec_N",283,38,38,"Ec",32,1,1,1,1,1,1
"16959","1325","Ec_N",283,39,39,"Ec",32,1,1,1,1,1,1
"16960","1325","Ec_N",283,40,40,"Ec",32,1,1,1,1,1,1
"16961","1325","Ec_N",283,41,41,"Ec",32,1,1,1,1,1,1
"16962","1325","Ec_N",283,42,42,"Ec",32,1,1,1,1,1,1
"16963","1325","Ec_N",283,43,43,"Ec",32,1,1,1,1,1,1
"16964","1325","Ec_N",283,44,44,"Ec",32,1,1,1,1,1,1
"16965","1325","Ec_N",283,45,45,"Ec",32,1,1,1,1,1,1
"16966","1325","Ec_N",283,46,46,"Ec",32,1,1,1,1,1,1
"16967","1325","Ec_N",283,47,47,"Ec",32,1,1,1,1,1,1
"16968","1325","Ec_N",283,48,48,"Ec",32,1,1,1,1,1,1
"16969","1325","Ec_N",283,49,49,"Ec",32,1,1,1,1,1,1
"16970","1325","Ec_N",283,50,50,"Ec",32,1,1,1,1,1,1
"16971","1325","Ec_N",283,51,51,"Ec",32,1,1,1,1,1,1
"16972","1325","Ec_N",283,52,52,"Ec",32,1,1,1,1,1,1
"16973","1325","Ec_N",283,53,53,"Ec",32,1,1,1,1,1,1
"16974","1325","Ec_N",283,54,54,"Ec",32,1,1,1,1,1,1
"16975","1325","Ec_N",283,55,55,"Ec",32,1,1,1,1,1,1
"16976","1325","Ec_N",283,56,56,"Ec",32,1,1,1,1,1,1
"16977","1325","Ec_N",283,57,57,"Ec",32,1,1,1,1,1,1
"16978","1325","Ec_N",283,58,58,"Ec",32,1,1,1,1,1,1
"16979","1325","Ec_N",283,59,59,"Ec",32,1,1,1,1,1,1
"16980","1325","Ec_N",283,60,60,"Ec",32,1,1,1,1,1,1
"16981","1325","Ec_N",284,1,1,"Ec",1,0,0,0,0,0,0
"16982","1325","Ec_N",284,2,2,"Ec",1,0,0,0,0,0,0
"16983","1325","Ec_N",284,3,3,"Ec",2,1,0,0,0,0,0.3072222461044
"16984","1325","Ec_N",284,4,4,"Ec",2,1,0,0,0,0,0.3072222461044
"16985","1325","Ec_N",284,5,5,"Ec",2,1,0,0,0,0,0.3072222461044
"16986","1325","Ec_N",284,6,6,"Ec",2,1,0,0,0,0,0.3072222461044
"16987","1325","Ec_N",284,7,7,"Ec",2,1,0,0,0,0,0.3072222461044
"16988","1325","Ec_N",284,8,8,"Ec",10,1,0,0,1,0,0.356246730064637
"16989","1325","Ec_N",284,9,9,"Ec",26,1,0,0,1,1,0.419932675299988
"16990","1325","Ec_N",284,10,10,"Ec",26,1,0,0,1,1,0.419932675299988
"16991","1325","Ec_N",284,11,11,"Ec",30,1,0,1,1,1,0.579561703752182
"16992","1325","Ec_N",284,12,12,"Ec",30,1,0,1,1,1,0.579561703752182
"16993","1325","Ec_N",284,13,13,"Ec",30,1,0,1,1,1,0.579561703752182
"16994","1325","Ec_N",284,14,14,"Ec",30,1,0,1,1,1,0.579561703752182
"16995","1325","Ec_N",284,15,15,"Ec",32,1,1,1,1,1,1
"16996","1325","Ec_N",284,16,16,"Ec",32,1,1,1,1,1,1
"16997","1325","Ec_N",284,17,17,"Ec",32,1,1,1,1,1,1
"16998","1325","Ec_N",284,18,18,"Ec",32,1,1,1,1,1,1
"16999","1325","Ec_N",284,19,19,"Ec",32,1,1,1,1,1,1
"17000","1325","Ec_N",284,20,20,"Ec",32,1,1,1,1,1,1
"17001","1325","Ec_N",284,21,21,"Ec",32,1,1,1,1,1,1
"17002","1325","Ec_N",284,22,22,"Ec",32,1,1,1,1,1,1
"17003","1325","Ec_N",284,23,23,"Ec",32,1,1,1,1,1,1
"17004","1325","Ec_N",284,24,24,"Ec",32,1,1,1,1,1,1
"17005","1325","Ec_N",284,25,25,"Ec",32,1,1,1,1,1,1
"17006","1325","Ec_N",284,26,26,"Ec",32,1,1,1,1,1,1
"17007","1325","Ec_N",284,27,27,"Ec",32,1,1,1,1,1,1
"17008","1325","Ec_N",284,28,28,"Ec",32,1,1,1,1,1,1
"17009","1325","Ec_N",284,29,29,"Ec",32,1,1,1,1,1,1
"17010","1325","Ec_N",284,30,30,"Ec",32,1,1,1,1,1,1
"17011","1325","Ec_N",284,31,31,"Ec",32,1,1,1,1,1,1
"17012","1325","Ec_N",284,32,32,"Ec",32,1,1,1,1,1,1
"17013","1325","Ec_N",284,33,33,"Ec",32,1,1,1,1,1,1
"17014","1325","Ec_N",284,34,34,"Ec",32,1,1,1,1,1,1
"17015","1325","Ec_N",284,35,35,"Ec",32,1,1,1,1,1,1
"17016","1325","Ec_N",284,36,36,"Ec",32,1,1,1,1,1,1
"17017","1325","Ec_N",284,37,37,"Ec",32,1,1,1,1,1,1
"17018","1325","Ec_N",284,38,38,"Ec",32,1,1,1,1,1,1
"17019","1325","Ec_N",284,39,39,"Ec",32,1,1,1,1,1,1
"17020","1325","Ec_N",284,40,40,"Ec",32,1,1,1,1,1,1
"17021","1325","Ec_N",284,41,41,"Ec",32,1,1,1,1,1,1
"17022","1325","Ec_N",284,42,42,"Ec",32,1,1,1,1,1,1
"17023","1325","Ec_N",284,43,43,"Ec",32,1,1,1,1,1,1
"17024","1325","Ec_N",284,44,44,"Ec",32,1,1,1,1,1,1
"17025","1325","Ec_N",284,45,45,"Ec",32,1,1,1,1,1,1
"17026","1325","Ec_N",284,46,46,"Ec",32,1,1,1,1,1,1
"17027","1325","Ec_N",284,47,47,"Ec",32,1,1,1,1,1,1
"17028","1325","Ec_N",284,48,48,"Ec",32,1,1,1,1,1,1
"17029","1325","Ec_N",284,49,49,"Ec",32,1,1,1,1,1,1
"17030","1325","Ec_N",284,50,50,"Ec",32,1,1,1,1,1,1
"17031","1325","Ec_N",284,51,51,"Ec",32,1,1,1,1,1,1
"17032","1325","Ec_N",284,52,52,"Ec",32,1,1,1,1,1,1
"17033","1325","Ec_N",284,53,53,"Ec",32,1,1,1,1,1,1
"17034","1325","Ec_N",284,54,54,"Ec",32,1,1,1,1,1,1
"17035","1325","Ec_N",284,55,55,"Ec",32,1,1,1,1,1,1
"17036","1325","Ec_N",284,56,56,"Ec",32,1,1,1,1,1,1
"17037","1325","Ec_N",284,57,57,"Ec",32,1,1,1,1,1,1
"17038","1325","Ec_N",284,58,58,"Ec",32,1,1,1,1,1,1
"17039","1325","Ec_N",284,59,59,"Ec",32,1,1,1,1,1,1
"17040","1325","Ec_N",284,60,60,"Ec",32,1,1,1,1,1,1
"17041","1325","Ec_N",285,1,1,"Ec",1,0,0,0,0,0,0
"17042","1325","Ec_N",285,2,2,"Ec",5,0,0,1,0,0,0.159629028452195
"17043","1325","Ec_N",285,3,3,"Ec",21,0,0,1,0,1,0.223314973687545
"17044","1325","Ec_N",285,4,4,"Ec",21,0,0,1,0,1,0.223314973687545
"17045","1325","Ec_N",285,5,5,"Ec",21,0,0,1,0,1,0.223314973687545
"17046","1325","Ec_N",285,6,6,"Ec",22,1,0,1,0,1,0.530537219791945
"17047","1325","Ec_N",285,7,7,"Ec",22,1,0,1,0,1,0.530537219791945
"17048","1325","Ec_N",285,8,8,"Ec",22,1,0,1,0,1,0.530537219791945
"17049","1325","Ec_N",285,9,9,"Ec",22,1,0,1,0,1,0.530537219791945
"17050","1325","Ec_N",285,10,10,"Ec",22,1,0,1,0,1,0.530537219791945
"17051","1325","Ec_N",285,11,11,"Ec",22,1,0,1,0,1,0.530537219791945
"17052","1325","Ec_N",285,12,12,"Ec",22,1,0,1,0,1,0.530537219791945
"17053","1325","Ec_N",285,13,13,"Ec",22,1,0,1,0,1,0.530537219791945
"17054","1325","Ec_N",285,14,14,"Ec",24,1,1,1,0,1,0.872975948786018
"17055","1325","Ec_N",285,15,15,"Ec",24,1,1,1,0,1,0.872975948786018
"17056","1325","Ec_N",285,16,16,"Ec",24,1,1,1,0,1,0.872975948786018
"17057","1325","Ec_N",285,17,17,"Ec",24,1,1,1,0,1,0.872975948786018
"17058","1325","Ec_N",285,18,18,"Ec",24,1,1,1,0,1,0.872975948786018
"17059","1325","Ec_N",285,19,19,"Ec",24,1,1,1,0,1,0.872975948786018
"17060","1325","Ec_N",285,20,20,"Ec",24,1,1,1,0,1,0.872975948786018
"17061","1325","Ec_N",285,21,21,"Ec",24,1,1,1,0,1,0.872975948786018
"17062","1325","Ec_N",285,22,22,"Ec",8,1,1,1,0,0,0.887289570804412
"17063","1325","Ec_N",285,23,23,"Ec",8,1,1,1,0,0,0.887289570804412
"17064","1325","Ec_N",285,24,24,"Ec",8,1,1,1,0,0,0.887289570804412
"17065","1325","Ec_N",285,25,25,"Ec",8,1,1,1,0,0,0.887289570804412
"17066","1325","Ec_N",285,26,26,"Ec",8,1,1,1,0,0,0.887289570804412
"17067","1325","Ec_N",285,27,27,"Ec",8,1,1,1,0,0,0.887289570804412
"17068","1325","Ec_N",285,28,28,"Ec",8,1,1,1,0,0,0.887289570804412
"17069","1325","Ec_N",285,29,29,"Ec",8,1,1,1,0,0,0.887289570804412
"17070","1325","Ec_N",285,30,30,"Ec",8,1,1,1,0,0,0.887289570804412
"17071","1325","Ec_N",285,31,31,"Ec",8,1,1,1,0,0,0.887289570804412
"17072","1325","Ec_N",285,32,32,"Ec",8,1,1,1,0,0,0.887289570804412
"17073","1325","Ec_N",285,33,33,"Ec",8,1,1,1,0,0,0.887289570804412
"17074","1325","Ec_N",285,34,34,"Ec",8,1,1,1,0,0,0.887289570804412
"17075","1325","Ec_N",285,35,35,"Ec",8,1,1,1,0,0,0.887289570804412
"17076","1325","Ec_N",285,36,36,"Ec",8,1,1,1,0,0,0.887289570804412
"17077","1325","Ec_N",285,37,37,"Ec",8,1,1,1,0,0,0.887289570804412
"17078","1325","Ec_N",285,38,38,"Ec",8,1,1,1,0,0,0.887289570804412
"17079","1325","Ec_N",285,39,39,"Ec",8,1,1,1,0,0,0.887289570804412
"17080","1325","Ec_N",285,40,40,"Ec",8,1,1,1,0,0,0.887289570804412
"17081","1325","Ec_N",285,41,41,"Ec",8,1,1,1,0,0,0.887289570804412
"17082","1325","Ec_N",285,42,42,"Ec",8,1,1,1,0,0,0.887289570804412
"17083","1325","Ec_N",285,43,43,"Ec",8,1,1,1,0,0,0.887289570804412
"17084","1325","Ec_N",285,44,44,"Ec",8,1,1,1,0,0,0.887289570804412
"17085","1325","Ec_N",285,45,45,"Ec",8,1,1,1,0,0,0.887289570804412
"17086","1325","Ec_N",285,46,46,"Ec",8,1,1,1,0,0,0.887289570804412
"17087","1325","Ec_N",285,47,47,"Ec",8,1,1,1,0,0,0.887289570804412
"17088","1325","Ec_N",285,48,48,"Ec",8,1,1,1,0,0,0.887289570804412
"17089","1325","Ec_N",285,49,49,"Ec",8,1,1,1,0,0,0.887289570804412
"17090","1325","Ec_N",285,50,50,"Ec",8,1,1,1,0,0,0.887289570804412
"17091","1325","Ec_N",285,51,51,"Ec",8,1,1,1,0,0,0.887289570804412
"17092","1325","Ec_N",285,52,52,"Ec",8,1,1,1,0,0,0.887289570804412
"17093","1325","Ec_N",285,53,53,"Ec",8,1,1,1,0,0,0.887289570804412
"17094","1325","Ec_N",285,54,54,"Ec",8,1,1,1,0,0,0.887289570804412
"17095","1325","Ec_N",285,55,55,"Ec",8,1,1,1,0,0,0.887289570804412
"17096","1325","Ec_N",285,56,56,"Ec",8,1,1,1,0,0,0.887289570804412
"17097","1325","Ec_N",285,57,57,"Ec",8,1,1,1,0,0,0.887289570804412
"17098","1325","Ec_N",285,58,58,"Ec",8,1,1,1,0,0,0.887289570804412
"17099","1325","Ec_N",285,59,59,"Ec",8,1,1,1,0,0,0.887289570804412
"17100","1325","Ec_N",285,60,60,"Ec",8,1,1,1,0,0,0.887289570804412
"17101","1325","Ec_N",286,1,1,"Ec",1,0,0,0,0,0,0
"17102","1325","Ec_N",286,2,2,"Ec",2,1,0,0,0,0,0.3072222461044
"17103","1325","Ec_N",286,3,3,"Ec",2,1,0,0,0,0,0.3072222461044
"17104","1325","Ec_N",286,4,4,"Ec",2,1,0,0,0,0,0.3072222461044
"17105","1325","Ec_N",286,5,5,"Ec",2,1,0,0,0,0,0.3072222461044
"17106","1325","Ec_N",286,6,6,"Ec",2,1,0,0,0,0,0.3072222461044
"17107","1325","Ec_N",286,7,7,"Ec",2,1,0,0,0,0,0.3072222461044
"17108","1325","Ec_N",286,8,8,"Ec",2,1,0,0,0,0,0.3072222461044
"17109","1325","Ec_N",286,9,9,"Ec",18,1,0,0,0,1,0.37090819133975
"17110","1325","Ec_N",286,10,10,"Ec",18,1,0,0,0,1,0.37090819133975
"17111","1325","Ec_N",286,11,11,"Ec",18,1,0,0,0,1,0.37090819133975
"17112","1325","Ec_N",286,12,12,"Ec",18,1,0,0,0,1,0.37090819133975
"17113","1325","Ec_N",286,13,13,"Ec",18,1,0,0,0,1,0.37090819133975
"17114","1325","Ec_N",286,14,14,"Ec",18,1,0,0,0,1,0.37090819133975
"17115","1325","Ec_N",286,15,15,"Ec",26,1,0,0,1,1,0.419932675299988
"17116","1325","Ec_N",286,16,16,"Ec",30,1,0,1,1,1,0.579561703752182
"17117","1325","Ec_N",286,17,17,"Ec",30,1,0,1,1,1,0.579561703752182
"17118","1325","Ec_N",286,18,18,"Ec",30,1,0,1,1,1,0.579561703752182
"17119","1325","Ec_N",286,19,19,"Ec",32,1,1,1,1,1,1
"17120","1325","Ec_N",286,20,20,"Ec",32,1,1,1,1,1,1
"17121","1325","Ec_N",286,21,21,"Ec",32,1,1,1,1,1,1
"17122","1325","Ec_N",286,22,22,"Ec",32,1,1,1,1,1,1
"17123","1325","Ec_N",286,23,23,"Ec",32,1,1,1,1,1,1
"17124","1325","Ec_N",286,24,24,"Ec",32,1,1,1,1,1,1
"17125","1325","Ec_N",286,25,25,"Ec",32,1,1,1,1,1,1
"17126","1325","Ec_N",286,26,26,"Ec",32,1,1,1,1,1,1
"17127","1325","Ec_N",286,27,27,"Ec",32,1,1,1,1,1,1
"17128","1325","Ec_N",286,28,28,"Ec",32,1,1,1,1,1,1
"17129","1325","Ec_N",286,29,29,"Ec",32,1,1,1,1,1,1
"17130","1325","Ec_N",286,30,30,"Ec",32,1,1,1,1,1,1
"17131","1325","Ec_N",286,31,31,"Ec",32,1,1,1,1,1,1
"17132","1325","Ec_N",286,32,32,"Ec",32,1,1,1,1,1,1
"17133","1325","Ec_N",286,33,33,"Ec",32,1,1,1,1,1,1
"17134","1325","Ec_N",286,34,34,"Ec",32,1,1,1,1,1,1
"17135","1325","Ec_N",286,35,35,"Ec",32,1,1,1,1,1,1
"17136","1325","Ec_N",286,36,36,"Ec",32,1,1,1,1,1,1
"17137","1325","Ec_N",286,37,37,"Ec",32,1,1,1,1,1,1
"17138","1325","Ec_N",286,38,38,"Ec",32,1,1,1,1,1,1
"17139","1325","Ec_N",286,39,39,"Ec",32,1,1,1,1,1,1
"17140","1325","Ec_N",286,40,40,"Ec",32,1,1,1,1,1,1
"17141","1325","Ec_N",286,41,41,"Ec",32,1,1,1,1,1,1
"17142","1325","Ec_N",286,42,42,"Ec",32,1,1,1,1,1,1
"17143","1325","Ec_N",286,43,43,"Ec",32,1,1,1,1,1,1
"17144","1325","Ec_N",286,44,44,"Ec",32,1,1,1,1,1,1
"17145","1325","Ec_N",286,45,45,"Ec",32,1,1,1,1,1,1
"17146","1325","Ec_N",286,46,46,"Ec",32,1,1,1,1,1,1
"17147","1325","Ec_N",286,47,47,"Ec",32,1,1,1,1,1,1
"17148","1325","Ec_N",286,48,48,"Ec",32,1,1,1,1,1,1
"17149","1325","Ec_N",286,49,49,"Ec",32,1,1,1,1,1,1
"17150","1325","Ec_N",286,50,50,"Ec",32,1,1,1,1,1,1
"17151","1325","Ec_N",286,51,51,"Ec",32,1,1,1,1,1,1
"17152","1325","Ec_N",286,52,52,"Ec",32,1,1,1,1,1,1
"17153","1325","Ec_N",286,53,53,"Ec",32,1,1,1,1,1,1
"17154","1325","Ec_N",286,54,54,"Ec",32,1,1,1,1,1,1
"17155","1325","Ec_N",286,55,55,"Ec",32,1,1,1,1,1,1
"17156","1325","Ec_N",286,56,56,"Ec",32,1,1,1,1,1,1
"17157","1325","Ec_N",286,57,57,"Ec",32,1,1,1,1,1,1
"17158","1325","Ec_N",286,58,58,"Ec",32,1,1,1,1,1,1
"17159","1325","Ec_N",286,59,59,"Ec",32,1,1,1,1,1,1
"17160","1325","Ec_N",286,60,60,"Ec",32,1,1,1,1,1,1
"17161","1325","Ec_N",287,1,1,"Ec",1,0,0,0,0,0,0
"17162","1325","Ec_N",287,2,2,"Ec",1,0,0,0,0,0,0
"17163","1325","Ec_N",287,3,3,"Ec",1,0,0,0,0,0,0
"17164","1325","Ec_N",287,4,4,"Ec",1,0,0,0,0,0,0
"17165","1325","Ec_N",287,5,5,"Ec",1,0,0,0,0,0,0
"17166","1325","Ec_N",287,6,6,"Ec",1,0,0,0,0,0,0
"17167","1325","Ec_N",287,7,7,"Ec",17,0,0,0,0,1,0.0636859452353503
"17168","1325","Ec_N",287,8,8,"Ec",17,0,0,0,0,1,0.0636859452353503
"17169","1325","Ec_N",287,9,9,"Ec",17,0,0,0,0,1,0.0636859452353503
"17170","1325","Ec_N",287,10,10,"Ec",17,0,0,0,0,1,0.0636859452353503
"17171","1325","Ec_N",287,11,11,"Ec",17,0,0,0,0,1,0.0636859452353503
"17172","1325","Ec_N",287,12,12,"Ec",17,0,0,0,0,1,0.0636859452353503
"17173","1325","Ec_N",287,13,13,"Ec",17,0,0,0,0,1,0.0636859452353503
"17174","1325","Ec_N",287,14,14,"Ec",17,0,0,0,0,1,0.0636859452353503
"17175","1325","Ec_N",287,15,15,"Ec",17,0,0,0,0,1,0.0636859452353503
"17176","1325","Ec_N",287,16,16,"Ec",17,0,0,0,0,1,0.0636859452353503
"17177","1325","Ec_N",287,17,17,"Ec",17,0,0,0,0,1,0.0636859452353503
"17178","1325","Ec_N",287,18,18,"Ec",17,0,0,0,0,1,0.0636859452353503
"17179","1325","Ec_N",287,19,19,"Ec",17,0,0,0,0,1,0.0636859452353503
"17180","1325","Ec_N",287,20,20,"Ec",17,0,0,0,0,1,0.0636859452353503
"17181","1325","Ec_N",287,21,21,"Ec",17,0,0,0,0,1,0.0636859452353503
"17182","1325","Ec_N",287,22,22,"Ec",17,0,0,0,0,1,0.0636859452353503
"17183","1325","Ec_N",287,23,23,"Ec",17,0,0,0,0,1,0.0636859452353503
"17184","1325","Ec_N",287,24,24,"Ec",17,0,0,0,0,1,0.0636859452353503
"17185","1325","Ec_N",287,25,25,"Ec",17,0,0,0,0,1,0.0636859452353503
"17186","1325","Ec_N",287,26,26,"Ec",19,0,1,0,0,1,0.484124241483168
"17187","1325","Ec_N",287,27,27,"Ec",19,0,1,0,0,1,0.484124241483168
"17188","1325","Ec_N",287,28,28,"Ec",19,0,1,0,0,1,0.484124241483168
"17189","1325","Ec_N",287,29,29,"Ec",19,0,1,0,0,1,0.484124241483168
"17190","1325","Ec_N",287,30,30,"Ec",19,0,1,0,0,1,0.484124241483168
"17191","1325","Ec_N",287,31,31,"Ec",19,0,1,0,0,1,0.484124241483168
"17192","1325","Ec_N",287,32,32,"Ec",19,0,1,0,0,1,0.484124241483168
"17193","1325","Ec_N",287,33,33,"Ec",19,0,1,0,0,1,0.484124241483168
"17194","1325","Ec_N",287,34,34,"Ec",19,0,1,0,0,1,0.484124241483168
"17195","1325","Ec_N",287,35,35,"Ec",19,0,1,0,0,1,0.484124241483168
"17196","1325","Ec_N",287,36,36,"Ec",19,0,1,0,0,1,0.484124241483168
"17197","1325","Ec_N",287,37,37,"Ec",19,0,1,0,0,1,0.484124241483168
"17198","1325","Ec_N",287,38,38,"Ec",19,0,1,0,0,1,0.484124241483168
"17199","1325","Ec_N",287,39,39,"Ec",19,0,1,0,0,1,0.484124241483168
"17200","1325","Ec_N",287,40,40,"Ec",19,0,1,0,0,1,0.484124241483168
"17201","1325","Ec_N",287,41,41,"Ec",20,1,1,0,0,1,0.791346487587567
"17202","1325","Ec_N",287,42,42,"Ec",20,1,1,0,0,1,0.791346487587567
"17203","1325","Ec_N",287,43,43,"Ec",20,1,1,0,0,1,0.791346487587567
"17204","1325","Ec_N",287,44,44,"Ec",20,1,1,0,0,1,0.791346487587567
"17205","1325","Ec_N",287,45,45,"Ec",20,1,1,0,0,1,0.791346487587567
"17206","1325","Ec_N",287,46,46,"Ec",20,1,1,0,0,1,0.791346487587567
"17207","1325","Ec_N",287,47,47,"Ec",20,1,1,0,0,1,0.791346487587567
"17208","1325","Ec_N",287,48,48,"Ec",20,1,1,0,0,1,0.791346487587567
"17209","1325","Ec_N",287,49,49,"Ec",20,1,1,0,0,1,0.791346487587567
"17210","1325","Ec_N",287,50,50,"Ec",20,1,1,0,0,1,0.791346487587567
"17211","1325","Ec_N",287,51,51,"Ec",20,1,1,0,0,1,0.791346487587567
"17212","1325","Ec_N",287,52,52,"Ec",28,1,1,0,1,1,0.815884725734249
"17213","1325","Ec_N",287,53,53,"Ec",28,1,1,0,1,1,0.815884725734249
"17214","1325","Ec_N",287,54,54,"Ec",28,1,1,0,1,1,0.815884725734249
"17215","1325","Ec_N",287,55,55,"Ec",28,1,1,0,1,1,0.815884725734249
"17216","1325","Ec_N",287,56,56,"Ec",28,1,1,0,1,1,0.815884725734249
"17217","1325","Ec_N",287,57,57,"Ec",28,1,1,0,1,1,0.815884725734249
"17218","1325","Ec_N",287,58,58,"Ec",28,1,1,0,1,1,0.815884725734249
"17219","1325","Ec_N",287,59,59,"Ec",28,1,1,0,1,1,0.815884725734249
"17220","1325","Ec_N",287,60,60,"Ec",28,1,1,0,1,1,0.815884725734249
"17221","1325","Ec_N",288,1,1,"Ec",1,0,0,0,0,0,0
"17222","1325","Ec_N",288,2,2,"Ec",1,0,0,0,0,0,0
"17223","1325","Ec_N",288,3,3,"Ec",1,0,0,0,0,0,0
"17224","1325","Ec_N",288,4,4,"Ec",1,0,0,0,0,0,0
"17225","1325","Ec_N",288,5,5,"Ec",2,1,0,0,0,0,0.3072222461044
"17226","1325","Ec_N",288,6,6,"Ec",2,1,0,0,0,0,0.3072222461044
"17227","1325","Ec_N",288,7,7,"Ec",2,1,0,0,0,0,0.3072222461044
"17228","1325","Ec_N",288,8,8,"Ec",2,1,0,0,0,0,0.3072222461044
"17229","1325","Ec_N",288,9,9,"Ec",2,1,0,0,0,0,0.3072222461044
"17230","1325","Ec_N",288,10,10,"Ec",2,1,0,0,0,0,0.3072222461044
"17231","1325","Ec_N",288,11,11,"Ec",2,1,0,0,0,0,0.3072222461044
"17232","1325","Ec_N",288,12,12,"Ec",2,1,0,0,0,0,0.3072222461044
"17233","1325","Ec_N",288,13,13,"Ec",2,1,0,0,0,0,0.3072222461044
"17234","1325","Ec_N",288,14,14,"Ec",18,1,0,0,0,1,0.37090819133975
"17235","1325","Ec_N",288,15,15,"Ec",22,1,0,1,0,1,0.530537219791945
"17236","1325","Ec_N",288,16,16,"Ec",22,1,0,1,0,1,0.530537219791945
"17237","1325","Ec_N",288,17,17,"Ec",30,1,0,1,1,1,0.579561703752182
"17238","1325","Ec_N",288,18,18,"Ec",30,1,0,1,1,1,0.579561703752182
"17239","1325","Ec_N",288,19,19,"Ec",30,1,0,1,1,1,0.579561703752182
"17240","1325","Ec_N",288,20,20,"Ec",30,1,0,1,1,1,0.579561703752182
"17241","1325","Ec_N",288,21,21,"Ec",30,1,0,1,1,1,0.579561703752182
"17242","1325","Ec_N",288,22,22,"Ec",30,1,0,1,1,1,0.579561703752182
"17243","1325","Ec_N",288,23,23,"Ec",32,1,1,1,1,1,1
"17244","1325","Ec_N",288,24,24,"Ec",32,1,1,1,1,1,1
"17245","1325","Ec_N",288,25,25,"Ec",32,1,1,1,1,1,1
"17246","1325","Ec_N",288,26,26,"Ec",32,1,1,1,1,1,1
"17247","1325","Ec_N",288,27,27,"Ec",32,1,1,1,1,1,1
"17248","1325","Ec_N",288,28,28,"Ec",32,1,1,1,1,1,1
"17249","1325","Ec_N",288,29,29,"Ec",32,1,1,1,1,1,1
"17250","1325","Ec_N",288,30,30,"Ec",32,1,1,1,1,1,1
"17251","1325","Ec_N",288,31,31,"Ec",32,1,1,1,1,1,1
"17252","1325","Ec_N",288,32,32,"Ec",32,1,1,1,1,1,1
"17253","1325","Ec_N",288,33,33,"Ec",32,1,1,1,1,1,1
"17254","1325","Ec_N",288,34,34,"Ec",32,1,1,1,1,1,1
"17255","1325","Ec_N",288,35,35,"Ec",32,1,1,1,1,1,1
"17256","1325","Ec_N",288,36,36,"Ec",32,1,1,1,1,1,1
"17257","1325","Ec_N",288,37,37,"Ec",32,1,1,1,1,1,1
"17258","1325","Ec_N",288,38,38,"Ec",32,1,1,1,1,1,1
"17259","1325","Ec_N",288,39,39,"Ec",32,1,1,1,1,1,1
"17260","1325","Ec_N",288,40,40,"Ec",32,1,1,1,1,1,1
"17261","1325","Ec_N",288,41,41,"Ec",32,1,1,1,1,1,1
"17262","1325","Ec_N",288,42,42,"Ec",32,1,1,1,1,1,1
"17263","1325","Ec_N",288,43,43,"Ec",32,1,1,1,1,1,1
"17264","1325","Ec_N",288,44,44,"Ec",32,1,1,1,1,1,1
"17265","1325","Ec_N",288,45,45,"Ec",32,1,1,1,1,1,1
"17266","1325","Ec_N",288,46,46,"Ec",32,1,1,1,1,1,1
"17267","1325","Ec_N",288,47,47,"Ec",32,1,1,1,1,1,1
"17268","1325","Ec_N",288,48,48,"Ec",32,1,1,1,1,1,1
"17269","1325","Ec_N",288,49,49,"Ec",32,1,1,1,1,1,1
"17270","1325","Ec_N",288,50,50,"Ec",32,1,1,1,1,1,1
"17271","1325","Ec_N",288,51,51,"Ec",32,1,1,1,1,1,1
"17272","1325","Ec_N",288,52,52,"Ec",32,1,1,1,1,1,1
"17273","1325","Ec_N",288,53,53,"Ec",32,1,1,1,1,1,1
"17274","1325","Ec_N",288,54,54,"Ec",32,1,1,1,1,1,1
"17275","1325","Ec_N",288,55,55,"Ec",32,1,1,1,1,1,1
"17276","1325","Ec_N",288,56,56,"Ec",32,1,1,1,1,1,1
"17277","1325","Ec_N",288,57,57,"Ec",32,1,1,1,1,1,1
"17278","1325","Ec_N",288,58,58,"Ec",32,1,1,1,1,1,1
"17279","1325","Ec_N",288,59,59,"Ec",32,1,1,1,1,1,1
"17280","1325","Ec_N",288,60,60,"Ec",32,1,1,1,1,1,1
"17281","1325","Ec_N",289,1,1,"Ec",1,0,0,0,0,0,0
"17282","1325","Ec_N",289,2,2,"Ec",1,0,0,0,0,0,0
"17283","1325","Ec_N",289,3,3,"Ec",1,0,0,0,0,0,0
"17284","1325","Ec_N",289,4,4,"Ec",1,0,0,0,0,0,0
"17285","1325","Ec_N",289,5,5,"Ec",1,0,0,0,0,0,0
"17286","1325","Ec_N",289,6,6,"Ec",1,0,0,0,0,0,0
"17287","1325","Ec_N",289,7,7,"Ec",1,0,0,0,0,0,0
"17288","1325","Ec_N",289,8,8,"Ec",1,0,0,0,0,0,0
"17289","1325","Ec_N",289,9,9,"Ec",3,0,1,0,0,0,0.420438296247818
"17290","1325","Ec_N",289,10,10,"Ec",3,0,1,0,0,0,0.420438296247818
"17291","1325","Ec_N",289,11,11,"Ec",3,0,1,0,0,0,0.420438296247818
"17292","1325","Ec_N",289,12,12,"Ec",3,0,1,0,0,0,0.420438296247818
"17293","1325","Ec_N",289,13,13,"Ec",3,0,1,0,0,0,0.420438296247818
"17294","1325","Ec_N",289,14,14,"Ec",3,0,1,0,0,0,0.420438296247818
"17295","1325","Ec_N",289,15,15,"Ec",3,0,1,0,0,0,0.420438296247818
"17296","1325","Ec_N",289,16,16,"Ec",11,0,1,0,1,0,0.503461616060769
"17297","1325","Ec_N",289,17,17,"Ec",11,0,1,0,1,0,0.503461616060769
"17298","1325","Ec_N",289,18,18,"Ec",11,0,1,0,1,0,0.503461616060769
"17299","1325","Ec_N",289,19,19,"Ec",11,0,1,0,1,0,0.503461616060769
"17300","1325","Ec_N",289,20,20,"Ec",11,0,1,0,1,0,0.503461616060769
"17301","1325","Ec_N",289,21,21,"Ec",11,0,1,0,1,0,0.503461616060769
"17302","1325","Ec_N",289,22,22,"Ec",11,0,1,0,1,0,0.503461616060769
"17303","1325","Ec_N",289,23,23,"Ec",11,0,1,0,1,0,0.503461616060769
"17304","1325","Ec_N",289,24,24,"Ec",11,0,1,0,1,0,0.503461616060769
"17305","1325","Ec_N",289,25,25,"Ec",11,0,1,0,1,0,0.503461616060769
"17306","1325","Ec_N",289,26,26,"Ec",11,0,1,0,1,0,0.503461616060769
"17307","1325","Ec_N",289,27,27,"Ec",11,0,1,0,1,0,0.503461616060769
"17308","1325","Ec_N",289,28,28,"Ec",11,0,1,0,1,0,0.503461616060769
"17309","1325","Ec_N",289,29,29,"Ec",11,0,1,0,1,0,0.503461616060769
"17310","1325","Ec_N",289,30,30,"Ec",11,0,1,0,1,0,0.503461616060769
"17311","1325","Ec_N",289,31,31,"Ec",11,0,1,0,1,0,0.503461616060769
"17312","1325","Ec_N",289,32,32,"Ec",11,0,1,0,1,0,0.503461616060769
"17313","1325","Ec_N",289,33,33,"Ec",11,0,1,0,1,0,0.503461616060769
"17314","1325","Ec_N",289,34,34,"Ec",11,0,1,0,1,0,0.503461616060769
"17315","1325","Ec_N",289,35,35,"Ec",11,0,1,0,1,0,0.503461616060769
"17316","1325","Ec_N",289,36,36,"Ec",11,0,1,0,1,0,0.503461616060769
"17317","1325","Ec_N",289,37,37,"Ec",11,0,1,0,1,0,0.503461616060769
"17318","1325","Ec_N",289,38,38,"Ec",11,0,1,0,1,0,0.503461616060769
"17319","1325","Ec_N",289,39,39,"Ec",11,0,1,0,1,0,0.503461616060769
"17320","1325","Ec_N",289,40,40,"Ec",11,0,1,0,1,0,0.503461616060769
"17321","1325","Ec_N",289,41,41,"Ec",27,0,1,0,1,1,0.533148725443406
"17322","1325","Ec_N",289,42,42,"Ec",27,0,1,0,1,1,0.533148725443406
"17323","1325","Ec_N",289,43,43,"Ec",27,0,1,0,1,1,0.533148725443406
"17324","1325","Ec_N",289,44,44,"Ec",27,0,1,0,1,1,0.533148725443406
"17325","1325","Ec_N",289,45,45,"Ec",27,0,1,0,1,1,0.533148725443406
"17326","1325","Ec_N",289,46,46,"Ec",27,0,1,0,1,1,0.533148725443406
"17327","1325","Ec_N",289,47,47,"Ec",27,0,1,0,1,1,0.533148725443406
"17328","1325","Ec_N",289,48,48,"Ec",27,0,1,0,1,1,0.533148725443406
"17329","1325","Ec_N",289,49,49,"Ec",27,0,1,0,1,1,0.533148725443406
"17330","1325","Ec_N",289,50,50,"Ec",27,0,1,0,1,1,0.533148725443406
"17331","1325","Ec_N",289,51,51,"Ec",27,0,1,0,1,1,0.533148725443406
"17332","1325","Ec_N",289,52,52,"Ec",31,0,1,1,1,1,0.6927777538956
"17333","1325","Ec_N",289,53,53,"Ec",31,0,1,1,1,1,0.6927777538956
"17334","1325","Ec_N",289,54,54,"Ec",31,0,1,1,1,1,0.6927777538956
"17335","1325","Ec_N",289,55,55,"Ec",32,1,1,1,1,1,1
"17336","1325","Ec_N",289,56,56,"Ec",32,1,1,1,1,1,1
"17337","1325","Ec_N",289,57,57,"Ec",32,1,1,1,1,1,1
"17338","1325","Ec_N",289,58,58,"Ec",32,1,1,1,1,1,1
"17339","1325","Ec_N",289,59,59,"Ec",32,1,1,1,1,1,1
"17340","1325","Ec_N",289,60,60,"Ec",32,1,1,1,1,1,1
"17341","1325","Ec_N",290,1,1,"Ec",1,0,0,0,0,0,0
"17342","1325","Ec_N",290,2,2,"Ec",1,0,0,0,0,0,0
"17343","1325","Ec_N",290,3,3,"Ec",1,0,0,0,0,0,0
"17344","1325","Ec_N",290,4,4,"Ec",1,0,0,0,0,0,0
"17345","1325","Ec_N",290,5,5,"Ec",1,0,0,0,0,0,0
"17346","1325","Ec_N",290,6,6,"Ec",1,0,0,0,0,0,0
"17347","1325","Ec_N",290,7,7,"Ec",5,0,0,1,0,0,0.159629028452195
"17348","1325","Ec_N",290,8,8,"Ec",5,0,0,1,0,0,0.159629028452195
"17349","1325","Ec_N",290,9,9,"Ec",5,0,0,1,0,0,0.159629028452195
"17350","1325","Ec_N",290,10,10,"Ec",5,0,0,1,0,0,0.159629028452195
"17351","1325","Ec_N",290,11,11,"Ec",5,0,0,1,0,0,0.159629028452195
"17352","1325","Ec_N",290,12,12,"Ec",5,0,0,1,0,0,0.159629028452195
"17353","1325","Ec_N",290,13,13,"Ec",5,0,0,1,0,0,0.159629028452195
"17354","1325","Ec_N",290,14,14,"Ec",5,0,0,1,0,0,0.159629028452195
"17355","1325","Ec_N",290,15,15,"Ec",5,0,0,1,0,0,0.159629028452195
"17356","1325","Ec_N",290,16,16,"Ec",5,0,0,1,0,0,0.159629028452195
"17357","1325","Ec_N",290,17,17,"Ec",5,0,0,1,0,0,0.159629028452195
"17358","1325","Ec_N",290,18,18,"Ec",5,0,0,1,0,0,0.159629028452195
"17359","1325","Ec_N",290,19,19,"Ec",5,0,0,1,0,0,0.159629028452195
"17360","1325","Ec_N",290,20,20,"Ec",5,0,0,1,0,0,0.159629028452195
"17361","1325","Ec_N",290,21,21,"Ec",21,0,0,1,0,1,0.223314973687545
"17362","1325","Ec_N",290,22,22,"Ec",21,0,0,1,0,1,0.223314973687545
"17363","1325","Ec_N",290,23,23,"Ec",21,0,0,1,0,1,0.223314973687545
"17364","1325","Ec_N",290,24,24,"Ec",21,0,0,1,0,1,0.223314973687545
"17365","1325","Ec_N",290,25,25,"Ec",21,0,0,1,0,1,0.223314973687545
"17366","1325","Ec_N",290,26,26,"Ec",21,0,0,1,0,1,0.223314973687545
"17367","1325","Ec_N",290,27,27,"Ec",21,0,0,1,0,1,0.223314973687545
"17368","1325","Ec_N",290,28,28,"Ec",21,0,0,1,0,1,0.223314973687545
"17369","1325","Ec_N",290,29,29,"Ec",21,0,0,1,0,1,0.223314973687545
"17370","1325","Ec_N",290,30,30,"Ec",22,1,0,1,0,1,0.530537219791945
"17371","1325","Ec_N",290,31,31,"Ec",22,1,0,1,0,1,0.530537219791945
"17372","1325","Ec_N",290,32,32,"Ec",22,1,0,1,0,1,0.530537219791945
"17373","1325","Ec_N",290,33,33,"Ec",24,1,1,1,0,1,0.872975948786018
"17374","1325","Ec_N",290,34,34,"Ec",24,1,1,1,0,1,0.872975948786018
"17375","1325","Ec_N",290,35,35,"Ec",24,1,1,1,0,1,0.872975948786018
"17376","1325","Ec_N",290,36,36,"Ec",24,1,1,1,0,1,0.872975948786018
"17377","1325","Ec_N",290,37,37,"Ec",24,1,1,1,0,1,0.872975948786018
"17378","1325","Ec_N",290,38,38,"Ec",24,1,1,1,0,1,0.872975948786018
"17379","1325","Ec_N",290,39,39,"Ec",24,1,1,1,0,1,0.872975948786018
"17380","1325","Ec_N",290,40,40,"Ec",24,1,1,1,0,1,0.872975948786018
"17381","1325","Ec_N",290,41,41,"Ec",24,1,1,1,0,1,0.872975948786018
"17382","1325","Ec_N",290,42,42,"Ec",24,1,1,1,0,1,0.872975948786018
"17383","1325","Ec_N",290,43,43,"Ec",24,1,1,1,0,1,0.872975948786018
"17384","1325","Ec_N",290,44,44,"Ec",24,1,1,1,0,1,0.872975948786018
"17385","1325","Ec_N",290,45,45,"Ec",24,1,1,1,0,1,0.872975948786018
"17386","1325","Ec_N",290,46,46,"Ec",24,1,1,1,0,1,0.872975948786018
"17387","1325","Ec_N",290,47,47,"Ec",24,1,1,1,0,1,0.872975948786018
"17388","1325","Ec_N",290,48,48,"Ec",24,1,1,1,0,1,0.872975948786018
"17389","1325","Ec_N",290,49,49,"Ec",24,1,1,1,0,1,0.872975948786018
"17390","1325","Ec_N",290,50,50,"Ec",24,1,1,1,0,1,0.872975948786018
"17391","1325","Ec_N",290,51,51,"Ec",24,1,1,1,0,1,0.872975948786018
"17392","1325","Ec_N",290,52,52,"Ec",24,1,1,1,0,1,0.872975948786018
"17393","1325","Ec_N",290,53,53,"Ec",24,1,1,1,0,1,0.872975948786018
"17394","1325","Ec_N",290,54,54,"Ec",32,1,1,1,1,1,1
"17395","1325","Ec_N",290,55,55,"Ec",32,1,1,1,1,1,1
"17396","1325","Ec_N",290,56,56,"Ec",32,1,1,1,1,1,1
"17397","1325","Ec_N",290,57,57,"Ec",32,1,1,1,1,1,1
"17398","1325","Ec_N",290,58,58,"Ec",32,1,1,1,1,1,1
"17399","1325","Ec_N",290,59,59,"Ec",32,1,1,1,1,1,1
"17400","1325","Ec_N",290,60,60,"Ec",32,1,1,1,1,1,1
"17401","1325","Ec_N",291,1,1,"Ec",1,0,0,0,0,0,0
"17402","1325","Ec_N",291,2,2,"Ec",5,0,0,1,0,0,0.159629028452195
"17403","1325","Ec_N",291,3,3,"Ec",5,0,0,1,0,0,0.159629028452195
"17404","1325","Ec_N",291,4,4,"Ec",5,0,0,1,0,0,0.159629028452195
"17405","1325","Ec_N",291,5,5,"Ec",5,0,0,1,0,0,0.159629028452195
"17406","1325","Ec_N",291,6,6,"Ec",6,1,0,1,0,0,0.466851274556594
"17407","1325","Ec_N",291,7,7,"Ec",6,1,0,1,0,0,0.466851274556594
"17408","1325","Ec_N",291,8,8,"Ec",6,1,0,1,0,0,0.466851274556594
"17409","1325","Ec_N",291,9,9,"Ec",8,1,1,1,0,0,0.887289570804412
"17410","1325","Ec_N",291,10,10,"Ec",8,1,1,1,0,0,0.887289570804412
"17411","1325","Ec_N",291,11,11,"Ec",8,1,1,1,0,0,0.887289570804412
"17412","1325","Ec_N",291,12,12,"Ec",8,1,1,1,0,0,0.887289570804412
"17413","1325","Ec_N",291,13,13,"Ec",8,1,1,1,0,0,0.887289570804412
"17414","1325","Ec_N",291,14,14,"Ec",8,1,1,1,0,0,0.887289570804412
"17415","1325","Ec_N",291,15,15,"Ec",8,1,1,1,0,0,0.887289570804412
"17416","1325","Ec_N",291,16,16,"Ec",8,1,1,1,0,0,0.887289570804412
"17417","1325","Ec_N",291,17,17,"Ec",8,1,1,1,0,0,0.887289570804412
"17418","1325","Ec_N",291,18,18,"Ec",8,1,1,1,0,0,0.887289570804412
"17419","1325","Ec_N",291,19,19,"Ec",8,1,1,1,0,0,0.887289570804412
"17420","1325","Ec_N",291,20,20,"Ec",8,1,1,1,0,0,0.887289570804412
"17421","1325","Ec_N",291,21,21,"Ec",8,1,1,1,0,0,0.887289570804412
"17422","1325","Ec_N",291,22,22,"Ec",8,1,1,1,0,0,0.887289570804412
"17423","1325","Ec_N",291,23,23,"Ec",8,1,1,1,0,0,0.887289570804412
"17424","1325","Ec_N",291,24,24,"Ec",8,1,1,1,0,0,0.887289570804412
"17425","1325","Ec_N",291,25,25,"Ec",8,1,1,1,0,0,0.887289570804412
"17426","1325","Ec_N",291,26,26,"Ec",8,1,1,1,0,0,0.887289570804412
"17427","1325","Ec_N",291,27,27,"Ec",8,1,1,1,0,0,0.887289570804412
"17428","1325","Ec_N",291,28,28,"Ec",8,1,1,1,0,0,0.887289570804412
"17429","1325","Ec_N",291,29,29,"Ec",8,1,1,1,0,0,0.887289570804412
"17430","1325","Ec_N",291,30,30,"Ec",8,1,1,1,0,0,0.887289570804412
"17431","1325","Ec_N",291,31,31,"Ec",8,1,1,1,0,0,0.887289570804412
"17432","1325","Ec_N",291,32,32,"Ec",8,1,1,1,0,0,0.887289570804412
"17433","1325","Ec_N",291,33,33,"Ec",8,1,1,1,0,0,0.887289570804412
"17434","1325","Ec_N",291,34,34,"Ec",8,1,1,1,0,0,0.887289570804412
"17435","1325","Ec_N",291,35,35,"Ec",8,1,1,1,0,0,0.887289570804412
"17436","1325","Ec_N",291,36,36,"Ec",8,1,1,1,0,0,0.887289570804412
"17437","1325","Ec_N",291,37,37,"Ec",8,1,1,1,0,0,0.887289570804412
"17438","1325","Ec_N",291,38,38,"Ec",8,1,1,1,0,0,0.887289570804412
"17439","1325","Ec_N",291,39,39,"Ec",8,1,1,1,0,0,0.887289570804412
"17440","1325","Ec_N",291,40,40,"Ec",8,1,1,1,0,0,0.887289570804412
"17441","1325","Ec_N",291,41,41,"Ec",8,1,1,1,0,0,0.887289570804412
"17442","1325","Ec_N",291,42,42,"Ec",8,1,1,1,0,0,0.887289570804412
"17443","1325","Ec_N",291,43,43,"Ec",8,1,1,1,0,0,0.887289570804412
"17444","1325","Ec_N",291,44,44,"Ec",8,1,1,1,0,0,0.887289570804412
"17445","1325","Ec_N",291,45,45,"Ec",8,1,1,1,0,0,0.887289570804412
"17446","1325","Ec_N",291,46,46,"Ec",8,1,1,1,0,0,0.887289570804412
"17447","1325","Ec_N",291,47,47,"Ec",8,1,1,1,0,0,0.887289570804412
"17448","1325","Ec_N",291,48,48,"Ec",8,1,1,1,0,0,0.887289570804412
"17449","1325","Ec_N",291,49,49,"Ec",8,1,1,1,0,0,0.887289570804412
"17450","1325","Ec_N",291,50,50,"Ec",8,1,1,1,0,0,0.887289570804412
"17451","1325","Ec_N",291,51,51,"Ec",8,1,1,1,0,0,0.887289570804412
"17452","1325","Ec_N",291,52,52,"Ec",8,1,1,1,0,0,0.887289570804412
"17453","1325","Ec_N",291,53,53,"Ec",8,1,1,1,0,0,0.887289570804412
"17454","1325","Ec_N",291,54,54,"Ec",16,1,1,1,1,0,0.93631405476465
"17455","1325","Ec_N",291,55,55,"Ec",16,1,1,1,1,0,0.93631405476465
"17456","1325","Ec_N",291,56,56,"Ec",16,1,1,1,1,0,0.93631405476465
"17457","1325","Ec_N",291,57,57,"Ec",16,1,1,1,1,0,0.93631405476465
"17458","1325","Ec_N",291,58,58,"Ec",16,1,1,1,1,0,0.93631405476465
"17459","1325","Ec_N",291,59,59,"Ec",32,1,1,1,1,1,1
"17460","1325","Ec_N",291,60,60,"Ec",32,1,1,1,1,1,1
"17461","1325","Ec_N",292,1,1,"Ec",1,0,0,0,0,0,0
"17462","1325","Ec_N",292,2,2,"Ec",1,0,0,0,0,0,0
"17463","1325","Ec_N",292,3,3,"Ec",5,0,0,1,0,0,0.159629028452195
"17464","1325","Ec_N",292,4,4,"Ec",5,0,0,1,0,0,0.159629028452195
"17465","1325","Ec_N",292,5,5,"Ec",5,0,0,1,0,0,0.159629028452195
"17466","1325","Ec_N",292,6,6,"Ec",5,0,0,1,0,0,0.159629028452195
"17467","1325","Ec_N",292,7,7,"Ec",5,0,0,1,0,0,0.159629028452195
"17468","1325","Ec_N",292,8,8,"Ec",5,0,0,1,0,0,0.159629028452195
"17469","1325","Ec_N",292,9,9,"Ec",5,0,0,1,0,0,0.159629028452195
"17470","1325","Ec_N",292,10,10,"Ec",6,1,0,1,0,0,0.466851274556594
"17471","1325","Ec_N",292,11,11,"Ec",6,1,0,1,0,0,0.466851274556594
"17472","1325","Ec_N",292,12,12,"Ec",6,1,0,1,0,0,0.466851274556594
"17473","1325","Ec_N",292,13,13,"Ec",6,1,0,1,0,0,0.466851274556594
"17474","1325","Ec_N",292,14,14,"Ec",6,1,0,1,0,0,0.466851274556594
"17475","1325","Ec_N",292,15,15,"Ec",22,1,0,1,0,1,0.530537219791945
"17476","1325","Ec_N",292,16,16,"Ec",22,1,0,1,0,1,0.530537219791945
"17477","1325","Ec_N",292,17,17,"Ec",22,1,0,1,0,1,0.530537219791945
"17478","1325","Ec_N",292,18,18,"Ec",22,1,0,1,0,1,0.530537219791945
"17479","1325","Ec_N",292,19,19,"Ec",22,1,0,1,0,1,0.530537219791945
"17480","1325","Ec_N",292,20,20,"Ec",22,1,0,1,0,1,0.530537219791945
"17481","1325","Ec_N",292,21,21,"Ec",22,1,0,1,0,1,0.530537219791945
"17482","1325","Ec_N",292,22,22,"Ec",22,1,0,1,0,1,0.530537219791945
"17483","1325","Ec_N",292,23,23,"Ec",22,1,0,1,0,1,0.530537219791945
"17484","1325","Ec_N",292,24,24,"Ec",22,1,0,1,0,1,0.530537219791945
"17485","1325","Ec_N",292,25,25,"Ec",22,1,0,1,0,1,0.530537219791945
"17486","1325","Ec_N",292,26,26,"Ec",22,1,0,1,0,1,0.530537219791945
"17487","1325","Ec_N",292,27,27,"Ec",22,1,0,1,0,1,0.530537219791945
"17488","1325","Ec_N",292,28,28,"Ec",22,1,0,1,0,1,0.530537219791945
"17489","1325","Ec_N",292,29,29,"Ec",22,1,0,1,0,1,0.530537219791945
"17490","1325","Ec_N",292,30,30,"Ec",22,1,0,1,0,1,0.530537219791945
"17491","1325","Ec_N",292,31,31,"Ec",22,1,0,1,0,1,0.530537219791945
"17492","1325","Ec_N",292,32,32,"Ec",22,1,0,1,0,1,0.530537219791945
"17493","1325","Ec_N",292,33,33,"Ec",30,1,0,1,1,1,0.579561703752182
"17494","1325","Ec_N",292,34,34,"Ec",30,1,0,1,1,1,0.579561703752182
"17495","1325","Ec_N",292,35,35,"Ec",32,1,1,1,1,1,1
"17496","1325","Ec_N",292,36,36,"Ec",32,1,1,1,1,1,1
"17497","1325","Ec_N",292,37,37,"Ec",32,1,1,1,1,1,1
"17498","1325","Ec_N",292,38,38,"Ec",32,1,1,1,1,1,1
"17499","1325","Ec_N",292,39,39,"Ec",32,1,1,1,1,1,1
"17500","1325","Ec_N",292,40,40,"Ec",32,1,1,1,1,1,1
"17501","1325","Ec_N",292,41,41,"Ec",32,1,1,1,1,1,1
"17502","1325","Ec_N",292,42,42,"Ec",32,1,1,1,1,1,1
"17503","1325","Ec_N",292,43,43,"Ec",32,1,1,1,1,1,1
"17504","1325","Ec_N",292,44,44,"Ec",32,1,1,1,1,1,1
"17505","1325","Ec_N",292,45,45,"Ec",32,1,1,1,1,1,1
"17506","1325","Ec_N",292,46,46,"Ec",32,1,1,1,1,1,1
"17507","1325","Ec_N",292,47,47,"Ec",32,1,1,1,1,1,1
"17508","1325","Ec_N",292,48,48,"Ec",32,1,1,1,1,1,1
"17509","1325","Ec_N",292,49,49,"Ec",32,1,1,1,1,1,1
"17510","1325","Ec_N",292,50,50,"Ec",32,1,1,1,1,1,1
"17511","1325","Ec_N",292,51,51,"Ec",32,1,1,1,1,1,1
"17512","1325","Ec_N",292,52,52,"Ec",32,1,1,1,1,1,1
"17513","1325","Ec_N",292,53,53,"Ec",32,1,1,1,1,1,1
"17514","1325","Ec_N",292,54,54,"Ec",32,1,1,1,1,1,1
"17515","1325","Ec_N",292,55,55,"Ec",32,1,1,1,1,1,1
"17516","1325","Ec_N",292,56,56,"Ec",32,1,1,1,1,1,1
"17517","1325","Ec_N",292,57,57,"Ec",32,1,1,1,1,1,1
"17518","1325","Ec_N",292,58,58,"Ec",32,1,1,1,1,1,1
"17519","1325","Ec_N",292,59,59,"Ec",32,1,1,1,1,1,1
"17520","1325","Ec_N",292,60,60,"Ec",32,1,1,1,1,1,1
"17521","1325","Ec_N",293,1,1,"Ec",1,0,0,0,0,0,0
"17522","1325","Ec_N",293,2,2,"Ec",5,0,0,1,0,0,0.159629028452195
"17523","1325","Ec_N",293,3,3,"Ec",6,1,0,1,0,0,0.466851274556594
"17524","1325","Ec_N",293,4,4,"Ec",6,1,0,1,0,0,0.466851274556594
"17525","1325","Ec_N",293,5,5,"Ec",6,1,0,1,0,0,0.466851274556594
"17526","1325","Ec_N",293,6,6,"Ec",6,1,0,1,0,0,0.466851274556594
"17527","1325","Ec_N",293,7,7,"Ec",6,1,0,1,0,0,0.466851274556594
"17528","1325","Ec_N",293,8,8,"Ec",6,1,0,1,0,0,0.466851274556594
"17529","1325","Ec_N",293,9,9,"Ec",6,1,0,1,0,0,0.466851274556594
"17530","1325","Ec_N",293,10,10,"Ec",6,1,0,1,0,0,0.466851274556594
"17531","1325","Ec_N",293,11,11,"Ec",8,1,1,1,0,0,0.887289570804412
"17532","1325","Ec_N",293,12,12,"Ec",8,1,1,1,0,0,0.887289570804412
"17533","1325","Ec_N",293,13,13,"Ec",16,1,1,1,1,0,0.93631405476465
"17534","1325","Ec_N",293,14,14,"Ec",16,1,1,1,1,0,0.93631405476465
"17535","1325","Ec_N",293,15,15,"Ec",32,1,1,1,1,1,1
"17536","1325","Ec_N",293,16,16,"Ec",32,1,1,1,1,1,1
"17537","1325","Ec_N",293,17,17,"Ec",32,1,1,1,1,1,1
"17538","1325","Ec_N",293,18,18,"Ec",32,1,1,1,1,1,1
"17539","1325","Ec_N",293,19,19,"Ec",32,1,1,1,1,1,1
"17540","1325","Ec_N",293,20,20,"Ec",32,1,1,1,1,1,1
"17541","1325","Ec_N",293,21,21,"Ec",32,1,1,1,1,1,1
"17542","1325","Ec_N",293,22,22,"Ec",32,1,1,1,1,1,1
"17543","1325","Ec_N",293,23,23,"Ec",32,1,1,1,1,1,1
"17544","1325","Ec_N",293,24,24,"Ec",32,1,1,1,1,1,1
"17545","1325","Ec_N",293,25,25,"Ec",32,1,1,1,1,1,1
"17546","1325","Ec_N",293,26,26,"Ec",32,1,1,1,1,1,1
"17547","1325","Ec_N",293,27,27,"Ec",32,1,1,1,1,1,1
"17548","1325","Ec_N",293,28,28,"Ec",32,1,1,1,1,1,1
"17549","1325","Ec_N",293,29,29,"Ec",32,1,1,1,1,1,1
"17550","1325","Ec_N",293,30,30,"Ec",32,1,1,1,1,1,1
"17551","1325","Ec_N",293,31,31,"Ec",32,1,1,1,1,1,1
"17552","1325","Ec_N",293,32,32,"Ec",32,1,1,1,1,1,1
"17553","1325","Ec_N",293,33,33,"Ec",32,1,1,1,1,1,1
"17554","1325","Ec_N",293,34,34,"Ec",32,1,1,1,1,1,1
"17555","1325","Ec_N",293,35,35,"Ec",32,1,1,1,1,1,1
"17556","1325","Ec_N",293,36,36,"Ec",32,1,1,1,1,1,1
"17557","1325","Ec_N",293,37,37,"Ec",32,1,1,1,1,1,1
"17558","1325","Ec_N",293,38,38,"Ec",32,1,1,1,1,1,1
"17559","1325","Ec_N",293,39,39,"Ec",32,1,1,1,1,1,1
"17560","1325","Ec_N",293,40,40,"Ec",32,1,1,1,1,1,1
"17561","1325","Ec_N",293,41,41,"Ec",32,1,1,1,1,1,1
"17562","1325","Ec_N",293,42,42,"Ec",32,1,1,1,1,1,1
"17563","1325","Ec_N",293,43,43,"Ec",32,1,1,1,1,1,1
"17564","1325","Ec_N",293,44,44,"Ec",32,1,1,1,1,1,1
"17565","1325","Ec_N",293,45,45,"Ec",32,1,1,1,1,1,1
"17566","1325","Ec_N",293,46,46,"Ec",32,1,1,1,1,1,1
"17567","1325","Ec_N",293,47,47,"Ec",32,1,1,1,1,1,1
"17568","1325","Ec_N",293,48,48,"Ec",32,1,1,1,1,1,1
"17569","1325","Ec_N",293,49,49,"Ec",32,1,1,1,1,1,1
"17570","1325","Ec_N",293,50,50,"Ec",32,1,1,1,1,1,1
"17571","1325","Ec_N",293,51,51,"Ec",32,1,1,1,1,1,1
"17572","1325","Ec_N",293,52,52,"Ec",32,1,1,1,1,1,1
"17573","1325","Ec_N",293,53,53,"Ec",32,1,1,1,1,1,1
"17574","1325","Ec_N",293,54,54,"Ec",32,1,1,1,1,1,1
"17575","1325","Ec_N",293,55,55,"Ec",32,1,1,1,1,1,1
"17576","1325","Ec_N",293,56,56,"Ec",32,1,1,1,1,1,1
"17577","1325","Ec_N",293,57,57,"Ec",32,1,1,1,1,1,1
"17578","1325","Ec_N",293,58,58,"Ec",32,1,1,1,1,1,1
"17579","1325","Ec_N",293,59,59,"Ec",32,1,1,1,1,1,1
"17580","1325","Ec_N",293,60,60,"Ec",32,1,1,1,1,1,1
"17581","1325","Ec_N",294,1,1,"Ec",1,0,0,0,0,0,0
"17582","1325","Ec_N",294,2,2,"Ec",1,0,0,0,0,0,0
"17583","1325","Ec_N",294,3,3,"Ec",1,0,0,0,0,0,0
"17584","1325","Ec_N",294,4,4,"Ec",1,0,0,0,0,0,0
"17585","1325","Ec_N",294,5,5,"Ec",2,1,0,0,0,0,0.3072222461044
"17586","1325","Ec_N",294,6,6,"Ec",2,1,0,0,0,0,0.3072222461044
"17587","1325","Ec_N",294,7,7,"Ec",4,1,1,0,0,0,0.727660542352217
"17588","1325","Ec_N",294,8,8,"Ec",4,1,1,0,0,0,0.727660542352217
"17589","1325","Ec_N",294,9,9,"Ec",4,1,1,0,0,0,0.727660542352217
"17590","1325","Ec_N",294,10,10,"Ec",12,1,1,0,1,0,0.776685026312455
"17591","1325","Ec_N",294,11,11,"Ec",12,1,1,0,1,0,0.776685026312455
"17592","1325","Ec_N",294,12,12,"Ec",12,1,1,0,1,0,0.776685026312455
"17593","1325","Ec_N",294,13,13,"Ec",12,1,1,0,1,0,0.776685026312455
"17594","1325","Ec_N",294,14,14,"Ec",12,1,1,0,1,0,0.776685026312455
"17595","1325","Ec_N",294,15,15,"Ec",12,1,1,0,1,0,0.776685026312455
"17596","1325","Ec_N",294,16,16,"Ec",12,1,1,0,1,0,0.776685026312455
"17597","1325","Ec_N",294,17,17,"Ec",12,1,1,0,1,0,0.776685026312455
"17598","1325","Ec_N",294,18,18,"Ec",12,1,1,0,1,0,0.776685026312455
"17599","1325","Ec_N",294,19,19,"Ec",12,1,1,0,1,0,0.776685026312455
"17600","1325","Ec_N",294,20,20,"Ec",12,1,1,0,1,0,0.776685026312455
"17601","1325","Ec_N",294,21,21,"Ec",12,1,1,0,1,0,0.776685026312455
"17602","1325","Ec_N",294,22,22,"Ec",12,1,1,0,1,0,0.776685026312455
"17603","1325","Ec_N",294,23,23,"Ec",12,1,1,0,1,0,0.776685026312455
"17604","1325","Ec_N",294,24,24,"Ec",12,1,1,0,1,0,0.776685026312455
"17605","1325","Ec_N",294,25,25,"Ec",12,1,1,0,1,0,0.776685026312455
"17606","1325","Ec_N",294,26,26,"Ec",12,1,1,0,1,0,0.776685026312455
"17607","1325","Ec_N",294,27,27,"Ec",16,1,1,1,1,0,0.93631405476465
"17608","1325","Ec_N",294,28,28,"Ec",16,1,1,1,1,0,0.93631405476465
"17609","1325","Ec_N",294,29,29,"Ec",16,1,1,1,1,0,0.93631405476465
"17610","1325","Ec_N",294,30,30,"Ec",16,1,1,1,1,0,0.93631405476465
"17611","1325","Ec_N",294,31,31,"Ec",16,1,1,1,1,0,0.93631405476465
"17612","1325","Ec_N",294,32,32,"Ec",16,1,1,1,1,0,0.93631405476465
"17613","1325","Ec_N",294,33,33,"Ec",16,1,1,1,1,0,0.93631405476465
"17614","1325","Ec_N",294,34,34,"Ec",16,1,1,1,1,0,0.93631405476465
"17615","1325","Ec_N",294,35,35,"Ec",16,1,1,1,1,0,0.93631405476465
"17616","1325","Ec_N",294,36,36,"Ec",16,1,1,1,1,0,0.93631405476465
"17617","1325","Ec_N",294,37,37,"Ec",16,1,1,1,1,0,0.93631405476465
"17618","1325","Ec_N",294,38,38,"Ec",16,1,1,1,1,0,0.93631405476465
"17619","1325","Ec_N",294,39,39,"Ec",16,1,1,1,1,0,0.93631405476465
"17620","1325","Ec_N",294,40,40,"Ec",32,1,1,1,1,1,1
"17621","1325","Ec_N",294,41,41,"Ec",32,1,1,1,1,1,1
"17622","1325","Ec_N",294,42,42,"Ec",32,1,1,1,1,1,1
"17623","1325","Ec_N",294,43,43,"Ec",32,1,1,1,1,1,1
"17624","1325","Ec_N",294,44,44,"Ec",32,1,1,1,1,1,1
"17625","1325","Ec_N",294,45,45,"Ec",32,1,1,1,1,1,1
"17626","1325","Ec_N",294,46,46,"Ec",32,1,1,1,1,1,1
"17627","1325","Ec_N",294,47,47,"Ec",32,1,1,1,1,1,1
"17628","1325","Ec_N",294,48,48,"Ec",32,1,1,1,1,1,1
"17629","1325","Ec_N",294,49,49,"Ec",32,1,1,1,1,1,1
"17630","1325","Ec_N",294,50,50,"Ec",32,1,1,1,1,1,1
"17631","1325","Ec_N",294,51,51,"Ec",32,1,1,1,1,1,1
"17632","1325","Ec_N",294,52,52,"Ec",32,1,1,1,1,1,1
"17633","1325","Ec_N",294,53,53,"Ec",32,1,1,1,1,1,1
"17634","1325","Ec_N",294,54,54,"Ec",32,1,1,1,1,1,1
"17635","1325","Ec_N",294,55,55,"Ec",32,1,1,1,1,1,1
"17636","1325","Ec_N",294,56,56,"Ec",32,1,1,1,1,1,1
"17637","1325","Ec_N",294,57,57,"Ec",32,1,1,1,1,1,1
"17638","1325","Ec_N",294,58,58,"Ec",32,1,1,1,1,1,1
"17639","1325","Ec_N",294,59,59,"Ec",32,1,1,1,1,1,1
"17640","1325","Ec_N",294,60,60,"Ec",32,1,1,1,1,1,1
"17641","1325","Ec_N",295,1,1,"Ec",1,0,0,0,0,0,0
"17642","1325","Ec_N",295,2,2,"Ec",1,0,0,0,0,0,0
"17643","1325","Ec_N",295,3,3,"Ec",1,0,0,0,0,0,0
"17644","1325","Ec_N",295,4,4,"Ec",1,0,0,0,0,0,0
"17645","1325","Ec_N",295,5,5,"Ec",1,0,0,0,0,0,0
"17646","1325","Ec_N",295,6,6,"Ec",1,0,0,0,0,0,0
"17647","1325","Ec_N",295,7,7,"Ec",1,0,0,0,0,0,0
"17648","1325","Ec_N",295,8,8,"Ec",1,0,0,0,0,0,0
"17649","1325","Ec_N",295,9,9,"Ec",1,0,0,0,0,0,0
"17650","1325","Ec_N",295,10,10,"Ec",1,0,0,0,0,0,0
"17651","1325","Ec_N",295,11,11,"Ec",1,0,0,0,0,0,0
"17652","1325","Ec_N",295,12,12,"Ec",1,0,0,0,0,0,0
"17653","1325","Ec_N",295,13,13,"Ec",1,0,0,0,0,0,0
"17654","1325","Ec_N",295,14,14,"Ec",1,0,0,0,0,0,0
"17655","1325","Ec_N",295,15,15,"Ec",1,0,0,0,0,0,0
"17656","1325","Ec_N",295,16,16,"Ec",1,0,0,0,0,0,0
"17657","1325","Ec_N",295,17,17,"Ec",2,1,0,0,0,0,0.3072222461044
"17658","1325","Ec_N",295,18,18,"Ec",4,1,1,0,0,0,0.727660542352217
"17659","1325","Ec_N",295,19,19,"Ec",4,1,1,0,0,0,0.727660542352217
"17660","1325","Ec_N",295,20,20,"Ec",4,1,1,0,0,0,0.727660542352217
"17661","1325","Ec_N",295,21,21,"Ec",4,1,1,0,0,0,0.727660542352217
"17662","1325","Ec_N",295,22,22,"Ec",4,1,1,0,0,0,0.727660542352217
"17663","1325","Ec_N",295,23,23,"Ec",8,1,1,1,0,0,0.887289570804412
"17664","1325","Ec_N",295,24,24,"Ec",8,1,1,1,0,0,0.887289570804412
"17665","1325","Ec_N",295,25,25,"Ec",8,1,1,1,0,0,0.887289570804412
"17666","1325","Ec_N",295,26,26,"Ec",16,1,1,1,1,0,0.93631405476465
"17667","1325","Ec_N",295,27,27,"Ec",16,1,1,1,1,0,0.93631405476465
"17668","1325","Ec_N",295,28,28,"Ec",16,1,1,1,1,0,0.93631405476465
"17669","1325","Ec_N",295,29,29,"Ec",16,1,1,1,1,0,0.93631405476465
"17670","1325","Ec_N",295,30,30,"Ec",16,1,1,1,1,0,0.93631405476465
"17671","1325","Ec_N",295,31,31,"Ec",16,1,1,1,1,0,0.93631405476465
"17672","1325","Ec_N",295,32,32,"Ec",16,1,1,1,1,0,0.93631405476465
"17673","1325","Ec_N",295,33,33,"Ec",16,1,1,1,1,0,0.93631405476465
"17674","1325","Ec_N",295,34,34,"Ec",16,1,1,1,1,0,0.93631405476465
"17675","1325","Ec_N",295,35,35,"Ec",16,1,1,1,1,0,0.93631405476465
"17676","1325","Ec_N",295,36,36,"Ec",16,1,1,1,1,0,0.93631405476465
"17677","1325","Ec_N",295,37,37,"Ec",16,1,1,1,1,0,0.93631405476465
"17678","1325","Ec_N",295,38,38,"Ec",16,1,1,1,1,0,0.93631405476465
"17679","1325","Ec_N",295,39,39,"Ec",16,1,1,1,1,0,0.93631405476465
"17680","1325","Ec_N",295,40,40,"Ec",32,1,1,1,1,1,1
"17681","1325","Ec_N",295,41,41,"Ec",32,1,1,1,1,1,1
"17682","1325","Ec_N",295,42,42,"Ec",32,1,1,1,1,1,1
"17683","1325","Ec_N",295,43,43,"Ec",32,1,1,1,1,1,1
"17684","1325","Ec_N",295,44,44,"Ec",32,1,1,1,1,1,1
"17685","1325","Ec_N",295,45,45,"Ec",32,1,1,1,1,1,1
"17686","1325","Ec_N",295,46,46,"Ec",32,1,1,1,1,1,1
"17687","1325","Ec_N",295,47,47,"Ec",32,1,1,1,1,1,1
"17688","1325","Ec_N",295,48,48,"Ec",32,1,1,1,1,1,1
"17689","1325","Ec_N",295,49,49,"Ec",32,1,1,1,1,1,1
"17690","1325","Ec_N",295,50,50,"Ec",32,1,1,1,1,1,1
"17691","1325","Ec_N",295,51,51,"Ec",32,1,1,1,1,1,1
"17692","1325","Ec_N",295,52,52,"Ec",32,1,1,1,1,1,1
"17693","1325","Ec_N",295,53,53,"Ec",32,1,1,1,1,1,1
"17694","1325","Ec_N",295,54,54,"Ec",32,1,1,1,1,1,1
"17695","1325","Ec_N",295,55,55,"Ec",32,1,1,1,1,1,1
"17696","1325","Ec_N",295,56,56,"Ec",32,1,1,1,1,1,1
"17697","1325","Ec_N",295,57,57,"Ec",32,1,1,1,1,1,1
"17698","1325","Ec_N",295,58,58,"Ec",32,1,1,1,1,1,1
"17699","1325","Ec_N",295,59,59,"Ec",32,1,1,1,1,1,1
"17700","1325","Ec_N",295,60,60,"Ec",32,1,1,1,1,1,1
"17701","1325","Ec_N",296,1,1,"Ec",1,0,0,0,0,0,0
"17702","1325","Ec_N",296,2,2,"Ec",1,0,0,0,0,0,0
"17703","1325","Ec_N",296,3,3,"Ec",1,0,0,0,0,0,0
"17704","1325","Ec_N",296,4,4,"Ec",2,1,0,0,0,0,0.3072222461044
"17705","1325","Ec_N",296,5,5,"Ec",2,1,0,0,0,0,0.3072222461044
"17706","1325","Ec_N",296,6,6,"Ec",10,1,0,0,1,0,0.356246730064637
"17707","1325","Ec_N",296,7,7,"Ec",10,1,0,0,1,0,0.356246730064637
"17708","1325","Ec_N",296,8,8,"Ec",10,1,0,0,1,0,0.356246730064637
"17709","1325","Ec_N",296,9,9,"Ec",10,1,0,0,1,0,0.356246730064637
"17710","1325","Ec_N",296,10,10,"Ec",10,1,0,0,1,0,0.356246730064637
"17711","1325","Ec_N",296,11,11,"Ec",10,1,0,0,1,0,0.356246730064637
"17712","1325","Ec_N",296,12,12,"Ec",10,1,0,0,1,0,0.356246730064637
"17713","1325","Ec_N",296,13,13,"Ec",26,1,0,0,1,1,0.419932675299988
"17714","1325","Ec_N",296,14,14,"Ec",26,1,0,0,1,1,0.419932675299988
"17715","1325","Ec_N",296,15,15,"Ec",26,1,0,0,1,1,0.419932675299988
"17716","1325","Ec_N",296,16,16,"Ec",26,1,0,0,1,1,0.419932675299988
"17717","1325","Ec_N",296,17,17,"Ec",26,1,0,0,1,1,0.419932675299988
"17718","1325","Ec_N",296,18,18,"Ec",26,1,0,0,1,1,0.419932675299988
"17719","1325","Ec_N",296,19,19,"Ec",30,1,0,1,1,1,0.579561703752182
"17720","1325","Ec_N",296,20,20,"Ec",30,1,0,1,1,1,0.579561703752182
"17721","1325","Ec_N",296,21,21,"Ec",30,1,0,1,1,1,0.579561703752182
"17722","1325","Ec_N",296,22,22,"Ec",30,1,0,1,1,1,0.579561703752182
"17723","1325","Ec_N",296,23,23,"Ec",30,1,0,1,1,1,0.579561703752182
"17724","1325","Ec_N",296,24,24,"Ec",30,1,0,1,1,1,0.579561703752182
"17725","1325","Ec_N",296,25,25,"Ec",30,1,0,1,1,1,0.579561703752182
"17726","1325","Ec_N",296,26,26,"Ec",30,1,0,1,1,1,0.579561703752182
"17727","1325","Ec_N",296,27,27,"Ec",32,1,1,1,1,1,1
"17728","1325","Ec_N",296,28,28,"Ec",32,1,1,1,1,1,1
"17729","1325","Ec_N",296,29,29,"Ec",32,1,1,1,1,1,1
"17730","1325","Ec_N",296,30,30,"Ec",32,1,1,1,1,1,1
"17731","1325","Ec_N",296,31,31,"Ec",32,1,1,1,1,1,1
"17732","1325","Ec_N",296,32,32,"Ec",32,1,1,1,1,1,1
"17733","1325","Ec_N",296,33,33,"Ec",32,1,1,1,1,1,1
"17734","1325","Ec_N",296,34,34,"Ec",32,1,1,1,1,1,1
"17735","1325","Ec_N",296,35,35,"Ec",32,1,1,1,1,1,1
"17736","1325","Ec_N",296,36,36,"Ec",32,1,1,1,1,1,1
"17737","1325","Ec_N",296,37,37,"Ec",32,1,1,1,1,1,1
"17738","1325","Ec_N",296,38,38,"Ec",32,1,1,1,1,1,1
"17739","1325","Ec_N",296,39,39,"Ec",32,1,1,1,1,1,1
"17740","1325","Ec_N",296,40,40,"Ec",32,1,1,1,1,1,1
"17741","1325","Ec_N",296,41,41,"Ec",32,1,1,1,1,1,1
"17742","1325","Ec_N",296,42,42,"Ec",32,1,1,1,1,1,1
"17743","1325","Ec_N",296,43,43,"Ec",32,1,1,1,1,1,1
"17744","1325","Ec_N",296,44,44,"Ec",32,1,1,1,1,1,1
"17745","1325","Ec_N",296,45,45,"Ec",32,1,1,1,1,1,1
"17746","1325","Ec_N",296,46,46,"Ec",32,1,1,1,1,1,1
"17747","1325","Ec_N",296,47,47,"Ec",32,1,1,1,1,1,1
"17748","1325","Ec_N",296,48,48,"Ec",32,1,1,1,1,1,1
"17749","1325","Ec_N",296,49,49,"Ec",32,1,1,1,1,1,1
"17750","1325","Ec_N",296,50,50,"Ec",32,1,1,1,1,1,1
"17751","1325","Ec_N",296,51,51,"Ec",32,1,1,1,1,1,1
"17752","1325","Ec_N",296,52,52,"Ec",32,1,1,1,1,1,1
"17753","1325","Ec_N",296,53,53,"Ec",32,1,1,1,1,1,1
"17754","1325","Ec_N",296,54,54,"Ec",32,1,1,1,1,1,1
"17755","1325","Ec_N",296,55,55,"Ec",32,1,1,1,1,1,1
"17756","1325","Ec_N",296,56,56,"Ec",32,1,1,1,1,1,1
"17757","1325","Ec_N",296,57,57,"Ec",32,1,1,1,1,1,1
"17758","1325","Ec_N",296,58,58,"Ec",32,1,1,1,1,1,1
"17759","1325","Ec_N",296,59,59,"Ec",32,1,1,1,1,1,1
"17760","1325","Ec_N",296,60,60,"Ec",32,1,1,1,1,1,1
"17761","1325","Ec_N",297,1,1,"Ec",1,0,0,0,0,0,0
"17762","1325","Ec_N",297,2,2,"Ec",3,0,1,0,0,0,0.420438296247818
"17763","1325","Ec_N",297,3,3,"Ec",3,0,1,0,0,0,0.420438296247818
"17764","1325","Ec_N",297,4,4,"Ec",11,0,1,0,1,0,0.503461616060769
"17765","1325","Ec_N",297,5,5,"Ec",11,0,1,0,1,0,0.503461616060769
"17766","1325","Ec_N",297,6,6,"Ec",11,0,1,0,1,0,0.503461616060769
"17767","1325","Ec_N",297,7,7,"Ec",11,0,1,0,1,0,0.503461616060769
"17768","1325","Ec_N",297,8,8,"Ec",11,0,1,0,1,0,0.503461616060769
"17769","1325","Ec_N",297,9,9,"Ec",11,0,1,0,1,0,0.503461616060769
"17770","1325","Ec_N",297,10,10,"Ec",11,0,1,0,1,0,0.503461616060769
"17771","1325","Ec_N",297,11,11,"Ec",11,0,1,0,1,0,0.503461616060769
"17772","1325","Ec_N",297,12,12,"Ec",11,0,1,0,1,0,0.503461616060769
"17773","1325","Ec_N",297,13,13,"Ec",12,1,1,0,1,0,0.776685026312455
"17774","1325","Ec_N",297,14,14,"Ec",12,1,1,0,1,0,0.776685026312455
"17775","1325","Ec_N",297,15,15,"Ec",12,1,1,0,1,0,0.776685026312455
"17776","1325","Ec_N",297,16,16,"Ec",12,1,1,0,1,0,0.776685026312455
"17777","1325","Ec_N",297,17,17,"Ec",12,1,1,0,1,0,0.776685026312455
"17778","1325","Ec_N",297,18,18,"Ec",12,1,1,0,1,0,0.776685026312455
"17779","1325","Ec_N",297,19,19,"Ec",12,1,1,0,1,0,0.776685026312455
"17780","1325","Ec_N",297,20,20,"Ec",12,1,1,0,1,0,0.776685026312455
"17781","1325","Ec_N",297,21,21,"Ec",28,1,1,0,1,1,0.815884725734249
"17782","1325","Ec_N",297,22,22,"Ec",28,1,1,0,1,1,0.815884725734249
"17783","1325","Ec_N",297,23,23,"Ec",28,1,1,0,1,1,0.815884725734249
"17784","1325","Ec_N",297,24,24,"Ec",28,1,1,0,1,1,0.815884725734249
"17785","1325","Ec_N",297,25,25,"Ec",28,1,1,0,1,1,0.815884725734249
"17786","1325","Ec_N",297,26,26,"Ec",28,1,1,0,1,1,0.815884725734249
"17787","1325","Ec_N",297,27,27,"Ec",28,1,1,0,1,1,0.815884725734249
"17788","1325","Ec_N",297,28,28,"Ec",28,1,1,0,1,1,0.815884725734249
"17789","1325","Ec_N",297,29,29,"Ec",28,1,1,0,1,1,0.815884725734249
"17790","1325","Ec_N",297,30,30,"Ec",28,1,1,0,1,1,0.815884725734249
"17791","1325","Ec_N",297,31,31,"Ec",28,1,1,0,1,1,0.815884725734249
"17792","1325","Ec_N",297,32,32,"Ec",28,1,1,0,1,1,0.815884725734249
"17793","1325","Ec_N",297,33,33,"Ec",28,1,1,0,1,1,0.815884725734249
"17794","1325","Ec_N",297,34,34,"Ec",28,1,1,0,1,1,0.815884725734249
"17795","1325","Ec_N",297,35,35,"Ec",28,1,1,0,1,1,0.815884725734249
"17796","1325","Ec_N",297,36,36,"Ec",28,1,1,0,1,1,0.815884725734249
"17797","1325","Ec_N",297,37,37,"Ec",28,1,1,0,1,1,0.815884725734249
"17798","1325","Ec_N",297,38,38,"Ec",28,1,1,0,1,1,0.815884725734249
"17799","1325","Ec_N",297,39,39,"Ec",28,1,1,0,1,1,0.815884725734249
"17800","1325","Ec_N",297,40,40,"Ec",28,1,1,0,1,1,0.815884725734249
"17801","1325","Ec_N",297,41,41,"Ec",28,1,1,0,1,1,0.815884725734249
"17802","1325","Ec_N",297,42,42,"Ec",28,1,1,0,1,1,0.815884725734249
"17803","1325","Ec_N",297,43,43,"Ec",28,1,1,0,1,1,0.815884725734249
"17804","1325","Ec_N",297,44,44,"Ec",28,1,1,0,1,1,0.815884725734249
"17805","1325","Ec_N",297,45,45,"Ec",28,1,1,0,1,1,0.815884725734249
"17806","1325","Ec_N",297,46,46,"Ec",28,1,1,0,1,1,0.815884725734249
"17807","1325","Ec_N",297,47,47,"Ec",28,1,1,0,1,1,0.815884725734249
"17808","1325","Ec_N",297,48,48,"Ec",28,1,1,0,1,1,0.815884725734249
"17809","1325","Ec_N",297,49,49,"Ec",28,1,1,0,1,1,0.815884725734249
"17810","1325","Ec_N",297,50,50,"Ec",28,1,1,0,1,1,0.815884725734249
"17811","1325","Ec_N",297,51,51,"Ec",28,1,1,0,1,1,0.815884725734249
"17812","1325","Ec_N",297,52,52,"Ec",28,1,1,0,1,1,0.815884725734249
"17813","1325","Ec_N",297,53,53,"Ec",28,1,1,0,1,1,0.815884725734249
"17814","1325","Ec_N",297,54,54,"Ec",28,1,1,0,1,1,0.815884725734249
"17815","1325","Ec_N",297,55,55,"Ec",28,1,1,0,1,1,0.815884725734249
"17816","1325","Ec_N",297,56,56,"Ec",28,1,1,0,1,1,0.815884725734249
"17817","1325","Ec_N",297,57,57,"Ec",28,1,1,0,1,1,0.815884725734249
"17818","1325","Ec_N",297,58,58,"Ec",28,1,1,0,1,1,0.815884725734249
"17819","1325","Ec_N",297,59,59,"Ec",28,1,1,0,1,1,0.815884725734249
"17820","1325","Ec_N",297,60,60,"Ec",28,1,1,0,1,1,0.815884725734249
"17821","1325","Ec_N",298,1,1,"Ec",1,0,0,0,0,0,0
"17822","1325","Ec_N",298,2,2,"Ec",3,0,1,0,0,0,0.420438296247818
"17823","1325","Ec_N",298,3,3,"Ec",3,0,1,0,0,0,0.420438296247818
"17824","1325","Ec_N",298,4,4,"Ec",3,0,1,0,0,0,0.420438296247818
"17825","1325","Ec_N",298,5,5,"Ec",3,0,1,0,0,0,0.420438296247818
"17826","1325","Ec_N",298,6,6,"Ec",4,1,1,0,0,0,0.727660542352217
"17827","1325","Ec_N",298,7,7,"Ec",20,1,1,0,0,1,0.791346487587567
"17828","1325","Ec_N",298,8,8,"Ec",20,1,1,0,0,1,0.791346487587567
"17829","1325","Ec_N",298,9,9,"Ec",20,1,1,0,0,1,0.791346487587567
"17830","1325","Ec_N",298,10,10,"Ec",20,1,1,0,0,1,0.791346487587567
"17831","1325","Ec_N",298,11,11,"Ec",28,1,1,0,1,1,0.815884725734249
"17832","1325","Ec_N",298,12,12,"Ec",28,1,1,0,1,1,0.815884725734249
"17833","1325","Ec_N",298,13,13,"Ec",28,1,1,0,1,1,0.815884725734249
"17834","1325","Ec_N",298,14,14,"Ec",28,1,1,0,1,1,0.815884725734249
"17835","1325","Ec_N",298,15,15,"Ec",28,1,1,0,1,1,0.815884725734249
"17836","1325","Ec_N",298,16,16,"Ec",28,1,1,0,1,1,0.815884725734249
"17837","1325","Ec_N",298,17,17,"Ec",28,1,1,0,1,1,0.815884725734249
"17838","1325","Ec_N",298,18,18,"Ec",28,1,1,0,1,1,0.815884725734249
"17839","1325","Ec_N",298,19,19,"Ec",28,1,1,0,1,1,0.815884725734249
"17840","1325","Ec_N",298,20,20,"Ec",28,1,1,0,1,1,0.815884725734249
"17841","1325","Ec_N",298,21,21,"Ec",28,1,1,0,1,1,0.815884725734249
"17842","1325","Ec_N",298,22,22,"Ec",32,1,1,1,1,1,1
"17843","1325","Ec_N",298,23,23,"Ec",32,1,1,1,1,1,1
"17844","1325","Ec_N",298,24,24,"Ec",32,1,1,1,1,1,1
"17845","1325","Ec_N",298,25,25,"Ec",32,1,1,1,1,1,1
"17846","1325","Ec_N",298,26,26,"Ec",32,1,1,1,1,1,1
"17847","1325","Ec_N",298,27,27,"Ec",32,1,1,1,1,1,1
"17848","1325","Ec_N",298,28,28,"Ec",32,1,1,1,1,1,1
"17849","1325","Ec_N",298,29,29,"Ec",32,1,1,1,1,1,1
"17850","1325","Ec_N",298,30,30,"Ec",32,1,1,1,1,1,1
"17851","1325","Ec_N",298,31,31,"Ec",32,1,1,1,1,1,1
"17852","1325","Ec_N",298,32,32,"Ec",32,1,1,1,1,1,1
"17853","1325","Ec_N",298,33,33,"Ec",32,1,1,1,1,1,1
"17854","1325","Ec_N",298,34,34,"Ec",32,1,1,1,1,1,1
"17855","1325","Ec_N",298,35,35,"Ec",32,1,1,1,1,1,1
"17856","1325","Ec_N",298,36,36,"Ec",32,1,1,1,1,1,1
"17857","1325","Ec_N",298,37,37,"Ec",32,1,1,1,1,1,1
"17858","1325","Ec_N",298,38,38,"Ec",32,1,1,1,1,1,1
"17859","1325","Ec_N",298,39,39,"Ec",32,1,1,1,1,1,1
"17860","1325","Ec_N",298,40,40,"Ec",32,1,1,1,1,1,1
"17861","1325","Ec_N",298,41,41,"Ec",32,1,1,1,1,1,1
"17862","1325","Ec_N",298,42,42,"Ec",32,1,1,1,1,1,1
"17863","1325","Ec_N",298,43,43,"Ec",32,1,1,1,1,1,1
"17864","1325","Ec_N",298,44,44,"Ec",32,1,1,1,1,1,1
"17865","1325","Ec_N",298,45,45,"Ec",32,1,1,1,1,1,1
"17866","1325","Ec_N",298,46,46,"Ec",32,1,1,1,1,1,1
"17867","1325","Ec_N",298,47,47,"Ec",32,1,1,1,1,1,1
"17868","1325","Ec_N",298,48,48,"Ec",32,1,1,1,1,1,1
"17869","1325","Ec_N",298,49,49,"Ec",32,1,1,1,1,1,1
"17870","1325","Ec_N",298,50,50,"Ec",32,1,1,1,1,1,1
"17871","1325","Ec_N",298,51,51,"Ec",32,1,1,1,1,1,1
"17872","1325","Ec_N",298,52,52,"Ec",32,1,1,1,1,1,1
"17873","1325","Ec_N",298,53,53,"Ec",32,1,1,1,1,1,1
"17874","1325","Ec_N",298,54,54,"Ec",32,1,1,1,1,1,1
"17875","1325","Ec_N",298,55,55,"Ec",32,1,1,1,1,1,1
"17876","1325","Ec_N",298,56,56,"Ec",32,1,1,1,1,1,1
"17877","1325","Ec_N",298,57,57,"Ec",32,1,1,1,1,1,1
"17878","1325","Ec_N",298,58,58,"Ec",32,1,1,1,1,1,1
"17879","1325","Ec_N",298,59,59,"Ec",32,1,1,1,1,1,1
"17880","1325","Ec_N",298,60,60,"Ec",32,1,1,1,1,1,1
"17881","1325","Ec_N",299,1,1,"Ec",1,0,0,0,0,0,0
"17882","1325","Ec_N",299,2,2,"Ec",1,0,0,0,0,0,0
"17883","1325","Ec_N",299,3,3,"Ec",1,0,0,0,0,0,0
"17884","1325","Ec_N",299,4,4,"Ec",1,0,0,0,0,0,0
"17885","1325","Ec_N",299,5,5,"Ec",1,0,0,0,0,0,0
"17886","1325","Ec_N",299,6,6,"Ec",17,0,0,0,0,1,0.0636859452353503
"17887","1325","Ec_N",299,7,7,"Ec",17,0,0,0,0,1,0.0636859452353503
"17888","1325","Ec_N",299,8,8,"Ec",17,0,0,0,0,1,0.0636859452353503
"17889","1325","Ec_N",299,9,9,"Ec",18,1,0,0,0,1,0.37090819133975
"17890","1325","Ec_N",299,10,10,"Ec",18,1,0,0,0,1,0.37090819133975
"17891","1325","Ec_N",299,11,11,"Ec",22,1,0,1,0,1,0.530537219791945
"17892","1325","Ec_N",299,12,12,"Ec",22,1,0,1,0,1,0.530537219791945
"17893","1325","Ec_N",299,13,13,"Ec",22,1,0,1,0,1,0.530537219791945
"17894","1325","Ec_N",299,14,14,"Ec",24,1,1,1,0,1,0.872975948786018
"17895","1325","Ec_N",299,15,15,"Ec",24,1,1,1,0,1,0.872975948786018
"17896","1325","Ec_N",299,16,16,"Ec",24,1,1,1,0,1,0.872975948786018
"17897","1325","Ec_N",299,17,17,"Ec",24,1,1,1,0,1,0.872975948786018
"17898","1325","Ec_N",299,18,18,"Ec",24,1,1,1,0,1,0.872975948786018
"17899","1325","Ec_N",299,19,19,"Ec",24,1,1,1,0,1,0.872975948786018
"17900","1325","Ec_N",299,20,20,"Ec",24,1,1,1,0,1,0.872975948786018
"17901","1325","Ec_N",299,21,21,"Ec",24,1,1,1,0,1,0.872975948786018
"17902","1325","Ec_N",299,22,22,"Ec",24,1,1,1,0,1,0.872975948786018
"17903","1325","Ec_N",299,23,23,"Ec",24,1,1,1,0,1,0.872975948786018
"17904","1325","Ec_N",299,24,24,"Ec",24,1,1,1,0,1,0.872975948786018
"17905","1325","Ec_N",299,25,25,"Ec",8,1,1,1,0,0,0.887289570804412
"17906","1325","Ec_N",299,26,26,"Ec",8,1,1,1,0,0,0.887289570804412
"17907","1325","Ec_N",299,27,27,"Ec",8,1,1,1,0,0,0.887289570804412
"17908","1325","Ec_N",299,28,28,"Ec",8,1,1,1,0,0,0.887289570804412
"17909","1325","Ec_N",299,29,29,"Ec",8,1,1,1,0,0,0.887289570804412
"17910","1325","Ec_N",299,30,30,"Ec",8,1,1,1,0,0,0.887289570804412
"17911","1325","Ec_N",299,31,31,"Ec",8,1,1,1,0,0,0.887289570804412
"17912","1325","Ec_N",299,32,32,"Ec",8,1,1,1,0,0,0.887289570804412
"17913","1325","Ec_N",299,33,33,"Ec",8,1,1,1,0,0,0.887289570804412
"17914","1325","Ec_N",299,34,34,"Ec",8,1,1,1,0,0,0.887289570804412
"17915","1325","Ec_N",299,35,35,"Ec",8,1,1,1,0,0,0.887289570804412
"17916","1325","Ec_N",299,36,36,"Ec",8,1,1,1,0,0,0.887289570804412
"17917","1325","Ec_N",299,37,37,"Ec",8,1,1,1,0,0,0.887289570804412
"17918","1325","Ec_N",299,38,38,"Ec",8,1,1,1,0,0,0.887289570804412
"17919","1325","Ec_N",299,39,39,"Ec",8,1,1,1,0,0,0.887289570804412
"17920","1325","Ec_N",299,40,40,"Ec",8,1,1,1,0,0,0.887289570804412
"17921","1325","Ec_N",299,41,41,"Ec",8,1,1,1,0,0,0.887289570804412
"17922","1325","Ec_N",299,42,42,"Ec",8,1,1,1,0,0,0.887289570804412
"17923","1325","Ec_N",299,43,43,"Ec",8,1,1,1,0,0,0.887289570804412
"17924","1325","Ec_N",299,44,44,"Ec",8,1,1,1,0,0,0.887289570804412
"17925","1325","Ec_N",299,45,45,"Ec",8,1,1,1,0,0,0.887289570804412
"17926","1325","Ec_N",299,46,46,"Ec",8,1,1,1,0,0,0.887289570804412
"17927","1325","Ec_N",299,47,47,"Ec",8,1,1,1,0,0,0.887289570804412
"17928","1325","Ec_N",299,48,48,"Ec",8,1,1,1,0,0,0.887289570804412
"17929","1325","Ec_N",299,49,49,"Ec",8,1,1,1,0,0,0.887289570804412
"17930","1325","Ec_N",299,50,50,"Ec",8,1,1,1,0,0,0.887289570804412
"17931","1325","Ec_N",299,51,51,"Ec",8,1,1,1,0,0,0.887289570804412
"17932","1325","Ec_N",299,52,52,"Ec",8,1,1,1,0,0,0.887289570804412
"17933","1325","Ec_N",299,53,53,"Ec",8,1,1,1,0,0,0.887289570804412
"17934","1325","Ec_N",299,54,54,"Ec",8,1,1,1,0,0,0.887289570804412
"17935","1325","Ec_N",299,55,55,"Ec",8,1,1,1,0,0,0.887289570804412
"17936","1325","Ec_N",299,56,56,"Ec",8,1,1,1,0,0,0.887289570804412
"17937","1325","Ec_N",299,57,57,"Ec",8,1,1,1,0,0,0.887289570804412
"17938","1325","Ec_N",299,58,58,"Ec",8,1,1,1,0,0,0.887289570804412
"17939","1325","Ec_N",299,59,59,"Ec",8,1,1,1,0,0,0.887289570804412
"17940","1325","Ec_N",299,60,60,"Ec",8,1,1,1,0,0,0.887289570804412
"17941","1325","Ec_N",300,1,1,"Ec",1,0,0,0,0,0,0
"17942","1325","Ec_N",300,2,2,"Ec",1,0,0,0,0,0,0
"17943","1325","Ec_N",300,3,3,"Ec",9,0,0,0,1,0,0.0490244839602376
"17944","1325","Ec_N",300,4,4,"Ec",9,0,0,0,1,0,0.0490244839602376
"17945","1325","Ec_N",300,5,5,"Ec",10,1,0,0,1,0,0.356246730064637
"17946","1325","Ec_N",300,6,6,"Ec",12,1,1,0,1,0,0.776685026312455
"17947","1325","Ec_N",300,7,7,"Ec",12,1,1,0,1,0,0.776685026312455
"17948","1325","Ec_N",300,8,8,"Ec",12,1,1,0,1,0,0.776685026312455
"17949","1325","Ec_N",300,9,9,"Ec",12,1,1,0,1,0,0.776685026312455
"17950","1325","Ec_N",300,10,10,"Ec",12,1,1,0,1,0,0.776685026312455
"17951","1325","Ec_N",300,11,11,"Ec",12,1,1,0,1,0,0.776685026312455
"17952","1325","Ec_N",300,12,12,"Ec",12,1,1,0,1,0,0.776685026312455
"17953","1325","Ec_N",300,13,13,"Ec",16,1,1,1,1,0,0.93631405476465
"17954","1325","Ec_N",300,14,14,"Ec",16,1,1,1,1,0,0.93631405476465
"17955","1325","Ec_N",300,15,15,"Ec",16,1,1,1,1,0,0.93631405476465
"17956","1325","Ec_N",300,16,16,"Ec",16,1,1,1,1,0,0.93631405476465
"17957","1325","Ec_N",300,17,17,"Ec",16,1,1,1,1,0,0.93631405476465
"17958","1325","Ec_N",300,18,18,"Ec",16,1,1,1,1,0,0.93631405476465
"17959","1325","Ec_N",300,19,19,"Ec",16,1,1,1,1,0,0.93631405476465
"17960","1325","Ec_N",300,20,20,"Ec",16,1,1,1,1,0,0.93631405476465
"17961","1325","Ec_N",300,21,21,"Ec",16,1,1,1,1,0,0.93631405476465
"17962","1325","Ec_N",300,22,22,"Ec",16,1,1,1,1,0,0.93631405476465
"17963","1325","Ec_N",300,23,23,"Ec",16,1,1,1,1,0,0.93631405476465
"17964","1325","Ec_N",300,24,24,"Ec",16,1,1,1,1,0,0.93631405476465
"17965","1325","Ec_N",300,25,25,"Ec",16,1,1,1,1,0,0.93631405476465
"17966","1325","Ec_N",300,26,26,"Ec",16,1,1,1,1,0,0.93631405476465
"17967","1325","Ec_N",300,27,27,"Ec",16,1,1,1,1,0,0.93631405476465
"17968","1325","Ec_N",300,28,28,"Ec",16,1,1,1,1,0,0.93631405476465
"17969","1325","Ec_N",300,29,29,"Ec",16,1,1,1,1,0,0.93631405476465
"17970","1325","Ec_N",300,30,30,"Ec",16,1,1,1,1,0,0.93631405476465
"17971","1325","Ec_N",300,31,31,"Ec",16,1,1,1,1,0,0.93631405476465
"17972","1325","Ec_N",300,32,32,"Ec",16,1,1,1,1,0,0.93631405476465
"17973","1325","Ec_N",300,33,33,"Ec",16,1,1,1,1,0,0.93631405476465
"17974","1325","Ec_N",300,34,34,"Ec",16,1,1,1,1,0,0.93631405476465
"17975","1325","Ec_N",300,35,35,"Ec",32,1,1,1,1,1,1
"17976","1325","Ec_N",300,36,36,"Ec",32,1,1,1,1,1,1
"17977","1325","Ec_N",300,37,37,"Ec",32,1,1,1,1,1,1
"17978","1325","Ec_N",300,38,38,"Ec",32,1,1,1,1,1,1
"17979","1325","Ec_N",300,39,39,"Ec",32,1,1,1,1,1,1
"17980","1325","Ec_N",300,40,40,"Ec",32,1,1,1,1,1,1
"17981","1325","Ec_N",300,41,41,"Ec",32,1,1,1,1,1,1
"17982","1325","Ec_N",300,42,42,"Ec",32,1,1,1,1,1,1
"17983","1325","Ec_N",300,43,43,"Ec",32,1,1,1,1,1,1
"17984","1325","Ec_N",300,44,44,"Ec",32,1,1,1,1,1,1
"17985","1325","Ec_N",300,45,45,"Ec",32,1,1,1,1,1,1
"17986","1325","Ec_N",300,46,46,"Ec",32,1,1,1,1,1,1
"17987","1325","Ec_N",300,47,47,"Ec",32,1,1,1,1,1,1
"17988","1325","Ec_N",300,48,48,"Ec",32,1,1,1,1,1,1
"17989","1325","Ec_N",300,49,49,"Ec",32,1,1,1,1,1,1
"17990","1325","Ec_N",300,50,50,"Ec",32,1,1,1,1,1,1
"17991","1325","Ec_N",300,51,51,"Ec",32,1,1,1,1,1,1
"17992","1325","Ec_N",300,52,52,"Ec",32,1,1,1,1,1,1
"17993","1325","Ec_N",300,53,53,"Ec",32,1,1,1,1,1,1
"17994","1325","Ec_N",300,54,54,"Ec",32,1,1,1,1,1,1
"17995","1325","Ec_N",300,55,55,"Ec",32,1,1,1,1,1,1
"17996","1325","Ec_N",300,56,56,"Ec",32,1,1,1,1,1,1
"17997","1325","Ec_N",300,57,57,"Ec",32,1,1,1,1,1,1
"17998","1325","Ec_N",300,58,58,"Ec",32,1,1,1,1,1,1
"17999","1325","Ec_N",300,59,59,"Ec",32,1,1,1,1,1,1
"18000","1325","Ec_N",300,60,60,"Ec",32,1,1,1,1,1,1
"18001","1325","Ec_N",301,1,1,"Ec",1,0,0,0,0,0,0
"18002","1325","Ec_N",301,2,2,"Ec",1,0,0,0,0,0,0
"18003","1325","Ec_N",301,3,3,"Ec",2,1,0,0,0,0,0.3072222461044
"18004","1325","Ec_N",301,4,4,"Ec",6,1,0,1,0,0,0.466851274556594
"18005","1325","Ec_N",301,5,5,"Ec",6,1,0,1,0,0,0.466851274556594
"18006","1325","Ec_N",301,6,6,"Ec",6,1,0,1,0,0,0.466851274556594
"18007","1325","Ec_N",301,7,7,"Ec",6,1,0,1,0,0,0.466851274556594
"18008","1325","Ec_N",301,8,8,"Ec",6,1,0,1,0,0,0.466851274556594
"18009","1325","Ec_N",301,9,9,"Ec",6,1,0,1,0,0,0.466851274556594
"18010","1325","Ec_N",301,10,10,"Ec",8,1,1,1,0,0,0.887289570804412
"18011","1325","Ec_N",301,11,11,"Ec",8,1,1,1,0,0,0.887289570804412
"18012","1325","Ec_N",301,12,12,"Ec",8,1,1,1,0,0,0.887289570804412
"18013","1325","Ec_N",301,13,13,"Ec",8,1,1,1,0,0,0.887289570804412
"18014","1325","Ec_N",301,14,14,"Ec",8,1,1,1,0,0,0.887289570804412
"18015","1325","Ec_N",301,15,15,"Ec",8,1,1,1,0,0,0.887289570804412
"18016","1325","Ec_N",301,16,16,"Ec",8,1,1,1,0,0,0.887289570804412
"18017","1325","Ec_N",301,17,17,"Ec",8,1,1,1,0,0,0.887289570804412
"18018","1325","Ec_N",301,18,18,"Ec",8,1,1,1,0,0,0.887289570804412
"18019","1325","Ec_N",301,19,19,"Ec",8,1,1,1,0,0,0.887289570804412
"18020","1325","Ec_N",301,20,20,"Ec",8,1,1,1,0,0,0.887289570804412
"18021","1325","Ec_N",301,21,21,"Ec",8,1,1,1,0,0,0.887289570804412
"18022","1325","Ec_N",301,22,22,"Ec",8,1,1,1,0,0,0.887289570804412
"18023","1325","Ec_N",301,23,23,"Ec",8,1,1,1,0,0,0.887289570804412
"18024","1325","Ec_N",301,24,24,"Ec",16,1,1,1,1,0,0.93631405476465
"18025","1325","Ec_N",301,25,25,"Ec",16,1,1,1,1,0,0.93631405476465
"18026","1325","Ec_N",301,26,26,"Ec",16,1,1,1,1,0,0.93631405476465
"18027","1325","Ec_N",301,27,27,"Ec",16,1,1,1,1,0,0.93631405476465
"18028","1325","Ec_N",301,28,28,"Ec",16,1,1,1,1,0,0.93631405476465
"18029","1325","Ec_N",301,29,29,"Ec",16,1,1,1,1,0,0.93631405476465
"18030","1325","Ec_N",301,30,30,"Ec",16,1,1,1,1,0,0.93631405476465
"18031","1325","Ec_N",301,31,31,"Ec",16,1,1,1,1,0,0.93631405476465
"18032","1325","Ec_N",301,32,32,"Ec",16,1,1,1,1,0,0.93631405476465
"18033","1325","Ec_N",301,33,33,"Ec",16,1,1,1,1,0,0.93631405476465
"18034","1325","Ec_N",301,34,34,"Ec",16,1,1,1,1,0,0.93631405476465
"18035","1325","Ec_N",301,35,35,"Ec",16,1,1,1,1,0,0.93631405476465
"18036","1325","Ec_N",301,36,36,"Ec",16,1,1,1,1,0,0.93631405476465
"18037","1325","Ec_N",301,37,37,"Ec",16,1,1,1,1,0,0.93631405476465
"18038","1325","Ec_N",301,38,38,"Ec",16,1,1,1,1,0,0.93631405476465
"18039","1325","Ec_N",301,39,39,"Ec",16,1,1,1,1,0,0.93631405476465
"18040","1325","Ec_N",301,40,40,"Ec",16,1,1,1,1,0,0.93631405476465
"18041","1325","Ec_N",301,41,41,"Ec",32,1,1,1,1,1,1
"18042","1325","Ec_N",301,42,42,"Ec",32,1,1,1,1,1,1
"18043","1325","Ec_N",301,43,43,"Ec",32,1,1,1,1,1,1
"18044","1325","Ec_N",301,44,44,"Ec",32,1,1,1,1,1,1
"18045","1325","Ec_N",301,45,45,"Ec",32,1,1,1,1,1,1
"18046","1325","Ec_N",301,46,46,"Ec",32,1,1,1,1,1,1
"18047","1325","Ec_N",301,47,47,"Ec",32,1,1,1,1,1,1
"18048","1325","Ec_N",301,48,48,"Ec",32,1,1,1,1,1,1
"18049","1325","Ec_N",301,49,49,"Ec",32,1,1,1,1,1,1
"18050","1325","Ec_N",301,50,50,"Ec",32,1,1,1,1,1,1
"18051","1325","Ec_N",301,51,51,"Ec",32,1,1,1,1,1,1
"18052","1325","Ec_N",301,52,52,"Ec",32,1,1,1,1,1,1
"18053","1325","Ec_N",301,53,53,"Ec",32,1,1,1,1,1,1
"18054","1325","Ec_N",301,54,54,"Ec",32,1,1,1,1,1,1
"18055","1325","Ec_N",301,55,55,"Ec",32,1,1,1,1,1,1
"18056","1325","Ec_N",301,56,56,"Ec",32,1,1,1,1,1,1
"18057","1325","Ec_N",301,57,57,"Ec",32,1,1,1,1,1,1
"18058","1325","Ec_N",301,58,58,"Ec",32,1,1,1,1,1,1
"18059","1325","Ec_N",301,59,59,"Ec",32,1,1,1,1,1,1
"18060","1325","Ec_N",301,60,60,"Ec",32,1,1,1,1,1,1
"18061","1325","Ec_N",302,1,1,"Ec",1,0,0,0,0,0,0
"18062","1325","Ec_N",302,2,2,"Ec",1,0,0,0,0,0,0
"18063","1325","Ec_N",302,3,3,"Ec",3,0,1,0,0,0,0.420438296247818
"18064","1325","Ec_N",302,4,4,"Ec",3,0,1,0,0,0,0.420438296247818
"18065","1325","Ec_N",302,5,5,"Ec",3,0,1,0,0,0,0.420438296247818
"18066","1325","Ec_N",302,6,6,"Ec",3,0,1,0,0,0,0.420438296247818
"18067","1325","Ec_N",302,7,7,"Ec",3,0,1,0,0,0,0.420438296247818
"18068","1325","Ec_N",302,8,8,"Ec",3,0,1,0,0,0,0.420438296247818
"18069","1325","Ec_N",302,9,9,"Ec",3,0,1,0,0,0,0.420438296247818
"18070","1325","Ec_N",302,10,10,"Ec",4,1,1,0,0,0,0.727660542352217
"18071","1325","Ec_N",302,11,11,"Ec",4,1,1,0,0,0,0.727660542352217
"18072","1325","Ec_N",302,12,12,"Ec",4,1,1,0,0,0,0.727660542352217
"18073","1325","Ec_N",302,13,13,"Ec",4,1,1,0,0,0,0.727660542352217
"18074","1325","Ec_N",302,14,14,"Ec",4,1,1,0,0,0,0.727660542352217
"18075","1325","Ec_N",302,15,15,"Ec",4,1,1,0,0,0,0.727660542352217
"18076","1325","Ec_N",302,16,16,"Ec",20,1,1,0,0,1,0.791346487587567
"18077","1325","Ec_N",302,17,17,"Ec",20,1,1,0,0,1,0.791346487587567
"18078","1325","Ec_N",302,18,18,"Ec",20,1,1,0,0,1,0.791346487587567
"18079","1325","Ec_N",302,19,19,"Ec",20,1,1,0,0,1,0.791346487587567
"18080","1325","Ec_N",302,20,20,"Ec",20,1,1,0,0,1,0.791346487587567
"18081","1325","Ec_N",302,21,21,"Ec",28,1,1,0,1,1,0.815884725734249
"18082","1325","Ec_N",302,22,22,"Ec",28,1,1,0,1,1,0.815884725734249
"18083","1325","Ec_N",302,23,23,"Ec",28,1,1,0,1,1,0.815884725734249
"18084","1325","Ec_N",302,24,24,"Ec",28,1,1,0,1,1,0.815884725734249
"18085","1325","Ec_N",302,25,25,"Ec",28,1,1,0,1,1,0.815884725734249
"18086","1325","Ec_N",302,26,26,"Ec",28,1,1,0,1,1,0.815884725734249
"18087","1325","Ec_N",302,27,27,"Ec",32,1,1,1,1,1,1
"18088","1325","Ec_N",302,28,28,"Ec",32,1,1,1,1,1,1
"18089","1325","Ec_N",302,29,29,"Ec",32,1,1,1,1,1,1
"18090","1325","Ec_N",302,30,30,"Ec",32,1,1,1,1,1,1
"18091","1325","Ec_N",302,31,31,"Ec",32,1,1,1,1,1,1
"18092","1325","Ec_N",302,32,32,"Ec",32,1,1,1,1,1,1
"18093","1325","Ec_N",302,33,33,"Ec",32,1,1,1,1,1,1
"18094","1325","Ec_N",302,34,34,"Ec",32,1,1,1,1,1,1
"18095","1325","Ec_N",302,35,35,"Ec",32,1,1,1,1,1,1
"18096","1325","Ec_N",302,36,36,"Ec",32,1,1,1,1,1,1
"18097","1325","Ec_N",302,37,37,"Ec",32,1,1,1,1,1,1
"18098","1325","Ec_N",302,38,38,"Ec",32,1,1,1,1,1,1
"18099","1325","Ec_N",302,39,39,"Ec",32,1,1,1,1,1,1
"18100","1325","Ec_N",302,40,40,"Ec",32,1,1,1,1,1,1
"18101","1325","Ec_N",302,41,41,"Ec",32,1,1,1,1,1,1
"18102","1325","Ec_N",302,42,42,"Ec",32,1,1,1,1,1,1
"18103","1325","Ec_N",302,43,43,"Ec",32,1,1,1,1,1,1
"18104","1325","Ec_N",302,44,44,"Ec",32,1,1,1,1,1,1
"18105","1325","Ec_N",302,45,45,"Ec",32,1,1,1,1,1,1
"18106","1325","Ec_N",302,46,46,"Ec",32,1,1,1,1,1,1
"18107","1325","Ec_N",302,47,47,"Ec",32,1,1,1,1,1,1
"18108","1325","Ec_N",302,48,48,"Ec",32,1,1,1,1,1,1
"18109","1325","Ec_N",302,49,49,"Ec",32,1,1,1,1,1,1
"18110","1325","Ec_N",302,50,50,"Ec",32,1,1,1,1,1,1
"18111","1325","Ec_N",302,51,51,"Ec",32,1,1,1,1,1,1
"18112","1325","Ec_N",302,52,52,"Ec",32,1,1,1,1,1,1
"18113","1325","Ec_N",302,53,53,"Ec",32,1,1,1,1,1,1
"18114","1325","Ec_N",302,54,54,"Ec",32,1,1,1,1,1,1
"18115","1325","Ec_N",302,55,55,"Ec",32,1,1,1,1,1,1
"18116","1325","Ec_N",302,56,56,"Ec",32,1,1,1,1,1,1
"18117","1325","Ec_N",302,57,57,"Ec",32,1,1,1,1,1,1
"18118","1325","Ec_N",302,58,58,"Ec",32,1,1,1,1,1,1
"18119","1325","Ec_N",302,59,59,"Ec",32,1,1,1,1,1,1
"18120","1325","Ec_N",302,60,60,"Ec",32,1,1,1,1,1,1
"18121","1325","Ec_N",303,1,1,"Ec",1,0,0,0,0,0,0
"18122","1325","Ec_N",303,2,2,"Ec",1,0,0,0,0,0,0
"18123","1325","Ec_N",303,3,3,"Ec",1,0,0,0,0,0,0
"18124","1325","Ec_N",303,4,4,"Ec",9,0,0,0,1,0,0.0490244839602376
"18125","1325","Ec_N",303,5,5,"Ec",9,0,0,0,1,0,0.0490244839602376
"18126","1325","Ec_N",303,6,6,"Ec",9,0,0,0,1,0,0.0490244839602376
"18127","1325","Ec_N",303,7,7,"Ec",9,0,0,0,1,0,0.0490244839602376
"18128","1325","Ec_N",303,8,8,"Ec",10,1,0,0,1,0,0.356246730064637
"18129","1325","Ec_N",303,9,9,"Ec",10,1,0,0,1,0,0.356246730064637
"18130","1325","Ec_N",303,10,10,"Ec",14,1,0,1,1,0,0.479175264165032
"18131","1325","Ec_N",303,11,11,"Ec",14,1,0,1,1,0,0.479175264165032
"18132","1325","Ec_N",303,12,12,"Ec",14,1,0,1,1,0,0.479175264165032
"18133","1325","Ec_N",303,13,13,"Ec",14,1,0,1,1,0,0.479175264165032
"18134","1325","Ec_N",303,14,14,"Ec",14,1,0,1,1,0,0.479175264165032
"18135","1325","Ec_N",303,15,15,"Ec",14,1,0,1,1,0,0.479175264165032
"18136","1325","Ec_N",303,16,16,"Ec",14,1,0,1,1,0,0.479175264165032
"18137","1325","Ec_N",303,17,17,"Ec",14,1,0,1,1,0,0.479175264165032
"18138","1325","Ec_N",303,18,18,"Ec",14,1,0,1,1,0,0.479175264165032
"18139","1325","Ec_N",303,19,19,"Ec",14,1,0,1,1,0,0.479175264165032
"18140","1325","Ec_N",303,20,20,"Ec",16,1,1,1,1,0,0.93631405476465
"18141","1325","Ec_N",303,21,21,"Ec",16,1,1,1,1,0,0.93631405476465
"18142","1325","Ec_N",303,22,22,"Ec",16,1,1,1,1,0,0.93631405476465
"18143","1325","Ec_N",303,23,23,"Ec",16,1,1,1,1,0,0.93631405476465
"18144","1325","Ec_N",303,24,24,"Ec",16,1,1,1,1,0,0.93631405476465
"18145","1325","Ec_N",303,25,25,"Ec",16,1,1,1,1,0,0.93631405476465
"18146","1325","Ec_N",303,26,26,"Ec",16,1,1,1,1,0,0.93631405476465
"18147","1325","Ec_N",303,27,27,"Ec",32,1,1,1,1,1,1
"18148","1325","Ec_N",303,28,28,"Ec",32,1,1,1,1,1,1
"18149","1325","Ec_N",303,29,29,"Ec",32,1,1,1,1,1,1
"18150","1325","Ec_N",303,30,30,"Ec",32,1,1,1,1,1,1
"18151","1325","Ec_N",303,31,31,"Ec",32,1,1,1,1,1,1
"18152","1325","Ec_N",303,32,32,"Ec",32,1,1,1,1,1,1
"18153","1325","Ec_N",303,33,33,"Ec",32,1,1,1,1,1,1
"18154","1325","Ec_N",303,34,34,"Ec",32,1,1,1,1,1,1
"18155","1325","Ec_N",303,35,35,"Ec",32,1,1,1,1,1,1
"18156","1325","Ec_N",303,36,36,"Ec",32,1,1,1,1,1,1
"18157","1325","Ec_N",303,37,37,"Ec",32,1,1,1,1,1,1
"18158","1325","Ec_N",303,38,38,"Ec",32,1,1,1,1,1,1
"18159","1325","Ec_N",303,39,39,"Ec",32,1,1,1,1,1,1
"18160","1325","Ec_N",303,40,40,"Ec",32,1,1,1,1,1,1
"18161","1325","Ec_N",303,41,41,"Ec",32,1,1,1,1,1,1
"18162","1325","Ec_N",303,42,42,"Ec",32,1,1,1,1,1,1
"18163","1325","Ec_N",303,43,43,"Ec",32,1,1,1,1,1,1
"18164","1325","Ec_N",303,44,44,"Ec",32,1,1,1,1,1,1
"18165","1325","Ec_N",303,45,45,"Ec",32,1,1,1,1,1,1
"18166","1325","Ec_N",303,46,46,"Ec",32,1,1,1,1,1,1
"18167","1325","Ec_N",303,47,47,"Ec",32,1,1,1,1,1,1
"18168","1325","Ec_N",303,48,48,"Ec",32,1,1,1,1,1,1
"18169","1325","Ec_N",303,49,49,"Ec",32,1,1,1,1,1,1
"18170","1325","Ec_N",303,50,50,"Ec",32,1,1,1,1,1,1
"18171","1325","Ec_N",303,51,51,"Ec",32,1,1,1,1,1,1
"18172","1325","Ec_N",303,52,52,"Ec",32,1,1,1,1,1,1
"18173","1325","Ec_N",303,53,53,"Ec",32,1,1,1,1,1,1
"18174","1325","Ec_N",303,54,54,"Ec",32,1,1,1,1,1,1
"18175","1325","Ec_N",303,55,55,"Ec",32,1,1,1,1,1,1
"18176","1325","Ec_N",303,56,56,"Ec",32,1,1,1,1,1,1
"18177","1325","Ec_N",303,57,57,"Ec",32,1,1,1,1,1,1
"18178","1325","Ec_N",303,58,58,"Ec",32,1,1,1,1,1,1
"18179","1325","Ec_N",303,59,59,"Ec",32,1,1,1,1,1,1
"18180","1325","Ec_N",303,60,60,"Ec",32,1,1,1,1,1,1
"18181","1325","Ec_N",304,1,1,"Ec",1,0,0,0,0,0,0
"18182","1325","Ec_N",304,2,2,"Ec",9,0,0,0,1,0,0.0490244839602376
"18183","1325","Ec_N",304,3,3,"Ec",9,0,0,0,1,0,0.0490244839602376
"18184","1325","Ec_N",304,4,4,"Ec",9,0,0,0,1,0,0.0490244839602376
"18185","1325","Ec_N",304,5,5,"Ec",9,0,0,0,1,0,0.0490244839602376
"18186","1325","Ec_N",304,6,6,"Ec",9,0,0,0,1,0,0.0490244839602376
"18187","1325","Ec_N",304,7,7,"Ec",11,0,1,0,1,0,0.503461616060769
"18188","1325","Ec_N",304,8,8,"Ec",11,0,1,0,1,0,0.503461616060769
"18189","1325","Ec_N",304,9,9,"Ec",27,0,1,0,1,1,0.533148725443406
"18190","1325","Ec_N",304,10,10,"Ec",27,0,1,0,1,1,0.533148725443406
"18191","1325","Ec_N",304,11,11,"Ec",27,0,1,0,1,1,0.533148725443406
"18192","1325","Ec_N",304,12,12,"Ec",27,0,1,0,1,1,0.533148725443406
"18193","1325","Ec_N",304,13,13,"Ec",27,0,1,0,1,1,0.533148725443406
"18194","1325","Ec_N",304,14,14,"Ec",27,0,1,0,1,1,0.533148725443406
"18195","1325","Ec_N",304,15,15,"Ec",27,0,1,0,1,1,0.533148725443406
"18196","1325","Ec_N",304,16,16,"Ec",27,0,1,0,1,1,0.533148725443406
"18197","1325","Ec_N",304,17,17,"Ec",27,0,1,0,1,1,0.533148725443406
"18198","1325","Ec_N",304,18,18,"Ec",27,0,1,0,1,1,0.533148725443406
"18199","1325","Ec_N",304,19,19,"Ec",27,0,1,0,1,1,0.533148725443406
"18200","1325","Ec_N",304,20,20,"Ec",27,0,1,0,1,1,0.533148725443406
"18201","1325","Ec_N",304,21,21,"Ec",27,0,1,0,1,1,0.533148725443406
"18202","1325","Ec_N",304,22,22,"Ec",27,0,1,0,1,1,0.533148725443406
"18203","1325","Ec_N",304,23,23,"Ec",28,1,1,0,1,1,0.815884725734249
"18204","1325","Ec_N",304,24,24,"Ec",28,1,1,0,1,1,0.815884725734249
"18205","1325","Ec_N",304,25,25,"Ec",28,1,1,0,1,1,0.815884725734249
"18206","1325","Ec_N",304,26,26,"Ec",28,1,1,0,1,1,0.815884725734249
"18207","1325","Ec_N",304,27,27,"Ec",28,1,1,0,1,1,0.815884725734249
"18208","1325","Ec_N",304,28,28,"Ec",28,1,1,0,1,1,0.815884725734249
"18209","1325","Ec_N",304,29,29,"Ec",28,1,1,0,1,1,0.815884725734249
"18210","1325","Ec_N",304,30,30,"Ec",28,1,1,0,1,1,0.815884725734249
"18211","1325","Ec_N",304,31,31,"Ec",28,1,1,0,1,1,0.815884725734249
"18212","1325","Ec_N",304,32,32,"Ec",28,1,1,0,1,1,0.815884725734249
"18213","1325","Ec_N",304,33,33,"Ec",28,1,1,0,1,1,0.815884725734249
"18214","1325","Ec_N",304,34,34,"Ec",28,1,1,0,1,1,0.815884725734249
"18215","1325","Ec_N",304,35,35,"Ec",28,1,1,0,1,1,0.815884725734249
"18216","1325","Ec_N",304,36,36,"Ec",28,1,1,0,1,1,0.815884725734249
"18217","1325","Ec_N",304,37,37,"Ec",28,1,1,0,1,1,0.815884725734249
"18218","1325","Ec_N",304,38,38,"Ec",28,1,1,0,1,1,0.815884725734249
"18219","1325","Ec_N",304,39,39,"Ec",28,1,1,0,1,1,0.815884725734249
"18220","1325","Ec_N",304,40,40,"Ec",28,1,1,0,1,1,0.815884725734249
"18221","1325","Ec_N",304,41,41,"Ec",28,1,1,0,1,1,0.815884725734249
"18222","1325","Ec_N",304,42,42,"Ec",28,1,1,0,1,1,0.815884725734249
"18223","1325","Ec_N",304,43,43,"Ec",28,1,1,0,1,1,0.815884725734249
"18224","1325","Ec_N",304,44,44,"Ec",28,1,1,0,1,1,0.815884725734249
"18225","1325","Ec_N",304,45,45,"Ec",28,1,1,0,1,1,0.815884725734249
"18226","1325","Ec_N",304,46,46,"Ec",28,1,1,0,1,1,0.815884725734249
"18227","1325","Ec_N",304,47,47,"Ec",28,1,1,0,1,1,0.815884725734249
"18228","1325","Ec_N",304,48,48,"Ec",28,1,1,0,1,1,0.815884725734249
"18229","1325","Ec_N",304,49,49,"Ec",28,1,1,0,1,1,0.815884725734249
"18230","1325","Ec_N",304,50,50,"Ec",28,1,1,0,1,1,0.815884725734249
"18231","1325","Ec_N",304,51,51,"Ec",28,1,1,0,1,1,0.815884725734249
"18232","1325","Ec_N",304,52,52,"Ec",32,1,1,1,1,1,1
"18233","1325","Ec_N",304,53,53,"Ec",32,1,1,1,1,1,1
"18234","1325","Ec_N",304,54,54,"Ec",32,1,1,1,1,1,1
"18235","1325","Ec_N",304,55,55,"Ec",32,1,1,1,1,1,1
"18236","1325","Ec_N",304,56,56,"Ec",32,1,1,1,1,1,1
"18237","1325","Ec_N",304,57,57,"Ec",32,1,1,1,1,1,1
"18238","1325","Ec_N",304,58,58,"Ec",32,1,1,1,1,1,1
"18239","1325","Ec_N",304,59,59,"Ec",32,1,1,1,1,1,1
"18240","1325","Ec_N",304,60,60,"Ec",32,1,1,1,1,1,1
"18241","1325","Ec_N",305,1,1,"Ec",1,0,0,0,0,0,0
"18242","1325","Ec_N",305,2,2,"Ec",1,0,0,0,0,0,0
"18243","1325","Ec_N",305,3,3,"Ec",1,0,0,0,0,0,0
"18244","1325","Ec_N",305,4,4,"Ec",2,1,0,0,0,0,0.3072222461044
"18245","1325","Ec_N",305,5,5,"Ec",2,1,0,0,0,0,0.3072222461044
"18246","1325","Ec_N",305,6,6,"Ec",2,1,0,0,0,0,0.3072222461044
"18247","1325","Ec_N",305,7,7,"Ec",6,1,0,1,0,0,0.466851274556594
"18248","1325","Ec_N",305,8,8,"Ec",8,1,1,1,0,0,0.887289570804412
"18249","1325","Ec_N",305,9,9,"Ec",8,1,1,1,0,0,0.887289570804412
"18250","1325","Ec_N",305,10,10,"Ec",8,1,1,1,0,0,0.887289570804412
"18251","1325","Ec_N",305,11,11,"Ec",8,1,1,1,0,0,0.887289570804412
"18252","1325","Ec_N",305,12,12,"Ec",8,1,1,1,0,0,0.887289570804412
"18253","1325","Ec_N",305,13,13,"Ec",8,1,1,1,0,0,0.887289570804412
"18254","1325","Ec_N",305,14,14,"Ec",8,1,1,1,0,0,0.887289570804412
"18255","1325","Ec_N",305,15,15,"Ec",8,1,1,1,0,0,0.887289570804412
"18256","1325","Ec_N",305,16,16,"Ec",8,1,1,1,0,0,0.887289570804412
"18257","1325","Ec_N",305,17,17,"Ec",8,1,1,1,0,0,0.887289570804412
"18258","1325","Ec_N",305,18,18,"Ec",8,1,1,1,0,0,0.887289570804412
"18259","1325","Ec_N",305,19,19,"Ec",8,1,1,1,0,0,0.887289570804412
"18260","1325","Ec_N",305,20,20,"Ec",8,1,1,1,0,0,0.887289570804412
"18261","1325","Ec_N",305,21,21,"Ec",8,1,1,1,0,0,0.887289570804412
"18262","1325","Ec_N",305,22,22,"Ec",8,1,1,1,0,0,0.887289570804412
"18263","1325","Ec_N",305,23,23,"Ec",8,1,1,1,0,0,0.887289570804412
"18264","1325","Ec_N",305,24,24,"Ec",8,1,1,1,0,0,0.887289570804412
"18265","1325","Ec_N",305,25,25,"Ec",8,1,1,1,0,0,0.887289570804412
"18266","1325","Ec_N",305,26,26,"Ec",8,1,1,1,0,0,0.887289570804412
"18267","1325","Ec_N",305,27,27,"Ec",8,1,1,1,0,0,0.887289570804412
"18268","1325","Ec_N",305,28,28,"Ec",8,1,1,1,0,0,0.887289570804412
"18269","1325","Ec_N",305,29,29,"Ec",8,1,1,1,0,0,0.887289570804412
"18270","1325","Ec_N",305,30,30,"Ec",8,1,1,1,0,0,0.887289570804412
"18271","1325","Ec_N",305,31,31,"Ec",8,1,1,1,0,0,0.887289570804412
"18272","1325","Ec_N",305,32,32,"Ec",8,1,1,1,0,0,0.887289570804412
"18273","1325","Ec_N",305,33,33,"Ec",8,1,1,1,0,0,0.887289570804412
"18274","1325","Ec_N",305,34,34,"Ec",8,1,1,1,0,0,0.887289570804412
"18275","1325","Ec_N",305,35,35,"Ec",8,1,1,1,0,0,0.887289570804412
"18276","1325","Ec_N",305,36,36,"Ec",8,1,1,1,0,0,0.887289570804412
"18277","1325","Ec_N",305,37,37,"Ec",8,1,1,1,0,0,0.887289570804412
"18278","1325","Ec_N",305,38,38,"Ec",8,1,1,1,0,0,0.887289570804412
"18279","1325","Ec_N",305,39,39,"Ec",8,1,1,1,0,0,0.887289570804412
"18280","1325","Ec_N",305,40,40,"Ec",8,1,1,1,0,0,0.887289570804412
"18281","1325","Ec_N",305,41,41,"Ec",8,1,1,1,0,0,0.887289570804412
"18282","1325","Ec_N",305,42,42,"Ec",8,1,1,1,0,0,0.887289570804412
"18283","1325","Ec_N",305,43,43,"Ec",8,1,1,1,0,0,0.887289570804412
"18284","1325","Ec_N",305,44,44,"Ec",8,1,1,1,0,0,0.887289570804412
"18285","1325","Ec_N",305,45,45,"Ec",8,1,1,1,0,0,0.887289570804412
"18286","1325","Ec_N",305,46,46,"Ec",8,1,1,1,0,0,0.887289570804412
"18287","1325","Ec_N",305,47,47,"Ec",8,1,1,1,0,0,0.887289570804412
"18288","1325","Ec_N",305,48,48,"Ec",8,1,1,1,0,0,0.887289570804412
"18289","1325","Ec_N",305,49,49,"Ec",8,1,1,1,0,0,0.887289570804412
"18290","1325","Ec_N",305,50,50,"Ec",8,1,1,1,0,0,0.887289570804412
"18291","1325","Ec_N",305,51,51,"Ec",8,1,1,1,0,0,0.887289570804412
"18292","1325","Ec_N",305,52,52,"Ec",8,1,1,1,0,0,0.887289570804412
"18293","1325","Ec_N",305,53,53,"Ec",8,1,1,1,0,0,0.887289570804412
"18294","1325","Ec_N",305,54,54,"Ec",8,1,1,1,0,0,0.887289570804412
"18295","1325","Ec_N",305,55,55,"Ec",8,1,1,1,0,0,0.887289570804412
"18296","1325","Ec_N",305,56,56,"Ec",8,1,1,1,0,0,0.887289570804412
"18297","1325","Ec_N",305,57,57,"Ec",8,1,1,1,0,0,0.887289570804412
"18298","1325","Ec_N",305,58,58,"Ec",8,1,1,1,0,0,0.887289570804412
"18299","1325","Ec_N",305,59,59,"Ec",8,1,1,1,0,0,0.887289570804412
"18300","1325","Ec_N",305,60,60,"Ec",8,1,1,1,0,0,0.887289570804412
"18301","1325","Ec_N",306,1,1,"Ec",1,0,0,0,0,0,0
"18302","1325","Ec_N",306,2,2,"Ec",1,0,0,0,0,0,0
"18303","1325","Ec_N",306,3,3,"Ec",1,0,0,0,0,0,0
"18304","1325","Ec_N",306,4,4,"Ec",1,0,0,0,0,0,0
"18305","1325","Ec_N",306,5,5,"Ec",1,0,0,0,0,0,0
"18306","1325","Ec_N",306,6,6,"Ec",1,0,0,0,0,0,0
"18307","1325","Ec_N",306,7,7,"Ec",1,0,0,0,0,0,0
"18308","1325","Ec_N",306,8,8,"Ec",2,1,0,0,0,0,0.3072222461044
"18309","1325","Ec_N",306,9,9,"Ec",10,1,0,0,1,0,0.356246730064637
"18310","1325","Ec_N",306,10,10,"Ec",10,1,0,0,1,0,0.356246730064637
"18311","1325","Ec_N",306,11,11,"Ec",10,1,0,0,1,0,0.356246730064637
"18312","1325","Ec_N",306,12,12,"Ec",10,1,0,0,1,0,0.356246730064637
"18313","1325","Ec_N",306,13,13,"Ec",10,1,0,0,1,0,0.356246730064637
"18314","1325","Ec_N",306,14,14,"Ec",10,1,0,0,1,0,0.356246730064637
"18315","1325","Ec_N",306,15,15,"Ec",12,1,1,0,1,0,0.776685026312455
"18316","1325","Ec_N",306,16,16,"Ec",12,1,1,0,1,0,0.776685026312455
"18317","1325","Ec_N",306,17,17,"Ec",12,1,1,0,1,0,0.776685026312455
"18318","1325","Ec_N",306,18,18,"Ec",12,1,1,0,1,0,0.776685026312455
"18319","1325","Ec_N",306,19,19,"Ec",28,1,1,0,1,1,0.815884725734249
"18320","1325","Ec_N",306,20,20,"Ec",28,1,1,0,1,1,0.815884725734249
"18321","1325","Ec_N",306,21,21,"Ec",28,1,1,0,1,1,0.815884725734249
"18322","1325","Ec_N",306,22,22,"Ec",28,1,1,0,1,1,0.815884725734249
"18323","1325","Ec_N",306,23,23,"Ec",28,1,1,0,1,1,0.815884725734249
"18324","1325","Ec_N",306,24,24,"Ec",28,1,1,0,1,1,0.815884725734249
"18325","1325","Ec_N",306,25,25,"Ec",28,1,1,0,1,1,0.815884725734249
"18326","1325","Ec_N",306,26,26,"Ec",28,1,1,0,1,1,0.815884725734249
"18327","1325","Ec_N",306,27,27,"Ec",28,1,1,0,1,1,0.815884725734249
"18328","1325","Ec_N",306,28,28,"Ec",28,1,1,0,1,1,0.815884725734249
"18329","1325","Ec_N",306,29,29,"Ec",28,1,1,0,1,1,0.815884725734249
"18330","1325","Ec_N",306,30,30,"Ec",28,1,1,0,1,1,0.815884725734249
"18331","1325","Ec_N",306,31,31,"Ec",28,1,1,0,1,1,0.815884725734249
"18332","1325","Ec_N",306,32,32,"Ec",28,1,1,0,1,1,0.815884725734249
"18333","1325","Ec_N",306,33,33,"Ec",32,1,1,1,1,1,1
"18334","1325","Ec_N",306,34,34,"Ec",32,1,1,1,1,1,1
"18335","1325","Ec_N",306,35,35,"Ec",32,1,1,1,1,1,1
"18336","1325","Ec_N",306,36,36,"Ec",32,1,1,1,1,1,1
"18337","1325","Ec_N",306,37,37,"Ec",32,1,1,1,1,1,1
"18338","1325","Ec_N",306,38,38,"Ec",32,1,1,1,1,1,1
"18339","1325","Ec_N",306,39,39,"Ec",32,1,1,1,1,1,1
"18340","1325","Ec_N",306,40,40,"Ec",32,1,1,1,1,1,1
"18341","1325","Ec_N",306,41,41,"Ec",32,1,1,1,1,1,1
"18342","1325","Ec_N",306,42,42,"Ec",32,1,1,1,1,1,1
"18343","1325","Ec_N",306,43,43,"Ec",32,1,1,1,1,1,1
"18344","1325","Ec_N",306,44,44,"Ec",32,1,1,1,1,1,1
"18345","1325","Ec_N",306,45,45,"Ec",32,1,1,1,1,1,1
"18346","1325","Ec_N",306,46,46,"Ec",32,1,1,1,1,1,1
"18347","1325","Ec_N",306,47,47,"Ec",32,1,1,1,1,1,1
"18348","1325","Ec_N",306,48,48,"Ec",32,1,1,1,1,1,1
"18349","1325","Ec_N",306,49,49,"Ec",32,1,1,1,1,1,1
"18350","1325","Ec_N",306,50,50,"Ec",32,1,1,1,1,1,1
"18351","1325","Ec_N",306,51,51,"Ec",32,1,1,1,1,1,1
"18352","1325","Ec_N",306,52,52,"Ec",32,1,1,1,1,1,1
"18353","1325","Ec_N",306,53,53,"Ec",32,1,1,1,1,1,1
"18354","1325","Ec_N",306,54,54,"Ec",32,1,1,1,1,1,1
"18355","1325","Ec_N",306,55,55,"Ec",32,1,1,1,1,1,1
"18356","1325","Ec_N",306,56,56,"Ec",32,1,1,1,1,1,1
"18357","1325","Ec_N",306,57,57,"Ec",32,1,1,1,1,1,1
"18358","1325","Ec_N",306,58,58,"Ec",32,1,1,1,1,1,1
"18359","1325","Ec_N",306,59,59,"Ec",32,1,1,1,1,1,1
"18360","1325","Ec_N",306,60,60,"Ec",32,1,1,1,1,1,1
"18361","1325","Ec_N",307,1,1,"Ec",1,0,0,0,0,0,0
"18362","1325","Ec_N",307,2,2,"Ec",2,1,0,0,0,0,0.3072222461044
"18363","1325","Ec_N",307,3,3,"Ec",2,1,0,0,0,0,0.3072222461044
"18364","1325","Ec_N",307,4,4,"Ec",2,1,0,0,0,0,0.3072222461044
"18365","1325","Ec_N",307,5,5,"Ec",2,1,0,0,0,0,0.3072222461044
"18366","1325","Ec_N",307,6,6,"Ec",2,1,0,0,0,0,0.3072222461044
"18367","1325","Ec_N",307,7,7,"Ec",2,1,0,0,0,0,0.3072222461044
"18368","1325","Ec_N",307,8,8,"Ec",2,1,0,0,0,0,0.3072222461044
"18369","1325","Ec_N",307,9,9,"Ec",2,1,0,0,0,0,0.3072222461044
"18370","1325","Ec_N",307,10,10,"Ec",6,1,0,1,0,0,0.466851274556594
"18371","1325","Ec_N",307,11,11,"Ec",6,1,0,1,0,0,0.466851274556594
"18372","1325","Ec_N",307,12,12,"Ec",6,1,0,1,0,0,0.466851274556594
"18373","1325","Ec_N",307,13,13,"Ec",6,1,0,1,0,0,0.466851274556594
"18374","1325","Ec_N",307,14,14,"Ec",6,1,0,1,0,0,0.466851274556594
"18375","1325","Ec_N",307,15,15,"Ec",6,1,0,1,0,0,0.466851274556594
"18376","1325","Ec_N",307,16,16,"Ec",14,1,0,1,1,0,0.479175264165032
"18377","1325","Ec_N",307,17,17,"Ec",14,1,0,1,1,0,0.479175264165032
"18378","1325","Ec_N",307,18,18,"Ec",14,1,0,1,1,0,0.479175264165032
"18379","1325","Ec_N",307,19,19,"Ec",14,1,0,1,1,0,0.479175264165032
"18380","1325","Ec_N",307,20,20,"Ec",14,1,0,1,1,0,0.479175264165032
"18381","1325","Ec_N",307,21,21,"Ec",14,1,0,1,1,0,0.479175264165032
"18382","1325","Ec_N",307,22,22,"Ec",30,1,0,1,1,1,0.579561703752182
"18383","1325","Ec_N",307,23,23,"Ec",30,1,0,1,1,1,0.579561703752182
"18384","1325","Ec_N",307,24,24,"Ec",30,1,0,1,1,1,0.579561703752182
"18385","1325","Ec_N",307,25,25,"Ec",30,1,0,1,1,1,0.579561703752182
"18386","1325","Ec_N",307,26,26,"Ec",30,1,0,1,1,1,0.579561703752182
"18387","1325","Ec_N",307,27,27,"Ec",30,1,0,1,1,1,0.579561703752182
"18388","1325","Ec_N",307,28,28,"Ec",30,1,0,1,1,1,0.579561703752182
"18389","1325","Ec_N",307,29,29,"Ec",30,1,0,1,1,1,0.579561703752182
"18390","1325","Ec_N",307,30,30,"Ec",30,1,0,1,1,1,0.579561703752182
"18391","1325","Ec_N",307,31,31,"Ec",30,1,0,1,1,1,0.579561703752182
"18392","1325","Ec_N",307,32,32,"Ec",30,1,0,1,1,1,0.579561703752182
"18393","1325","Ec_N",307,33,33,"Ec",30,1,0,1,1,1,0.579561703752182
"18394","1325","Ec_N",307,34,34,"Ec",30,1,0,1,1,1,0.579561703752182
"18395","1325","Ec_N",307,35,35,"Ec",30,1,0,1,1,1,0.579561703752182
"18396","1325","Ec_N",307,36,36,"Ec",30,1,0,1,1,1,0.579561703752182
"18397","1325","Ec_N",307,37,37,"Ec",30,1,0,1,1,1,0.579561703752182
"18398","1325","Ec_N",307,38,38,"Ec",30,1,0,1,1,1,0.579561703752182
"18399","1325","Ec_N",307,39,39,"Ec",30,1,0,1,1,1,0.579561703752182
"18400","1325","Ec_N",307,40,40,"Ec",30,1,0,1,1,1,0.579561703752182
"18401","1325","Ec_N",307,41,41,"Ec",30,1,0,1,1,1,0.579561703752182
"18402","1325","Ec_N",307,42,42,"Ec",32,1,1,1,1,1,1
"18403","1325","Ec_N",307,43,43,"Ec",32,1,1,1,1,1,1
"18404","1325","Ec_N",307,44,44,"Ec",32,1,1,1,1,1,1
"18405","1325","Ec_N",307,45,45,"Ec",32,1,1,1,1,1,1
"18406","1325","Ec_N",307,46,46,"Ec",32,1,1,1,1,1,1
"18407","1325","Ec_N",307,47,47,"Ec",32,1,1,1,1,1,1
"18408","1325","Ec_N",307,48,48,"Ec",32,1,1,1,1,1,1
"18409","1325","Ec_N",307,49,49,"Ec",32,1,1,1,1,1,1
"18410","1325","Ec_N",307,50,50,"Ec",32,1,1,1,1,1,1
"18411","1325","Ec_N",307,51,51,"Ec",32,1,1,1,1,1,1
"18412","1325","Ec_N",307,52,52,"Ec",32,1,1,1,1,1,1
"18413","1325","Ec_N",307,53,53,"Ec",32,1,1,1,1,1,1
"18414","1325","Ec_N",307,54,54,"Ec",32,1,1,1,1,1,1
"18415","1325","Ec_N",307,55,55,"Ec",32,1,1,1,1,1,1
"18416","1325","Ec_N",307,56,56,"Ec",32,1,1,1,1,1,1
"18417","1325","Ec_N",307,57,57,"Ec",32,1,1,1,1,1,1
"18418","1325","Ec_N",307,58,58,"Ec",32,1,1,1,1,1,1
"18419","1325","Ec_N",307,59,59,"Ec",32,1,1,1,1,1,1
"18420","1325","Ec_N",307,60,60,"Ec",32,1,1,1,1,1,1
"18421","1325","Ec_N",308,1,1,"Ec",1,0,0,0,0,0,0
"18422","1325","Ec_N",308,2,2,"Ec",1,0,0,0,0,0,0
"18423","1325","Ec_N",308,3,3,"Ec",5,0,0,1,0,0,0.159629028452195
"18424","1325","Ec_N",308,4,4,"Ec",13,0,0,1,1,0,0.208653512412432
"18425","1325","Ec_N",308,5,5,"Ec",13,0,0,1,1,0,0.208653512412432
"18426","1325","Ec_N",308,6,6,"Ec",13,0,0,1,1,0,0.208653512412432
"18427","1325","Ec_N",308,7,7,"Ec",13,0,0,1,1,0,0.208653512412432
"18428","1325","Ec_N",308,8,8,"Ec",13,0,0,1,1,0,0.208653512412432
"18429","1325","Ec_N",308,9,9,"Ec",13,0,0,1,1,0,0.208653512412432
"18430","1325","Ec_N",308,10,10,"Ec",13,0,0,1,1,0,0.208653512412432
"18431","1325","Ec_N",308,11,11,"Ec",13,0,0,1,1,0,0.208653512412432
"18432","1325","Ec_N",308,12,12,"Ec",13,0,0,1,1,0,0.208653512412432
"18433","1325","Ec_N",308,13,13,"Ec",13,0,0,1,1,0,0.208653512412432
"18434","1325","Ec_N",308,14,14,"Ec",13,0,0,1,1,0,0.208653512412432
"18435","1325","Ec_N",308,15,15,"Ec",13,0,0,1,1,0,0.208653512412432
"18436","1325","Ec_N",308,16,16,"Ec",13,0,0,1,1,0,0.208653512412432
"18437","1325","Ec_N",308,17,17,"Ec",13,0,0,1,1,0,0.208653512412432
"18438","1325","Ec_N",308,18,18,"Ec",13,0,0,1,1,0,0.208653512412432
"18439","1325","Ec_N",308,19,19,"Ec",15,0,1,1,1,0,0.62909180866025
"18440","1325","Ec_N",308,20,20,"Ec",16,1,1,1,1,0,0.93631405476465
"18441","1325","Ec_N",308,21,21,"Ec",16,1,1,1,1,0,0.93631405476465
"18442","1325","Ec_N",308,22,22,"Ec",16,1,1,1,1,0,0.93631405476465
"18443","1325","Ec_N",308,23,23,"Ec",16,1,1,1,1,0,0.93631405476465
"18444","1325","Ec_N",308,24,24,"Ec",16,1,1,1,1,0,0.93631405476465
"18445","1325","Ec_N",308,25,25,"Ec",16,1,1,1,1,0,0.93631405476465
"18446","1325","Ec_N",308,26,26,"Ec",16,1,1,1,1,0,0.93631405476465
"18447","1325","Ec_N",308,27,27,"Ec",16,1,1,1,1,0,0.93631405476465
"18448","1325","Ec_N",308,28,28,"Ec",16,1,1,1,1,0,0.93631405476465
"18449","1325","Ec_N",308,29,29,"Ec",16,1,1,1,1,0,0.93631405476465
"18450","1325","Ec_N",308,30,30,"Ec",16,1,1,1,1,0,0.93631405476465
"18451","1325","Ec_N",308,31,31,"Ec",16,1,1,1,1,0,0.93631405476465
"18452","1325","Ec_N",308,32,32,"Ec",16,1,1,1,1,0,0.93631405476465
"18453","1325","Ec_N",308,33,33,"Ec",16,1,1,1,1,0,0.93631405476465
"18454","1325","Ec_N",308,34,34,"Ec",16,1,1,1,1,0,0.93631405476465
"18455","1325","Ec_N",308,35,35,"Ec",16,1,1,1,1,0,0.93631405476465
"18456","1325","Ec_N",308,36,36,"Ec",16,1,1,1,1,0,0.93631405476465
"18457","1325","Ec_N",308,37,37,"Ec",16,1,1,1,1,0,0.93631405476465
"18458","1325","Ec_N",308,38,38,"Ec",16,1,1,1,1,0,0.93631405476465
"18459","1325","Ec_N",308,39,39,"Ec",16,1,1,1,1,0,0.93631405476465
"18460","1325","Ec_N",308,40,40,"Ec",16,1,1,1,1,0,0.93631405476465
"18461","1325","Ec_N",308,41,41,"Ec",16,1,1,1,1,0,0.93631405476465
"18462","1325","Ec_N",308,42,42,"Ec",16,1,1,1,1,0,0.93631405476465
"18463","1325","Ec_N",308,43,43,"Ec",16,1,1,1,1,0,0.93631405476465
"18464","1325","Ec_N",308,44,44,"Ec",16,1,1,1,1,0,0.93631405476465
"18465","1325","Ec_N",308,45,45,"Ec",16,1,1,1,1,0,0.93631405476465
"18466","1325","Ec_N",308,46,46,"Ec",16,1,1,1,1,0,0.93631405476465
"18467","1325","Ec_N",308,47,47,"Ec",16,1,1,1,1,0,0.93631405476465
"18468","1325","Ec_N",308,48,48,"Ec",16,1,1,1,1,0,0.93631405476465
"18469","1325","Ec_N",308,49,49,"Ec",16,1,1,1,1,0,0.93631405476465
"18470","1325","Ec_N",308,50,50,"Ec",16,1,1,1,1,0,0.93631405476465
"18471","1325","Ec_N",308,51,51,"Ec",16,1,1,1,1,0,0.93631405476465
"18472","1325","Ec_N",308,52,52,"Ec",16,1,1,1,1,0,0.93631405476465
"18473","1325","Ec_N",308,53,53,"Ec",16,1,1,1,1,0,0.93631405476465
"18474","1325","Ec_N",308,54,54,"Ec",16,1,1,1,1,0,0.93631405476465
"18475","1325","Ec_N",308,55,55,"Ec",16,1,1,1,1,0,0.93631405476465
"18476","1325","Ec_N",308,56,56,"Ec",16,1,1,1,1,0,0.93631405476465
"18477","1325","Ec_N",308,57,57,"Ec",16,1,1,1,1,0,0.93631405476465
"18478","1325","Ec_N",308,58,58,"Ec",16,1,1,1,1,0,0.93631405476465
"18479","1325","Ec_N",308,59,59,"Ec",16,1,1,1,1,0,0.93631405476465
"18480","1325","Ec_N",308,60,60,"Ec",32,1,1,1,1,1,1
"18481","1325","Ec_N",309,1,1,"Ec",1,0,0,0,0,0,0
"18482","1325","Ec_N",309,2,2,"Ec",1,0,0,0,0,0,0
"18483","1325","Ec_N",309,3,3,"Ec",9,0,0,0,1,0,0.0490244839602376
"18484","1325","Ec_N",309,4,4,"Ec",9,0,0,0,1,0,0.0490244839602376
"18485","1325","Ec_N",309,5,5,"Ec",9,0,0,0,1,0,0.0490244839602376
"18486","1325","Ec_N",309,6,6,"Ec",10,1,0,0,1,0,0.356246730064637
"18487","1325","Ec_N",309,7,7,"Ec",10,1,0,0,1,0,0.356246730064637
"18488","1325","Ec_N",309,8,8,"Ec",10,1,0,0,1,0,0.356246730064637
"18489","1325","Ec_N",309,9,9,"Ec",10,1,0,0,1,0,0.356246730064637
"18490","1325","Ec_N",309,10,10,"Ec",10,1,0,0,1,0,0.356246730064637
"18491","1325","Ec_N",309,11,11,"Ec",10,1,0,0,1,0,0.356246730064637
"18492","1325","Ec_N",309,12,12,"Ec",10,1,0,0,1,0,0.356246730064637
"18493","1325","Ec_N",309,13,13,"Ec",10,1,0,0,1,0,0.356246730064637
"18494","1325","Ec_N",309,14,14,"Ec",14,1,0,1,1,0,0.479175264165032
"18495","1325","Ec_N",309,15,15,"Ec",14,1,0,1,1,0,0.479175264165032
"18496","1325","Ec_N",309,16,16,"Ec",14,1,0,1,1,0,0.479175264165032
"18497","1325","Ec_N",309,17,17,"Ec",14,1,0,1,1,0,0.479175264165032
"18498","1325","Ec_N",309,18,18,"Ec",14,1,0,1,1,0,0.479175264165032
"18499","1325","Ec_N",309,19,19,"Ec",30,1,0,1,1,1,0.579561703752182
"18500","1325","Ec_N",309,20,20,"Ec",32,1,1,1,1,1,1
"18501","1325","Ec_N",309,21,21,"Ec",32,1,1,1,1,1,1
"18502","1325","Ec_N",309,22,22,"Ec",32,1,1,1,1,1,1
"18503","1325","Ec_N",309,23,23,"Ec",32,1,1,1,1,1,1
"18504","1325","Ec_N",309,24,24,"Ec",32,1,1,1,1,1,1
"18505","1325","Ec_N",309,25,25,"Ec",32,1,1,1,1,1,1
"18506","1325","Ec_N",309,26,26,"Ec",32,1,1,1,1,1,1
"18507","1325","Ec_N",309,27,27,"Ec",32,1,1,1,1,1,1
"18508","1325","Ec_N",309,28,28,"Ec",32,1,1,1,1,1,1
"18509","1325","Ec_N",309,29,29,"Ec",32,1,1,1,1,1,1
"18510","1325","Ec_N",309,30,30,"Ec",32,1,1,1,1,1,1
"18511","1325","Ec_N",309,31,31,"Ec",32,1,1,1,1,1,1
"18512","1325","Ec_N",309,32,32,"Ec",32,1,1,1,1,1,1
"18513","1325","Ec_N",309,33,33,"Ec",32,1,1,1,1,1,1
"18514","1325","Ec_N",309,34,34,"Ec",32,1,1,1,1,1,1
"18515","1325","Ec_N",309,35,35,"Ec",32,1,1,1,1,1,1
"18516","1325","Ec_N",309,36,36,"Ec",32,1,1,1,1,1,1
"18517","1325","Ec_N",309,37,37,"Ec",32,1,1,1,1,1,1
"18518","1325","Ec_N",309,38,38,"Ec",32,1,1,1,1,1,1
"18519","1325","Ec_N",309,39,39,"Ec",32,1,1,1,1,1,1
"18520","1325","Ec_N",309,40,40,"Ec",32,1,1,1,1,1,1
"18521","1325","Ec_N",309,41,41,"Ec",32,1,1,1,1,1,1
"18522","1325","Ec_N",309,42,42,"Ec",32,1,1,1,1,1,1
"18523","1325","Ec_N",309,43,43,"Ec",32,1,1,1,1,1,1
"18524","1325","Ec_N",309,44,44,"Ec",32,1,1,1,1,1,1
"18525","1325","Ec_N",309,45,45,"Ec",32,1,1,1,1,1,1
"18526","1325","Ec_N",309,46,46,"Ec",32,1,1,1,1,1,1
"18527","1325","Ec_N",309,47,47,"Ec",32,1,1,1,1,1,1
"18528","1325","Ec_N",309,48,48,"Ec",32,1,1,1,1,1,1
"18529","1325","Ec_N",309,49,49,"Ec",32,1,1,1,1,1,1
"18530","1325","Ec_N",309,50,50,"Ec",32,1,1,1,1,1,1
"18531","1325","Ec_N",309,51,51,"Ec",32,1,1,1,1,1,1
"18532","1325","Ec_N",309,52,52,"Ec",32,1,1,1,1,1,1
"18533","1325","Ec_N",309,53,53,"Ec",32,1,1,1,1,1,1
"18534","1325","Ec_N",309,54,54,"Ec",32,1,1,1,1,1,1
"18535","1325","Ec_N",309,55,55,"Ec",32,1,1,1,1,1,1
"18536","1325","Ec_N",309,56,56,"Ec",32,1,1,1,1,1,1
"18537","1325","Ec_N",309,57,57,"Ec",32,1,1,1,1,1,1
"18538","1325","Ec_N",309,58,58,"Ec",32,1,1,1,1,1,1
"18539","1325","Ec_N",309,59,59,"Ec",32,1,1,1,1,1,1
"18540","1325","Ec_N",309,60,60,"Ec",32,1,1,1,1,1,1
"18541","1325","Ec_N",310,1,1,"Ec",1,0,0,0,0,0,0
"18542","1325","Ec_N",310,2,2,"Ec",1,0,0,0,0,0,0
"18543","1325","Ec_N",310,3,3,"Ec",3,0,1,0,0,0,0.420438296247818
"18544","1325","Ec_N",310,4,4,"Ec",3,0,1,0,0,0,0.420438296247818
"18545","1325","Ec_N",310,5,5,"Ec",3,0,1,0,0,0,0.420438296247818
"18546","1325","Ec_N",310,6,6,"Ec",7,0,1,1,0,0,0.580067324700012
"18547","1325","Ec_N",310,7,7,"Ec",7,0,1,1,0,0,0.580067324700012
"18548","1325","Ec_N",310,8,8,"Ec",7,0,1,1,0,0,0.580067324700012
"18549","1325","Ec_N",310,9,9,"Ec",15,0,1,1,1,0,0.62909180866025
"18550","1325","Ec_N",310,10,10,"Ec",15,0,1,1,1,0,0.62909180866025
"18551","1325","Ec_N",310,11,11,"Ec",15,0,1,1,1,0,0.62909180866025
"18552","1325","Ec_N",310,12,12,"Ec",15,0,1,1,1,0,0.62909180866025
"18553","1325","Ec_N",310,13,13,"Ec",15,0,1,1,1,0,0.62909180866025
"18554","1325","Ec_N",310,14,14,"Ec",15,0,1,1,1,0,0.62909180866025
"18555","1325","Ec_N",310,15,15,"Ec",15,0,1,1,1,0,0.62909180866025
"18556","1325","Ec_N",310,16,16,"Ec",15,0,1,1,1,0,0.62909180866025
"18557","1325","Ec_N",310,17,17,"Ec",15,0,1,1,1,0,0.62909180866025
"18558","1325","Ec_N",310,18,18,"Ec",15,0,1,1,1,0,0.62909180866025
"18559","1325","Ec_N",310,19,19,"Ec",31,0,1,1,1,1,0.6927777538956
"18560","1325","Ec_N",310,20,20,"Ec",31,0,1,1,1,1,0.6927777538956
"18561","1325","Ec_N",310,21,21,"Ec",31,0,1,1,1,1,0.6927777538956
"18562","1325","Ec_N",310,22,22,"Ec",31,0,1,1,1,1,0.6927777538956
"18563","1325","Ec_N",310,23,23,"Ec",31,0,1,1,1,1,0.6927777538956
"18564","1325","Ec_N",310,24,24,"Ec",31,0,1,1,1,1,0.6927777538956
"18565","1325","Ec_N",310,25,25,"Ec",31,0,1,1,1,1,0.6927777538956
"18566","1325","Ec_N",310,26,26,"Ec",31,0,1,1,1,1,0.6927777538956
"18567","1325","Ec_N",310,27,27,"Ec",31,0,1,1,1,1,0.6927777538956
"18568","1325","Ec_N",310,28,28,"Ec",31,0,1,1,1,1,0.6927777538956
"18569","1325","Ec_N",310,29,29,"Ec",31,0,1,1,1,1,0.6927777538956
"18570","1325","Ec_N",310,30,30,"Ec",31,0,1,1,1,1,0.6927777538956
"18571","1325","Ec_N",310,31,31,"Ec",31,0,1,1,1,1,0.6927777538956
"18572","1325","Ec_N",310,32,32,"Ec",31,0,1,1,1,1,0.6927777538956
"18573","1325","Ec_N",310,33,33,"Ec",31,0,1,1,1,1,0.6927777538956
"18574","1325","Ec_N",310,34,34,"Ec",31,0,1,1,1,1,0.6927777538956
"18575","1325","Ec_N",310,35,35,"Ec",31,0,1,1,1,1,0.6927777538956
"18576","1325","Ec_N",310,36,36,"Ec",31,0,1,1,1,1,0.6927777538956
"18577","1325","Ec_N",310,37,37,"Ec",31,0,1,1,1,1,0.6927777538956
"18578","1325","Ec_N",310,38,38,"Ec",31,0,1,1,1,1,0.6927777538956
"18579","1325","Ec_N",310,39,39,"Ec",31,0,1,1,1,1,0.6927777538956
"18580","1325","Ec_N",310,40,40,"Ec",31,0,1,1,1,1,0.6927777538956
"18581","1325","Ec_N",310,41,41,"Ec",31,0,1,1,1,1,0.6927777538956
"18582","1325","Ec_N",310,42,42,"Ec",31,0,1,1,1,1,0.6927777538956
"18583","1325","Ec_N",310,43,43,"Ec",31,0,1,1,1,1,0.6927777538956
"18584","1325","Ec_N",310,44,44,"Ec",31,0,1,1,1,1,0.6927777538956
"18585","1325","Ec_N",310,45,45,"Ec",31,0,1,1,1,1,0.6927777538956
"18586","1325","Ec_N",310,46,46,"Ec",31,0,1,1,1,1,0.6927777538956
"18587","1325","Ec_N",310,47,47,"Ec",31,0,1,1,1,1,0.6927777538956
"18588","1325","Ec_N",310,48,48,"Ec",31,0,1,1,1,1,0.6927777538956
"18589","1325","Ec_N",310,49,49,"Ec",31,0,1,1,1,1,0.6927777538956
"18590","1325","Ec_N",310,50,50,"Ec",31,0,1,1,1,1,0.6927777538956
"18591","1325","Ec_N",310,51,51,"Ec",31,0,1,1,1,1,0.6927777538956
"18592","1325","Ec_N",310,52,52,"Ec",31,0,1,1,1,1,0.6927777538956
"18593","1325","Ec_N",310,53,53,"Ec",31,0,1,1,1,1,0.6927777538956
"18594","1325","Ec_N",310,54,54,"Ec",31,0,1,1,1,1,0.6927777538956
"18595","1325","Ec_N",310,55,55,"Ec",31,0,1,1,1,1,0.6927777538956
"18596","1325","Ec_N",310,56,56,"Ec",31,0,1,1,1,1,0.6927777538956
"18597","1325","Ec_N",310,57,57,"Ec",31,0,1,1,1,1,0.6927777538956
"18598","1325","Ec_N",310,58,58,"Ec",31,0,1,1,1,1,0.6927777538956
"18599","1325","Ec_N",310,59,59,"Ec",31,0,1,1,1,1,0.6927777538956
"18600","1325","Ec_N",310,60,60,"Ec",31,0,1,1,1,1,0.6927777538956
"18601","1325","Ec_N",311,1,1,"Ec",1,0,0,0,0,0,0
"18602","1325","Ec_N",311,2,2,"Ec",5,0,0,1,0,0,0.159629028452195
"18603","1325","Ec_N",311,3,3,"Ec",5,0,0,1,0,0,0.159629028452195
"18604","1325","Ec_N",311,4,4,"Ec",5,0,0,1,0,0,0.159629028452195
"18605","1325","Ec_N",311,5,5,"Ec",5,0,0,1,0,0,0.159629028452195
"18606","1325","Ec_N",311,6,6,"Ec",7,0,1,1,0,0,0.580067324700012
"18607","1325","Ec_N",311,7,7,"Ec",7,0,1,1,0,0,0.580067324700012
"18608","1325","Ec_N",311,8,8,"Ec",7,0,1,1,0,0,0.580067324700012
"18609","1325","Ec_N",311,9,9,"Ec",7,0,1,1,0,0,0.580067324700012
"18610","1325","Ec_N",311,10,10,"Ec",7,0,1,1,0,0,0.580067324700012
"18611","1325","Ec_N",311,11,11,"Ec",7,0,1,1,0,0,0.580067324700012
"18612","1325","Ec_N",311,12,12,"Ec",15,0,1,1,1,0,0.62909180866025
"18613","1325","Ec_N",311,13,13,"Ec",15,0,1,1,1,0,0.62909180866025
"18614","1325","Ec_N",311,14,14,"Ec",16,1,1,1,1,0,0.93631405476465
"18615","1325","Ec_N",311,15,15,"Ec",16,1,1,1,1,0,0.93631405476465
"18616","1325","Ec_N",311,16,16,"Ec",16,1,1,1,1,0,0.93631405476465
"18617","1325","Ec_N",311,17,17,"Ec",32,1,1,1,1,1,1
"18618","1325","Ec_N",311,18,18,"Ec",32,1,1,1,1,1,1
"18619","1325","Ec_N",311,19,19,"Ec",32,1,1,1,1,1,1
"18620","1325","Ec_N",311,20,20,"Ec",32,1,1,1,1,1,1
"18621","1325","Ec_N",311,21,21,"Ec",32,1,1,1,1,1,1
"18622","1325","Ec_N",311,22,22,"Ec",32,1,1,1,1,1,1
"18623","1325","Ec_N",311,23,23,"Ec",32,1,1,1,1,1,1
"18624","1325","Ec_N",311,24,24,"Ec",32,1,1,1,1,1,1
"18625","1325","Ec_N",311,25,25,"Ec",32,1,1,1,1,1,1
"18626","1325","Ec_N",311,26,26,"Ec",32,1,1,1,1,1,1
"18627","1325","Ec_N",311,27,27,"Ec",32,1,1,1,1,1,1
"18628","1325","Ec_N",311,28,28,"Ec",32,1,1,1,1,1,1
"18629","1325","Ec_N",311,29,29,"Ec",32,1,1,1,1,1,1
"18630","1325","Ec_N",311,30,30,"Ec",32,1,1,1,1,1,1
"18631","1325","Ec_N",311,31,31,"Ec",32,1,1,1,1,1,1
"18632","1325","Ec_N",311,32,32,"Ec",32,1,1,1,1,1,1
"18633","1325","Ec_N",311,33,33,"Ec",32,1,1,1,1,1,1
"18634","1325","Ec_N",311,34,34,"Ec",32,1,1,1,1,1,1
"18635","1325","Ec_N",311,35,35,"Ec",32,1,1,1,1,1,1
"18636","1325","Ec_N",311,36,36,"Ec",32,1,1,1,1,1,1
"18637","1325","Ec_N",311,37,37,"Ec",32,1,1,1,1,1,1
"18638","1325","Ec_N",311,38,38,"Ec",32,1,1,1,1,1,1
"18639","1325","Ec_N",311,39,39,"Ec",32,1,1,1,1,1,1
"18640","1325","Ec_N",311,40,40,"Ec",32,1,1,1,1,1,1
"18641","1325","Ec_N",311,41,41,"Ec",32,1,1,1,1,1,1
"18642","1325","Ec_N",311,42,42,"Ec",32,1,1,1,1,1,1
"18643","1325","Ec_N",311,43,43,"Ec",32,1,1,1,1,1,1
"18644","1325","Ec_N",311,44,44,"Ec",32,1,1,1,1,1,1
"18645","1325","Ec_N",311,45,45,"Ec",32,1,1,1,1,1,1
"18646","1325","Ec_N",311,46,46,"Ec",32,1,1,1,1,1,1
"18647","1325","Ec_N",311,47,47,"Ec",32,1,1,1,1,1,1
"18648","1325","Ec_N",311,48,48,"Ec",32,1,1,1,1,1,1
"18649","1325","Ec_N",311,49,49,"Ec",32,1,1,1,1,1,1
"18650","1325","Ec_N",311,50,50,"Ec",32,1,1,1,1,1,1
"18651","1325","Ec_N",311,51,51,"Ec",32,1,1,1,1,1,1
"18652","1325","Ec_N",311,52,52,"Ec",32,1,1,1,1,1,1
"18653","1325","Ec_N",311,53,53,"Ec",32,1,1,1,1,1,1
"18654","1325","Ec_N",311,54,54,"Ec",32,1,1,1,1,1,1
"18655","1325","Ec_N",311,55,55,"Ec",32,1,1,1,1,1,1
"18656","1325","Ec_N",311,56,56,"Ec",32,1,1,1,1,1,1
"18657","1325","Ec_N",311,57,57,"Ec",32,1,1,1,1,1,1
"18658","1325","Ec_N",311,58,58,"Ec",32,1,1,1,1,1,1
"18659","1325","Ec_N",311,59,59,"Ec",32,1,1,1,1,1,1
"18660","1325","Ec_N",311,60,60,"Ec",32,1,1,1,1,1,1
"18661","1325","Ec_N",312,1,1,"Ec",1,0,0,0,0,0,0
"18662","1325","Ec_N",312,2,2,"Ec",17,0,0,0,0,1,0.0636859452353503
"18663","1325","Ec_N",312,3,3,"Ec",21,0,0,1,0,1,0.223314973687545
"18664","1325","Ec_N",312,4,4,"Ec",21,0,0,1,0,1,0.223314973687545
"18665","1325","Ec_N",312,5,5,"Ec",23,0,1,1,0,1,0.57389469344254
"18666","1325","Ec_N",312,6,6,"Ec",23,0,1,1,0,1,0.57389469344254
"18667","1325","Ec_N",312,7,7,"Ec",23,0,1,1,0,1,0.57389469344254
"18668","1325","Ec_N",312,8,8,"Ec",23,0,1,1,0,1,0.57389469344254
"18669","1325","Ec_N",312,9,9,"Ec",23,0,1,1,0,1,0.57389469344254
"18670","1325","Ec_N",312,10,10,"Ec",23,0,1,1,0,1,0.57389469344254
"18671","1325","Ec_N",312,11,11,"Ec",23,0,1,1,0,1,0.57389469344254
"18672","1325","Ec_N",312,12,12,"Ec",23,0,1,1,0,1,0.57389469344254
"18673","1325","Ec_N",312,13,13,"Ec",24,1,1,1,0,1,0.872975948786018
"18674","1325","Ec_N",312,14,14,"Ec",24,1,1,1,0,1,0.872975948786018
"18675","1325","Ec_N",312,15,15,"Ec",24,1,1,1,0,1,0.872975948786018
"18676","1325","Ec_N",312,16,16,"Ec",24,1,1,1,0,1,0.872975948786018
"18677","1325","Ec_N",312,17,17,"Ec",24,1,1,1,0,1,0.872975948786018
"18678","1325","Ec_N",312,18,18,"Ec",24,1,1,1,0,1,0.872975948786018
"18679","1325","Ec_N",312,19,19,"Ec",24,1,1,1,0,1,0.872975948786018
"18680","1325","Ec_N",312,20,20,"Ec",24,1,1,1,0,1,0.872975948786018
"18681","1325","Ec_N",312,21,21,"Ec",8,1,1,1,0,0,0.887289570804412
"18682","1325","Ec_N",312,22,22,"Ec",8,1,1,1,0,0,0.887289570804412
"18683","1325","Ec_N",312,23,23,"Ec",16,1,1,1,1,0,0.93631405476465
"18684","1325","Ec_N",312,24,24,"Ec",16,1,1,1,1,0,0.93631405476465
"18685","1325","Ec_N",312,25,25,"Ec",16,1,1,1,1,0,0.93631405476465
"18686","1325","Ec_N",312,26,26,"Ec",16,1,1,1,1,0,0.93631405476465
"18687","1325","Ec_N",312,27,27,"Ec",16,1,1,1,1,0,0.93631405476465
"18688","1325","Ec_N",312,28,28,"Ec",16,1,1,1,1,0,0.93631405476465
"18689","1325","Ec_N",312,29,29,"Ec",16,1,1,1,1,0,0.93631405476465
"18690","1325","Ec_N",312,30,30,"Ec",16,1,1,1,1,0,0.93631405476465
"18691","1325","Ec_N",312,31,31,"Ec",16,1,1,1,1,0,0.93631405476465
"18692","1325","Ec_N",312,32,32,"Ec",16,1,1,1,1,0,0.93631405476465
"18693","1325","Ec_N",312,33,33,"Ec",16,1,1,1,1,0,0.93631405476465
"18694","1325","Ec_N",312,34,34,"Ec",16,1,1,1,1,0,0.93631405476465
"18695","1325","Ec_N",312,35,35,"Ec",16,1,1,1,1,0,0.93631405476465
"18696","1325","Ec_N",312,36,36,"Ec",16,1,1,1,1,0,0.93631405476465
"18697","1325","Ec_N",312,37,37,"Ec",16,1,1,1,1,0,0.93631405476465
"18698","1325","Ec_N",312,38,38,"Ec",16,1,1,1,1,0,0.93631405476465
"18699","1325","Ec_N",312,39,39,"Ec",16,1,1,1,1,0,0.93631405476465
"18700","1325","Ec_N",312,40,40,"Ec",16,1,1,1,1,0,0.93631405476465
"18701","1325","Ec_N",312,41,41,"Ec",16,1,1,1,1,0,0.93631405476465
"18702","1325","Ec_N",312,42,42,"Ec",16,1,1,1,1,0,0.93631405476465
"18703","1325","Ec_N",312,43,43,"Ec",16,1,1,1,1,0,0.93631405476465
"18704","1325","Ec_N",312,44,44,"Ec",32,1,1,1,1,1,1
"18705","1325","Ec_N",312,45,45,"Ec",32,1,1,1,1,1,1
"18706","1325","Ec_N",312,46,46,"Ec",32,1,1,1,1,1,1
"18707","1325","Ec_N",312,47,47,"Ec",32,1,1,1,1,1,1
"18708","1325","Ec_N",312,48,48,"Ec",32,1,1,1,1,1,1
"18709","1325","Ec_N",312,49,49,"Ec",32,1,1,1,1,1,1
"18710","1325","Ec_N",312,50,50,"Ec",32,1,1,1,1,1,1
"18711","1325","Ec_N",312,51,51,"Ec",32,1,1,1,1,1,1
"18712","1325","Ec_N",312,52,52,"Ec",32,1,1,1,1,1,1
"18713","1325","Ec_N",312,53,53,"Ec",32,1,1,1,1,1,1
"18714","1325","Ec_N",312,54,54,"Ec",32,1,1,1,1,1,1
"18715","1325","Ec_N",312,55,55,"Ec",32,1,1,1,1,1,1
"18716","1325","Ec_N",312,56,56,"Ec",32,1,1,1,1,1,1
"18717","1325","Ec_N",312,57,57,"Ec",32,1,1,1,1,1,1
"18718","1325","Ec_N",312,58,58,"Ec",32,1,1,1,1,1,1
"18719","1325","Ec_N",312,59,59,"Ec",32,1,1,1,1,1,1
"18720","1325","Ec_N",312,60,60,"Ec",32,1,1,1,1,1,1
"18721","1325","Ec_N",313,1,1,"Ec",1,0,0,0,0,0,0
"18722","1325","Ec_N",313,2,2,"Ec",17,0,0,0,0,1,0.0636859452353503
"18723","1325","Ec_N",313,3,3,"Ec",17,0,0,0,0,1,0.0636859452353503
"18724","1325","Ec_N",313,4,4,"Ec",19,0,1,0,0,1,0.484124241483168
"18725","1325","Ec_N",313,5,5,"Ec",19,0,1,0,0,1,0.484124241483168
"18726","1325","Ec_N",313,6,6,"Ec",19,0,1,0,0,1,0.484124241483168
"18727","1325","Ec_N",313,7,7,"Ec",19,0,1,0,0,1,0.484124241483168
"18728","1325","Ec_N",313,8,8,"Ec",27,0,1,0,1,1,0.533148725443406
"18729","1325","Ec_N",313,9,9,"Ec",27,0,1,0,1,1,0.533148725443406
"18730","1325","Ec_N",313,10,10,"Ec",27,0,1,0,1,1,0.533148725443406
"18731","1325","Ec_N",313,11,11,"Ec",27,0,1,0,1,1,0.533148725443406
"18732","1325","Ec_N",313,12,12,"Ec",27,0,1,0,1,1,0.533148725443406
"18733","1325","Ec_N",313,13,13,"Ec",27,0,1,0,1,1,0.533148725443406
"18734","1325","Ec_N",313,14,14,"Ec",27,0,1,0,1,1,0.533148725443406
"18735","1325","Ec_N",313,15,15,"Ec",27,0,1,0,1,1,0.533148725443406
"18736","1325","Ec_N",313,16,16,"Ec",27,0,1,0,1,1,0.533148725443406
"18737","1325","Ec_N",313,17,17,"Ec",31,0,1,1,1,1,0.6927777538956
"18738","1325","Ec_N",313,18,18,"Ec",31,0,1,1,1,1,0.6927777538956
"18739","1325","Ec_N",313,19,19,"Ec",31,0,1,1,1,1,0.6927777538956
"18740","1325","Ec_N",313,20,20,"Ec",31,0,1,1,1,1,0.6927777538956
"18741","1325","Ec_N",313,21,21,"Ec",31,0,1,1,1,1,0.6927777538956
"18742","1325","Ec_N",313,22,22,"Ec",31,0,1,1,1,1,0.6927777538956
"18743","1325","Ec_N",313,23,23,"Ec",31,0,1,1,1,1,0.6927777538956
"18744","1325","Ec_N",313,24,24,"Ec",31,0,1,1,1,1,0.6927777538956
"18745","1325","Ec_N",313,25,25,"Ec",31,0,1,1,1,1,0.6927777538956
"18746","1325","Ec_N",313,26,26,"Ec",31,0,1,1,1,1,0.6927777538956
"18747","1325","Ec_N",313,27,27,"Ec",31,0,1,1,1,1,0.6927777538956
"18748","1325","Ec_N",313,28,28,"Ec",31,0,1,1,1,1,0.6927777538956
"18749","1325","Ec_N",313,29,29,"Ec",31,0,1,1,1,1,0.6927777538956
"18750","1325","Ec_N",313,30,30,"Ec",31,0,1,1,1,1,0.6927777538956
"18751","1325","Ec_N",313,31,31,"Ec",31,0,1,1,1,1,0.6927777538956
"18752","1325","Ec_N",313,32,32,"Ec",31,0,1,1,1,1,0.6927777538956
"18753","1325","Ec_N",313,33,33,"Ec",31,0,1,1,1,1,0.6927777538956
"18754","1325","Ec_N",313,34,34,"Ec",31,0,1,1,1,1,0.6927777538956
"18755","1325","Ec_N",313,35,35,"Ec",31,0,1,1,1,1,0.6927777538956
"18756","1325","Ec_N",313,36,36,"Ec",31,0,1,1,1,1,0.6927777538956
"18757","1325","Ec_N",313,37,37,"Ec",31,0,1,1,1,1,0.6927777538956
"18758","1325","Ec_N",313,38,38,"Ec",31,0,1,1,1,1,0.6927777538956
"18759","1325","Ec_N",313,39,39,"Ec",31,0,1,1,1,1,0.6927777538956
"18760","1325","Ec_N",313,40,40,"Ec",31,0,1,1,1,1,0.6927777538956
"18761","1325","Ec_N",313,41,41,"Ec",31,0,1,1,1,1,0.6927777538956
"18762","1325","Ec_N",313,42,42,"Ec",31,0,1,1,1,1,0.6927777538956
"18763","1325","Ec_N",313,43,43,"Ec",31,0,1,1,1,1,0.6927777538956
"18764","1325","Ec_N",313,44,44,"Ec",31,0,1,1,1,1,0.6927777538956
"18765","1325","Ec_N",313,45,45,"Ec",31,0,1,1,1,1,0.6927777538956
"18766","1325","Ec_N",313,46,46,"Ec",32,1,1,1,1,1,1
"18767","1325","Ec_N",313,47,47,"Ec",32,1,1,1,1,1,1
"18768","1325","Ec_N",313,48,48,"Ec",32,1,1,1,1,1,1
"18769","1325","Ec_N",313,49,49,"Ec",32,1,1,1,1,1,1
"18770","1325","Ec_N",313,50,50,"Ec",32,1,1,1,1,1,1
"18771","1325","Ec_N",313,51,51,"Ec",32,1,1,1,1,1,1
"18772","1325","Ec_N",313,52,52,"Ec",32,1,1,1,1,1,1
"18773","1325","Ec_N",313,53,53,"Ec",32,1,1,1,1,1,1
"18774","1325","Ec_N",313,54,54,"Ec",32,1,1,1,1,1,1
"18775","1325","Ec_N",313,55,55,"Ec",32,1,1,1,1,1,1
"18776","1325","Ec_N",313,56,56,"Ec",32,1,1,1,1,1,1
"18777","1325","Ec_N",313,57,57,"Ec",32,1,1,1,1,1,1
"18778","1325","Ec_N",313,58,58,"Ec",32,1,1,1,1,1,1
"18779","1325","Ec_N",313,59,59,"Ec",32,1,1,1,1,1,1
"18780","1325","Ec_N",313,60,60,"Ec",32,1,1,1,1,1,1
"18781","1325","Ec_N",314,1,1,"Ec",1,0,0,0,0,0,0
"18782","1325","Ec_N",314,2,2,"Ec",1,0,0,0,0,0,0
"18783","1325","Ec_N",314,3,3,"Ec",1,0,0,0,0,0,0
"18784","1325","Ec_N",314,4,4,"Ec",3,0,1,0,0,0,0.420438296247818
"18785","1325","Ec_N",314,5,5,"Ec",3,0,1,0,0,0,0.420438296247818
"18786","1325","Ec_N",314,6,6,"Ec",3,0,1,0,0,0,0.420438296247818
"18787","1325","Ec_N",314,7,7,"Ec",3,0,1,0,0,0,0.420438296247818
"18788","1325","Ec_N",314,8,8,"Ec",3,0,1,0,0,0,0.420438296247818
"18789","1325","Ec_N",314,9,9,"Ec",3,0,1,0,0,0,0.420438296247818
"18790","1325","Ec_N",314,10,10,"Ec",3,0,1,0,0,0,0.420438296247818
"18791","1325","Ec_N",314,11,11,"Ec",3,0,1,0,0,0,0.420438296247818
"18792","1325","Ec_N",314,12,12,"Ec",3,0,1,0,0,0,0.420438296247818
"18793","1325","Ec_N",314,13,13,"Ec",3,0,1,0,0,0,0.420438296247818
"18794","1325","Ec_N",314,14,14,"Ec",3,0,1,0,0,0,0.420438296247818
"18795","1325","Ec_N",314,15,15,"Ec",3,0,1,0,0,0,0.420438296247818
"18796","1325","Ec_N",314,16,16,"Ec",3,0,1,0,0,0,0.420438296247818
"18797","1325","Ec_N",314,17,17,"Ec",3,0,1,0,0,0,0.420438296247818
"18798","1325","Ec_N",314,18,18,"Ec",19,0,1,0,0,1,0.484124241483168
"18799","1325","Ec_N",314,19,19,"Ec",19,0,1,0,0,1,0.484124241483168
"18800","1325","Ec_N",314,20,20,"Ec",19,0,1,0,0,1,0.484124241483168
"18801","1325","Ec_N",314,21,21,"Ec",19,0,1,0,0,1,0.484124241483168
"18802","1325","Ec_N",314,22,22,"Ec",20,1,1,0,0,1,0.791346487587567
"18803","1325","Ec_N",314,23,23,"Ec",20,1,1,0,0,1,0.791346487587567
"18804","1325","Ec_N",314,24,24,"Ec",20,1,1,0,0,1,0.791346487587567
"18805","1325","Ec_N",314,25,25,"Ec",20,1,1,0,0,1,0.791346487587567
"18806","1325","Ec_N",314,26,26,"Ec",24,1,1,1,0,1,0.872975948786018
"18807","1325","Ec_N",314,27,27,"Ec",24,1,1,1,0,1,0.872975948786018
"18808","1325","Ec_N",314,28,28,"Ec",24,1,1,1,0,1,0.872975948786018
"18809","1325","Ec_N",314,29,29,"Ec",24,1,1,1,0,1,0.872975948786018
"18810","1325","Ec_N",314,30,30,"Ec",24,1,1,1,0,1,0.872975948786018
"18811","1325","Ec_N",314,31,31,"Ec",24,1,1,1,0,1,0.872975948786018
"18812","1325","Ec_N",314,32,32,"Ec",24,1,1,1,0,1,0.872975948786018
"18813","1325","Ec_N",314,33,33,"Ec",24,1,1,1,0,1,0.872975948786018
"18814","1325","Ec_N",314,34,34,"Ec",24,1,1,1,0,1,0.872975948786018
"18815","1325","Ec_N",314,35,35,"Ec",24,1,1,1,0,1,0.872975948786018
"18816","1325","Ec_N",314,36,36,"Ec",24,1,1,1,0,1,0.872975948786018
"18817","1325","Ec_N",314,37,37,"Ec",24,1,1,1,0,1,0.872975948786018
"18818","1325","Ec_N",314,38,38,"Ec",24,1,1,1,0,1,0.872975948786018
"18819","1325","Ec_N",314,39,39,"Ec",24,1,1,1,0,1,0.872975948786018
"18820","1325","Ec_N",314,40,40,"Ec",24,1,1,1,0,1,0.872975948786018
"18821","1325","Ec_N",314,41,41,"Ec",24,1,1,1,0,1,0.872975948786018
"18822","1325","Ec_N",314,42,42,"Ec",24,1,1,1,0,1,0.872975948786018
"18823","1325","Ec_N",314,43,43,"Ec",24,1,1,1,0,1,0.872975948786018
"18824","1325","Ec_N",314,44,44,"Ec",24,1,1,1,0,1,0.872975948786018
"18825","1325","Ec_N",314,45,45,"Ec",32,1,1,1,1,1,1
"18826","1325","Ec_N",314,46,46,"Ec",32,1,1,1,1,1,1
"18827","1325","Ec_N",314,47,47,"Ec",32,1,1,1,1,1,1
"18828","1325","Ec_N",314,48,48,"Ec",32,1,1,1,1,1,1
"18829","1325","Ec_N",314,49,49,"Ec",32,1,1,1,1,1,1
"18830","1325","Ec_N",314,50,50,"Ec",32,1,1,1,1,1,1
"18831","1325","Ec_N",314,51,51,"Ec",32,1,1,1,1,1,1
"18832","1325","Ec_N",314,52,52,"Ec",32,1,1,1,1,1,1
"18833","1325","Ec_N",314,53,53,"Ec",32,1,1,1,1,1,1
"18834","1325","Ec_N",314,54,54,"Ec",32,1,1,1,1,1,1
"18835","1325","Ec_N",314,55,55,"Ec",32,1,1,1,1,1,1
"18836","1325","Ec_N",314,56,56,"Ec",32,1,1,1,1,1,1
"18837","1325","Ec_N",314,57,57,"Ec",32,1,1,1,1,1,1
"18838","1325","Ec_N",314,58,58,"Ec",32,1,1,1,1,1,1
"18839","1325","Ec_N",314,59,59,"Ec",32,1,1,1,1,1,1
"18840","1325","Ec_N",314,60,60,"Ec",32,1,1,1,1,1,1
"18841","1325","Ec_N",315,1,1,"Ec",1,0,0,0,0,0,0
"18842","1325","Ec_N",315,2,2,"Ec",1,0,0,0,0,0,0
"18843","1325","Ec_N",315,3,3,"Ec",1,0,0,0,0,0,0
"18844","1325","Ec_N",315,4,4,"Ec",1,0,0,0,0,0,0
"18845","1325","Ec_N",315,5,5,"Ec",1,0,0,0,0,0,0
"18846","1325","Ec_N",315,6,6,"Ec",1,0,0,0,0,0,0
"18847","1325","Ec_N",315,7,7,"Ec",1,0,0,0,0,0,0
"18848","1325","Ec_N",315,8,8,"Ec",1,0,0,0,0,0,0
"18849","1325","Ec_N",315,9,9,"Ec",1,0,0,0,0,0,0
"18850","1325","Ec_N",315,10,10,"Ec",1,0,0,0,0,0,0
"18851","1325","Ec_N",315,11,11,"Ec",1,0,0,0,0,0,0
"18852","1325","Ec_N",315,12,12,"Ec",1,0,0,0,0,0,0
"18853","1325","Ec_N",315,13,13,"Ec",1,0,0,0,0,0,0
"18854","1325","Ec_N",315,14,14,"Ec",1,0,0,0,0,0,0
"18855","1325","Ec_N",315,15,15,"Ec",1,0,0,0,0,0,0
"18856","1325","Ec_N",315,16,16,"Ec",5,0,0,1,0,0,0.159629028452195
"18857","1325","Ec_N",315,17,17,"Ec",5,0,0,1,0,0,0.159629028452195
"18858","1325","Ec_N",315,18,18,"Ec",5,0,0,1,0,0,0.159629028452195
"18859","1325","Ec_N",315,19,19,"Ec",5,0,0,1,0,0,0.159629028452195
"18860","1325","Ec_N",315,20,20,"Ec",5,0,0,1,0,0,0.159629028452195
"18861","1325","Ec_N",315,21,21,"Ec",5,0,0,1,0,0,0.159629028452195
"18862","1325","Ec_N",315,22,22,"Ec",5,0,0,1,0,0,0.159629028452195
"18863","1325","Ec_N",315,23,23,"Ec",5,0,0,1,0,0,0.159629028452195
"18864","1325","Ec_N",315,24,24,"Ec",5,0,0,1,0,0,0.159629028452195
"18865","1325","Ec_N",315,25,25,"Ec",5,0,0,1,0,0,0.159629028452195
"18866","1325","Ec_N",315,26,26,"Ec",5,0,0,1,0,0,0.159629028452195
"18867","1325","Ec_N",315,27,27,"Ec",5,0,0,1,0,0,0.159629028452195
"18868","1325","Ec_N",315,28,28,"Ec",5,0,0,1,0,0,0.159629028452195
"18869","1325","Ec_N",315,29,29,"Ec",5,0,0,1,0,0,0.159629028452195
"18870","1325","Ec_N",315,30,30,"Ec",5,0,0,1,0,0,0.159629028452195
"18871","1325","Ec_N",315,31,31,"Ec",5,0,0,1,0,0,0.159629028452195
"18872","1325","Ec_N",315,32,32,"Ec",5,0,0,1,0,0,0.159629028452195
"18873","1325","Ec_N",315,33,33,"Ec",5,0,0,1,0,0,0.159629028452195
"18874","1325","Ec_N",315,34,34,"Ec",5,0,0,1,0,0,0.159629028452195
"18875","1325","Ec_N",315,35,35,"Ec",5,0,0,1,0,0,0.159629028452195
"18876","1325","Ec_N",315,36,36,"Ec",5,0,0,1,0,0,0.159629028452195
"18877","1325","Ec_N",315,37,37,"Ec",5,0,0,1,0,0,0.159629028452195
"18878","1325","Ec_N",315,38,38,"Ec",5,0,0,1,0,0,0.159629028452195
"18879","1325","Ec_N",315,39,39,"Ec",6,1,0,1,0,0,0.466851274556594
"18880","1325","Ec_N",315,40,40,"Ec",6,1,0,1,0,0,0.466851274556594
"18881","1325","Ec_N",315,41,41,"Ec",8,1,1,1,0,0,0.887289570804412
"18882","1325","Ec_N",315,42,42,"Ec",8,1,1,1,0,0,0.887289570804412
"18883","1325","Ec_N",315,43,43,"Ec",8,1,1,1,0,0,0.887289570804412
"18884","1325","Ec_N",315,44,44,"Ec",8,1,1,1,0,0,0.887289570804412
"18885","1325","Ec_N",315,45,45,"Ec",8,1,1,1,0,0,0.887289570804412
"18886","1325","Ec_N",315,46,46,"Ec",8,1,1,1,0,0,0.887289570804412
"18887","1325","Ec_N",315,47,47,"Ec",8,1,1,1,0,0,0.887289570804412
"18888","1325","Ec_N",315,48,48,"Ec",8,1,1,1,0,0,0.887289570804412
"18889","1325","Ec_N",315,49,49,"Ec",8,1,1,1,0,0,0.887289570804412
"18890","1325","Ec_N",315,50,50,"Ec",8,1,1,1,0,0,0.887289570804412
"18891","1325","Ec_N",315,51,51,"Ec",8,1,1,1,0,0,0.887289570804412
"18892","1325","Ec_N",315,52,52,"Ec",8,1,1,1,0,0,0.887289570804412
"18893","1325","Ec_N",315,53,53,"Ec",8,1,1,1,0,0,0.887289570804412
"18894","1325","Ec_N",315,54,54,"Ec",8,1,1,1,0,0,0.887289570804412
"18895","1325","Ec_N",315,55,55,"Ec",8,1,1,1,0,0,0.887289570804412
"18896","1325","Ec_N",315,56,56,"Ec",8,1,1,1,0,0,0.887289570804412
"18897","1325","Ec_N",315,57,57,"Ec",8,1,1,1,0,0,0.887289570804412
"18898","1325","Ec_N",315,58,58,"Ec",8,1,1,1,0,0,0.887289570804412
"18899","1325","Ec_N",315,59,59,"Ec",8,1,1,1,0,0,0.887289570804412
"18900","1325","Ec_N",315,60,60,"Ec",8,1,1,1,0,0,0.887289570804412
"18901","1325","Ec_N",316,1,1,"Ec",1,0,0,0,0,0,0
"18902","1325","Ec_N",316,2,2,"Ec",17,0,0,0,0,1,0.0636859452353503
"18903","1325","Ec_N",316,3,3,"Ec",17,0,0,0,0,1,0.0636859452353503
"18904","1325","Ec_N",316,4,4,"Ec",18,1,0,0,0,1,0.37090819133975
"18905","1325","Ec_N",316,5,5,"Ec",20,1,1,0,0,1,0.791346487587567
"18906","1325","Ec_N",316,6,6,"Ec",28,1,1,0,1,1,0.815884725734249
"18907","1325","Ec_N",316,7,7,"Ec",28,1,1,0,1,1,0.815884725734249
"18908","1325","Ec_N",316,8,8,"Ec",28,1,1,0,1,1,0.815884725734249
"18909","1325","Ec_N",316,9,9,"Ec",28,1,1,0,1,1,0.815884725734249
"18910","1325","Ec_N",316,10,10,"Ec",28,1,1,0,1,1,0.815884725734249
"18911","1325","Ec_N",316,11,11,"Ec",28,1,1,0,1,1,0.815884725734249
"18912","1325","Ec_N",316,12,12,"Ec",28,1,1,0,1,1,0.815884725734249
"18913","1325","Ec_N",316,13,13,"Ec",28,1,1,0,1,1,0.815884725734249
"18914","1325","Ec_N",316,14,14,"Ec",28,1,1,0,1,1,0.815884725734249
"18915","1325","Ec_N",316,15,15,"Ec",28,1,1,0,1,1,0.815884725734249
"18916","1325","Ec_N",316,16,16,"Ec",28,1,1,0,1,1,0.815884725734249
"18917","1325","Ec_N",316,17,17,"Ec",28,1,1,0,1,1,0.815884725734249
"18918","1325","Ec_N",316,18,18,"Ec",28,1,1,0,1,1,0.815884725734249
"18919","1325","Ec_N",316,19,19,"Ec",28,1,1,0,1,1,0.815884725734249
"18920","1325","Ec_N",316,20,20,"Ec",28,1,1,0,1,1,0.815884725734249
"18921","1325","Ec_N",316,21,21,"Ec",28,1,1,0,1,1,0.815884725734249
"18922","1325","Ec_N",316,22,22,"Ec",28,1,1,0,1,1,0.815884725734249
"18923","1325","Ec_N",316,23,23,"Ec",28,1,1,0,1,1,0.815884725734249
"18924","1325","Ec_N",316,24,24,"Ec",28,1,1,0,1,1,0.815884725734249
"18925","1325","Ec_N",316,25,25,"Ec",28,1,1,0,1,1,0.815884725734249
"18926","1325","Ec_N",316,26,26,"Ec",28,1,1,0,1,1,0.815884725734249
"18927","1325","Ec_N",316,27,27,"Ec",28,1,1,0,1,1,0.815884725734249
"18928","1325","Ec_N",316,28,28,"Ec",28,1,1,0,1,1,0.815884725734249
"18929","1325","Ec_N",316,29,29,"Ec",28,1,1,0,1,1,0.815884725734249
"18930","1325","Ec_N",316,30,30,"Ec",28,1,1,0,1,1,0.815884725734249
"18931","1325","Ec_N",316,31,31,"Ec",28,1,1,0,1,1,0.815884725734249
"18932","1325","Ec_N",316,32,32,"Ec",28,1,1,0,1,1,0.815884725734249
"18933","1325","Ec_N",316,33,33,"Ec",28,1,1,0,1,1,0.815884725734249
"18934","1325","Ec_N",316,34,34,"Ec",28,1,1,0,1,1,0.815884725734249
"18935","1325","Ec_N",316,35,35,"Ec",28,1,1,0,1,1,0.815884725734249
"18936","1325","Ec_N",316,36,36,"Ec",32,1,1,1,1,1,1
"18937","1325","Ec_N",316,37,37,"Ec",32,1,1,1,1,1,1
"18938","1325","Ec_N",316,38,38,"Ec",32,1,1,1,1,1,1
"18939","1325","Ec_N",316,39,39,"Ec",32,1,1,1,1,1,1
"18940","1325","Ec_N",316,40,40,"Ec",32,1,1,1,1,1,1
"18941","1325","Ec_N",316,41,41,"Ec",32,1,1,1,1,1,1
"18942","1325","Ec_N",316,42,42,"Ec",32,1,1,1,1,1,1
"18943","1325","Ec_N",316,43,43,"Ec",32,1,1,1,1,1,1
"18944","1325","Ec_N",316,44,44,"Ec",32,1,1,1,1,1,1
"18945","1325","Ec_N",316,45,45,"Ec",32,1,1,1,1,1,1
"18946","1325","Ec_N",316,46,46,"Ec",32,1,1,1,1,1,1
"18947","1325","Ec_N",316,47,47,"Ec",32,1,1,1,1,1,1
"18948","1325","Ec_N",316,48,48,"Ec",32,1,1,1,1,1,1
"18949","1325","Ec_N",316,49,49,"Ec",32,1,1,1,1,1,1
"18950","1325","Ec_N",316,50,50,"Ec",32,1,1,1,1,1,1
"18951","1325","Ec_N",316,51,51,"Ec",32,1,1,1,1,1,1
"18952","1325","Ec_N",316,52,52,"Ec",32,1,1,1,1,1,1
"18953","1325","Ec_N",316,53,53,"Ec",32,1,1,1,1,1,1
"18954","1325","Ec_N",316,54,54,"Ec",32,1,1,1,1,1,1
"18955","1325","Ec_N",316,55,55,"Ec",32,1,1,1,1,1,1
"18956","1325","Ec_N",316,56,56,"Ec",32,1,1,1,1,1,1
"18957","1325","Ec_N",316,57,57,"Ec",32,1,1,1,1,1,1
"18958","1325","Ec_N",316,58,58,"Ec",32,1,1,1,1,1,1
"18959","1325","Ec_N",316,59,59,"Ec",32,1,1,1,1,1,1
"18960","1325","Ec_N",316,60,60,"Ec",32,1,1,1,1,1,1
"18961","1325","Ec_N",317,1,1,"Ec",1,0,0,0,0,0,0
"18962","1325","Ec_N",317,2,2,"Ec",17,0,0,0,0,1,0.0636859452353503
"18963","1325","Ec_N",317,3,3,"Ec",21,0,0,1,0,1,0.223314973687545
"18964","1325","Ec_N",317,4,4,"Ec",21,0,0,1,0,1,0.223314973687545
"18965","1325","Ec_N",317,5,5,"Ec",21,0,0,1,0,1,0.223314973687545
"18966","1325","Ec_N",317,6,6,"Ec",21,0,0,1,0,1,0.223314973687545
"18967","1325","Ec_N",317,7,7,"Ec",23,0,1,1,0,1,0.57389469344254
"18968","1325","Ec_N",317,8,8,"Ec",23,0,1,1,0,1,0.57389469344254
"18969","1325","Ec_N",317,9,9,"Ec",23,0,1,1,0,1,0.57389469344254
"18970","1325","Ec_N",317,10,10,"Ec",23,0,1,1,0,1,0.57389469344254
"18971","1325","Ec_N",317,11,11,"Ec",24,1,1,1,0,1,0.872975948786018
"18972","1325","Ec_N",317,12,12,"Ec",24,1,1,1,0,1,0.872975948786018
"18973","1325","Ec_N",317,13,13,"Ec",24,1,1,1,0,1,0.872975948786018
"18974","1325","Ec_N",317,14,14,"Ec",24,1,1,1,0,1,0.872975948786018
"18975","1325","Ec_N",317,15,15,"Ec",24,1,1,1,0,1,0.872975948786018
"18976","1325","Ec_N",317,16,16,"Ec",24,1,1,1,0,1,0.872975948786018
"18977","1325","Ec_N",317,17,17,"Ec",32,1,1,1,1,1,1
"18978","1325","Ec_N",317,18,18,"Ec",32,1,1,1,1,1,1
"18979","1325","Ec_N",317,19,19,"Ec",32,1,1,1,1,1,1
"18980","1325","Ec_N",317,20,20,"Ec",32,1,1,1,1,1,1
"18981","1325","Ec_N",317,21,21,"Ec",32,1,1,1,1,1,1
"18982","1325","Ec_N",317,22,22,"Ec",32,1,1,1,1,1,1
"18983","1325","Ec_N",317,23,23,"Ec",32,1,1,1,1,1,1
"18984","1325","Ec_N",317,24,24,"Ec",32,1,1,1,1,1,1
"18985","1325","Ec_N",317,25,25,"Ec",32,1,1,1,1,1,1
"18986","1325","Ec_N",317,26,26,"Ec",32,1,1,1,1,1,1
"18987","1325","Ec_N",317,27,27,"Ec",32,1,1,1,1,1,1
"18988","1325","Ec_N",317,28,28,"Ec",32,1,1,1,1,1,1
"18989","1325","Ec_N",317,29,29,"Ec",32,1,1,1,1,1,1
"18990","1325","Ec_N",317,30,30,"Ec",32,1,1,1,1,1,1
"18991","1325","Ec_N",317,31,31,"Ec",32,1,1,1,1,1,1
"18992","1325","Ec_N",317,32,32,"Ec",32,1,1,1,1,1,1
"18993","1325","Ec_N",317,33,33,"Ec",32,1,1,1,1,1,1
"18994","1325","Ec_N",317,34,34,"Ec",32,1,1,1,1,1,1
"18995","1325","Ec_N",317,35,35,"Ec",32,1,1,1,1,1,1
"18996","1325","Ec_N",317,36,36,"Ec",32,1,1,1,1,1,1
"18997","1325","Ec_N",317,37,37,"Ec",32,1,1,1,1,1,1
"18998","1325","Ec_N",317,38,38,"Ec",32,1,1,1,1,1,1
"18999","1325","Ec_N",317,39,39,"Ec",32,1,1,1,1,1,1
"19000","1325","Ec_N",317,40,40,"Ec",32,1,1,1,1,1,1
"19001","1325","Ec_N",317,41,41,"Ec",32,1,1,1,1,1,1
"19002","1325","Ec_N",317,42,42,"Ec",32,1,1,1,1,1,1
"19003","1325","Ec_N",317,43,43,"Ec",32,1,1,1,1,1,1
"19004","1325","Ec_N",317,44,44,"Ec",32,1,1,1,1,1,1
"19005","1325","Ec_N",317,45,45,"Ec",32,1,1,1,1,1,1
"19006","1325","Ec_N",317,46,46,"Ec",32,1,1,1,1,1,1
"19007","1325","Ec_N",317,47,47,"Ec",32,1,1,1,1,1,1
"19008","1325","Ec_N",317,48,48,"Ec",32,1,1,1,1,1,1
"19009","1325","Ec_N",317,49,49,"Ec",32,1,1,1,1,1,1
"19010","1325","Ec_N",317,50,50,"Ec",32,1,1,1,1,1,1
"19011","1325","Ec_N",317,51,51,"Ec",32,1,1,1,1,1,1
"19012","1325","Ec_N",317,52,52,"Ec",32,1,1,1,1,1,1
"19013","1325","Ec_N",317,53,53,"Ec",32,1,1,1,1,1,1
"19014","1325","Ec_N",317,54,54,"Ec",32,1,1,1,1,1,1
"19015","1325","Ec_N",317,55,55,"Ec",32,1,1,1,1,1,1
"19016","1325","Ec_N",317,56,56,"Ec",32,1,1,1,1,1,1
"19017","1325","Ec_N",317,57,57,"Ec",32,1,1,1,1,1,1
"19018","1325","Ec_N",317,58,58,"Ec",32,1,1,1,1,1,1
"19019","1325","Ec_N",317,59,59,"Ec",32,1,1,1,1,1,1
"19020","1325","Ec_N",317,60,60,"Ec",32,1,1,1,1,1,1
"19021","1325","Ec_N",318,1,1,"Ec",1,0,0,0,0,0,0
"19022","1325","Ec_N",318,2,2,"Ec",1,0,0,0,0,0,0
"19023","1325","Ec_N",318,3,3,"Ec",1,0,0,0,0,0,0
"19024","1325","Ec_N",318,4,4,"Ec",1,0,0,0,0,0,0
"19025","1325","Ec_N",318,5,5,"Ec",1,0,0,0,0,0,0
"19026","1325","Ec_N",318,6,6,"Ec",1,0,0,0,0,0,0
"19027","1325","Ec_N",318,7,7,"Ec",1,0,0,0,0,0,0
"19028","1325","Ec_N",318,8,8,"Ec",17,0,0,0,0,1,0.0636859452353503
"19029","1325","Ec_N",318,9,9,"Ec",17,0,0,0,0,1,0.0636859452353503
"19030","1325","Ec_N",318,10,10,"Ec",18,1,0,0,0,1,0.37090819133975
"19031","1325","Ec_N",318,11,11,"Ec",18,1,0,0,0,1,0.37090819133975
"19032","1325","Ec_N",318,12,12,"Ec",18,1,0,0,0,1,0.37090819133975
"19033","1325","Ec_N",318,13,13,"Ec",18,1,0,0,0,1,0.37090819133975
"19034","1325","Ec_N",318,14,14,"Ec",18,1,0,0,0,1,0.37090819133975
"19035","1325","Ec_N",318,15,15,"Ec",18,1,0,0,0,1,0.37090819133975
"19036","1325","Ec_N",318,16,16,"Ec",18,1,0,0,0,1,0.37090819133975
"19037","1325","Ec_N",318,17,17,"Ec",18,1,0,0,0,1,0.37090819133975
"19038","1325","Ec_N",318,18,18,"Ec",18,1,0,0,0,1,0.37090819133975
"19039","1325","Ec_N",318,19,19,"Ec",18,1,0,0,0,1,0.37090819133975
"19040","1325","Ec_N",318,20,20,"Ec",18,1,0,0,0,1,0.37090819133975
"19041","1325","Ec_N",318,21,21,"Ec",18,1,0,0,0,1,0.37090819133975
"19042","1325","Ec_N",318,22,22,"Ec",18,1,0,0,0,1,0.37090819133975
"19043","1325","Ec_N",318,23,23,"Ec",18,1,0,0,0,1,0.37090819133975
"19044","1325","Ec_N",318,24,24,"Ec",20,1,1,0,0,1,0.791346487587567
"19045","1325","Ec_N",318,25,25,"Ec",20,1,1,0,0,1,0.791346487587567
"19046","1325","Ec_N",318,26,26,"Ec",20,1,1,0,0,1,0.791346487587567
"19047","1325","Ec_N",318,27,27,"Ec",20,1,1,0,0,1,0.791346487587567
"19048","1325","Ec_N",318,28,28,"Ec",20,1,1,0,0,1,0.791346487587567
"19049","1325","Ec_N",318,29,29,"Ec",20,1,1,0,0,1,0.791346487587567
"19050","1325","Ec_N",318,30,30,"Ec",20,1,1,0,0,1,0.791346487587567
"19051","1325","Ec_N",318,31,31,"Ec",20,1,1,0,0,1,0.791346487587567
"19052","1325","Ec_N",318,32,32,"Ec",20,1,1,0,0,1,0.791346487587567
"19053","1325","Ec_N",318,33,33,"Ec",20,1,1,0,0,1,0.791346487587567
"19054","1325","Ec_N",318,34,34,"Ec",20,1,1,0,0,1,0.791346487587567
"19055","1325","Ec_N",318,35,35,"Ec",20,1,1,0,0,1,0.791346487587567
"19056","1325","Ec_N",318,36,36,"Ec",20,1,1,0,0,1,0.791346487587567
"19057","1325","Ec_N",318,37,37,"Ec",20,1,1,0,0,1,0.791346487587567
"19058","1325","Ec_N",318,38,38,"Ec",20,1,1,0,0,1,0.791346487587567
"19059","1325","Ec_N",318,39,39,"Ec",20,1,1,0,0,1,0.791346487587567
"19060","1325","Ec_N",318,40,40,"Ec",20,1,1,0,0,1,0.791346487587567
"19061","1325","Ec_N",318,41,41,"Ec",20,1,1,0,0,1,0.791346487587567
"19062","1325","Ec_N",318,42,42,"Ec",20,1,1,0,0,1,0.791346487587567
"19063","1325","Ec_N",318,43,43,"Ec",20,1,1,0,0,1,0.791346487587567
"19064","1325","Ec_N",318,44,44,"Ec",20,1,1,0,0,1,0.791346487587567
"19065","1325","Ec_N",318,45,45,"Ec",20,1,1,0,0,1,0.791346487587567
"19066","1325","Ec_N",318,46,46,"Ec",20,1,1,0,0,1,0.791346487587567
"19067","1325","Ec_N",318,47,47,"Ec",20,1,1,0,0,1,0.791346487587567
"19068","1325","Ec_N",318,48,48,"Ec",24,1,1,1,0,1,0.872975948786018
"19069","1325","Ec_N",318,49,49,"Ec",24,1,1,1,0,1,0.872975948786018
"19070","1325","Ec_N",318,50,50,"Ec",24,1,1,1,0,1,0.872975948786018
"19071","1325","Ec_N",318,51,51,"Ec",24,1,1,1,0,1,0.872975948786018
"19072","1325","Ec_N",318,52,52,"Ec",32,1,1,1,1,1,1
"19073","1325","Ec_N",318,53,53,"Ec",32,1,1,1,1,1,1
"19074","1325","Ec_N",318,54,54,"Ec",32,1,1,1,1,1,1
"19075","1325","Ec_N",318,55,55,"Ec",32,1,1,1,1,1,1
"19076","1325","Ec_N",318,56,56,"Ec",32,1,1,1,1,1,1
"19077","1325","Ec_N",318,57,57,"Ec",32,1,1,1,1,1,1
"19078","1325","Ec_N",318,58,58,"Ec",32,1,1,1,1,1,1
"19079","1325","Ec_N",318,59,59,"Ec",32,1,1,1,1,1,1
"19080","1325","Ec_N",318,60,60,"Ec",32,1,1,1,1,1,1
"19081","1325","Ec_N",319,1,1,"Ec",1,0,0,0,0,0,0
"19082","1325","Ec_N",319,2,2,"Ec",1,0,0,0,0,0,0
"19083","1325","Ec_N",319,3,3,"Ec",5,0,0,1,0,0,0.159629028452195
"19084","1325","Ec_N",319,4,4,"Ec",5,0,0,1,0,0,0.159629028452195
"19085","1325","Ec_N",319,5,5,"Ec",5,0,0,1,0,0,0.159629028452195
"19086","1325","Ec_N",319,6,6,"Ec",5,0,0,1,0,0,0.159629028452195
"19087","1325","Ec_N",319,7,7,"Ec",7,0,1,1,0,0,0.580067324700012
"19088","1325","Ec_N",319,8,8,"Ec",7,0,1,1,0,0,0.580067324700012
"19089","1325","Ec_N",319,9,9,"Ec",7,0,1,1,0,0,0.580067324700012
"19090","1325","Ec_N",319,10,10,"Ec",7,0,1,1,0,0,0.580067324700012
"19091","1325","Ec_N",319,11,11,"Ec",7,0,1,1,0,0,0.580067324700012
"19092","1325","Ec_N",319,12,12,"Ec",7,0,1,1,0,0,0.580067324700012
"19093","1325","Ec_N",319,13,13,"Ec",7,0,1,1,0,0,0.580067324700012
"19094","1325","Ec_N",319,14,14,"Ec",7,0,1,1,0,0,0.580067324700012
"19095","1325","Ec_N",319,15,15,"Ec",7,0,1,1,0,0,0.580067324700012
"19096","1325","Ec_N",319,16,16,"Ec",7,0,1,1,0,0,0.580067324700012
"19097","1325","Ec_N",319,17,17,"Ec",7,0,1,1,0,0,0.580067324700012
"19098","1325","Ec_N",319,18,18,"Ec",7,0,1,1,0,0,0.580067324700012
"19099","1325","Ec_N",319,19,19,"Ec",7,0,1,1,0,0,0.580067324700012
"19100","1325","Ec_N",319,20,20,"Ec",7,0,1,1,0,0,0.580067324700012
"19101","1325","Ec_N",319,21,21,"Ec",7,0,1,1,0,0,0.580067324700012
"19102","1325","Ec_N",319,22,22,"Ec",7,0,1,1,0,0,0.580067324700012
"19103","1325","Ec_N",319,23,23,"Ec",7,0,1,1,0,0,0.580067324700012
"19104","1325","Ec_N",319,24,24,"Ec",7,0,1,1,0,0,0.580067324700012
"19105","1325","Ec_N",319,25,25,"Ec",8,1,1,1,0,0,0.887289570804412
"19106","1325","Ec_N",319,26,26,"Ec",8,1,1,1,0,0,0.887289570804412
"19107","1325","Ec_N",319,27,27,"Ec",8,1,1,1,0,0,0.887289570804412
"19108","1325","Ec_N",319,28,28,"Ec",8,1,1,1,0,0,0.887289570804412
"19109","1325","Ec_N",319,29,29,"Ec",8,1,1,1,0,0,0.887289570804412
"19110","1325","Ec_N",319,30,30,"Ec",8,1,1,1,0,0,0.887289570804412
"19111","1325","Ec_N",319,31,31,"Ec",8,1,1,1,0,0,0.887289570804412
"19112","1325","Ec_N",319,32,32,"Ec",8,1,1,1,0,0,0.887289570804412
"19113","1325","Ec_N",319,33,33,"Ec",8,1,1,1,0,0,0.887289570804412
"19114","1325","Ec_N",319,34,34,"Ec",8,1,1,1,0,0,0.887289570804412
"19115","1325","Ec_N",319,35,35,"Ec",8,1,1,1,0,0,0.887289570804412
"19116","1325","Ec_N",319,36,36,"Ec",8,1,1,1,0,0,0.887289570804412
"19117","1325","Ec_N",319,37,37,"Ec",8,1,1,1,0,0,0.887289570804412
"19118","1325","Ec_N",319,38,38,"Ec",8,1,1,1,0,0,0.887289570804412
"19119","1325","Ec_N",319,39,39,"Ec",8,1,1,1,0,0,0.887289570804412
"19120","1325","Ec_N",319,40,40,"Ec",8,1,1,1,0,0,0.887289570804412
"19121","1325","Ec_N",319,41,41,"Ec",8,1,1,1,0,0,0.887289570804412
"19122","1325","Ec_N",319,42,42,"Ec",8,1,1,1,0,0,0.887289570804412
"19123","1325","Ec_N",319,43,43,"Ec",8,1,1,1,0,0,0.887289570804412
"19124","1325","Ec_N",319,44,44,"Ec",8,1,1,1,0,0,0.887289570804412
"19125","1325","Ec_N",319,45,45,"Ec",8,1,1,1,0,0,0.887289570804412
"19126","1325","Ec_N",319,46,46,"Ec",8,1,1,1,0,0,0.887289570804412
"19127","1325","Ec_N",319,47,47,"Ec",8,1,1,1,0,0,0.887289570804412
"19128","1325","Ec_N",319,48,48,"Ec",8,1,1,1,0,0,0.887289570804412
"19129","1325","Ec_N",319,49,49,"Ec",8,1,1,1,0,0,0.887289570804412
"19130","1325","Ec_N",319,50,50,"Ec",8,1,1,1,0,0,0.887289570804412
"19131","1325","Ec_N",319,51,51,"Ec",8,1,1,1,0,0,0.887289570804412
"19132","1325","Ec_N",319,52,52,"Ec",8,1,1,1,0,0,0.887289570804412
"19133","1325","Ec_N",319,53,53,"Ec",8,1,1,1,0,0,0.887289570804412
"19134","1325","Ec_N",319,54,54,"Ec",8,1,1,1,0,0,0.887289570804412
"19135","1325","Ec_N",319,55,55,"Ec",8,1,1,1,0,0,0.887289570804412
"19136","1325","Ec_N",319,56,56,"Ec",8,1,1,1,0,0,0.887289570804412
"19137","1325","Ec_N",319,57,57,"Ec",8,1,1,1,0,0,0.887289570804412
"19138","1325","Ec_N",319,58,58,"Ec",8,1,1,1,0,0,0.887289570804412
"19139","1325","Ec_N",319,59,59,"Ec",8,1,1,1,0,0,0.887289570804412
"19140","1325","Ec_N",319,60,60,"Ec",8,1,1,1,0,0,0.887289570804412
"19141","1325","Ec_N",320,1,1,"Ec",1,0,0,0,0,0,0
"19142","1325","Ec_N",320,2,2,"Ec",1,0,0,0,0,0,0
"19143","1325","Ec_N",320,3,3,"Ec",1,0,0,0,0,0,0
"19144","1325","Ec_N",320,4,4,"Ec",5,0,0,1,0,0,0.159629028452195
"19145","1325","Ec_N",320,5,5,"Ec",5,0,0,1,0,0,0.159629028452195
"19146","1325","Ec_N",320,6,6,"Ec",5,0,0,1,0,0,0.159629028452195
"19147","1325","Ec_N",320,7,7,"Ec",5,0,0,1,0,0,0.159629028452195
"19148","1325","Ec_N",320,8,8,"Ec",6,1,0,1,0,0,0.466851274556594
"19149","1325","Ec_N",320,9,9,"Ec",6,1,0,1,0,0,0.466851274556594
"19150","1325","Ec_N",320,10,10,"Ec",6,1,0,1,0,0,0.466851274556594
"19151","1325","Ec_N",320,11,11,"Ec",6,1,0,1,0,0,0.466851274556594
"19152","1325","Ec_N",320,12,12,"Ec",6,1,0,1,0,0,0.466851274556594
"19153","1325","Ec_N",320,13,13,"Ec",6,1,0,1,0,0,0.466851274556594
"19154","1325","Ec_N",320,14,14,"Ec",6,1,0,1,0,0,0.466851274556594
"19155","1325","Ec_N",320,15,15,"Ec",6,1,0,1,0,0,0.466851274556594
"19156","1325","Ec_N",320,16,16,"Ec",14,1,0,1,1,0,0.479175264165032
"19157","1325","Ec_N",320,17,17,"Ec",14,1,0,1,1,0,0.479175264165032
"19158","1325","Ec_N",320,18,18,"Ec",14,1,0,1,1,0,0.479175264165032
"19159","1325","Ec_N",320,19,19,"Ec",14,1,0,1,1,0,0.479175264165032
"19160","1325","Ec_N",320,20,20,"Ec",14,1,0,1,1,0,0.479175264165032
"19161","1325","Ec_N",320,21,21,"Ec",14,1,0,1,1,0,0.479175264165032
"19162","1325","Ec_N",320,22,22,"Ec",14,1,0,1,1,0,0.479175264165032
"19163","1325","Ec_N",320,23,23,"Ec",30,1,0,1,1,1,0.579561703752182
"19164","1325","Ec_N",320,24,24,"Ec",30,1,0,1,1,1,0.579561703752182
"19165","1325","Ec_N",320,25,25,"Ec",30,1,0,1,1,1,0.579561703752182
"19166","1325","Ec_N",320,26,26,"Ec",30,1,0,1,1,1,0.579561703752182
"19167","1325","Ec_N",320,27,27,"Ec",30,1,0,1,1,1,0.579561703752182
"19168","1325","Ec_N",320,28,28,"Ec",30,1,0,1,1,1,0.579561703752182
"19169","1325","Ec_N",320,29,29,"Ec",30,1,0,1,1,1,0.579561703752182
"19170","1325","Ec_N",320,30,30,"Ec",30,1,0,1,1,1,0.579561703752182
"19171","1325","Ec_N",320,31,31,"Ec",32,1,1,1,1,1,1
"19172","1325","Ec_N",320,32,32,"Ec",32,1,1,1,1,1,1
"19173","1325","Ec_N",320,33,33,"Ec",32,1,1,1,1,1,1
"19174","1325","Ec_N",320,34,34,"Ec",32,1,1,1,1,1,1
"19175","1325","Ec_N",320,35,35,"Ec",32,1,1,1,1,1,1
"19176","1325","Ec_N",320,36,36,"Ec",32,1,1,1,1,1,1
"19177","1325","Ec_N",320,37,37,"Ec",32,1,1,1,1,1,1
"19178","1325","Ec_N",320,38,38,"Ec",32,1,1,1,1,1,1
"19179","1325","Ec_N",320,39,39,"Ec",32,1,1,1,1,1,1
"19180","1325","Ec_N",320,40,40,"Ec",32,1,1,1,1,1,1
"19181","1325","Ec_N",320,41,41,"Ec",32,1,1,1,1,1,1
"19182","1325","Ec_N",320,42,42,"Ec",32,1,1,1,1,1,1
"19183","1325","Ec_N",320,43,43,"Ec",32,1,1,1,1,1,1
"19184","1325","Ec_N",320,44,44,"Ec",32,1,1,1,1,1,1
"19185","1325","Ec_N",320,45,45,"Ec",32,1,1,1,1,1,1
"19186","1325","Ec_N",320,46,46,"Ec",32,1,1,1,1,1,1
"19187","1325","Ec_N",320,47,47,"Ec",32,1,1,1,1,1,1
"19188","1325","Ec_N",320,48,48,"Ec",32,1,1,1,1,1,1
"19189","1325","Ec_N",320,49,49,"Ec",32,1,1,1,1,1,1
"19190","1325","Ec_N",320,50,50,"Ec",32,1,1,1,1,1,1
"19191","1325","Ec_N",320,51,51,"Ec",32,1,1,1,1,1,1
"19192","1325","Ec_N",320,52,52,"Ec",32,1,1,1,1,1,1
"19193","1325","Ec_N",320,53,53,"Ec",32,1,1,1,1,1,1
"19194","1325","Ec_N",320,54,54,"Ec",32,1,1,1,1,1,1
"19195","1325","Ec_N",320,55,55,"Ec",32,1,1,1,1,1,1
"19196","1325","Ec_N",320,56,56,"Ec",32,1,1,1,1,1,1
"19197","1325","Ec_N",320,57,57,"Ec",32,1,1,1,1,1,1
"19198","1325","Ec_N",320,58,58,"Ec",32,1,1,1,1,1,1
"19199","1325","Ec_N",320,59,59,"Ec",32,1,1,1,1,1,1
"19200","1325","Ec_N",320,60,60,"Ec",32,1,1,1,1,1,1
"19201","1325","Ec_N",321,1,1,"Ec",1,0,0,0,0,0,0
"19202","1325","Ec_N",321,2,2,"Ec",2,1,0,0,0,0,0.3072222461044
"19203","1325","Ec_N",321,3,3,"Ec",2,1,0,0,0,0,0.3072222461044
"19204","1325","Ec_N",321,4,4,"Ec",2,1,0,0,0,0,0.3072222461044
"19205","1325","Ec_N",321,5,5,"Ec",2,1,0,0,0,0,0.3072222461044
"19206","1325","Ec_N",321,6,6,"Ec",2,1,0,0,0,0,0.3072222461044
"19207","1325","Ec_N",321,7,7,"Ec",2,1,0,0,0,0,0.3072222461044
"19208","1325","Ec_N",321,8,8,"Ec",2,1,0,0,0,0,0.3072222461044
"19209","1325","Ec_N",321,9,9,"Ec",2,1,0,0,0,0,0.3072222461044
"19210","1325","Ec_N",321,10,10,"Ec",2,1,0,0,0,0,0.3072222461044
"19211","1325","Ec_N",321,11,11,"Ec",2,1,0,0,0,0,0.3072222461044
"19212","1325","Ec_N",321,12,12,"Ec",2,1,0,0,0,0,0.3072222461044
"19213","1325","Ec_N",321,13,13,"Ec",2,1,0,0,0,0,0.3072222461044
"19214","1325","Ec_N",321,14,14,"Ec",2,1,0,0,0,0,0.3072222461044
"19215","1325","Ec_N",321,15,15,"Ec",2,1,0,0,0,0,0.3072222461044
"19216","1325","Ec_N",321,16,16,"Ec",2,1,0,0,0,0,0.3072222461044
"19217","1325","Ec_N",321,17,17,"Ec",2,1,0,0,0,0,0.3072222461044
"19218","1325","Ec_N",321,18,18,"Ec",2,1,0,0,0,0,0.3072222461044
"19219","1325","Ec_N",321,19,19,"Ec",2,1,0,0,0,0,0.3072222461044
"19220","1325","Ec_N",321,20,20,"Ec",2,1,0,0,0,0,0.3072222461044
"19221","1325","Ec_N",321,21,21,"Ec",2,1,0,0,0,0,0.3072222461044
"19222","1325","Ec_N",321,22,22,"Ec",2,1,0,0,0,0,0.3072222461044
"19223","1325","Ec_N",321,23,23,"Ec",2,1,0,0,0,0,0.3072222461044
"19224","1325","Ec_N",321,24,24,"Ec",2,1,0,0,0,0,0.3072222461044
"19225","1325","Ec_N",321,25,25,"Ec",2,1,0,0,0,0,0.3072222461044
"19226","1325","Ec_N",321,26,26,"Ec",6,1,0,1,0,0,0.466851274556594
"19227","1325","Ec_N",321,27,27,"Ec",6,1,0,1,0,0,0.466851274556594
"19228","1325","Ec_N",321,28,28,"Ec",6,1,0,1,0,0,0.466851274556594
"19229","1325","Ec_N",321,29,29,"Ec",6,1,0,1,0,0,0.466851274556594
"19230","1325","Ec_N",321,30,30,"Ec",14,1,0,1,1,0,0.479175264165032
"19231","1325","Ec_N",321,31,31,"Ec",14,1,0,1,1,0,0.479175264165032
"19232","1325","Ec_N",321,32,32,"Ec",14,1,0,1,1,0,0.479175264165032
"19233","1325","Ec_N",321,33,33,"Ec",14,1,0,1,1,0,0.479175264165032
"19234","1325","Ec_N",321,34,34,"Ec",14,1,0,1,1,0,0.479175264165032
"19235","1325","Ec_N",321,35,35,"Ec",14,1,0,1,1,0,0.479175264165032
"19236","1325","Ec_N",321,36,36,"Ec",14,1,0,1,1,0,0.479175264165032
"19237","1325","Ec_N",321,37,37,"Ec",14,1,0,1,1,0,0.479175264165032
"19238","1325","Ec_N",321,38,38,"Ec",14,1,0,1,1,0,0.479175264165032
"19239","1325","Ec_N",321,39,39,"Ec",14,1,0,1,1,0,0.479175264165032
"19240","1325","Ec_N",321,40,40,"Ec",14,1,0,1,1,0,0.479175264165032
"19241","1325","Ec_N",321,41,41,"Ec",14,1,0,1,1,0,0.479175264165032
"19242","1325","Ec_N",321,42,42,"Ec",14,1,0,1,1,0,0.479175264165032
"19243","1325","Ec_N",321,43,43,"Ec",14,1,0,1,1,0,0.479175264165032
"19244","1325","Ec_N",321,44,44,"Ec",14,1,0,1,1,0,0.479175264165032
"19245","1325","Ec_N",321,45,45,"Ec",16,1,1,1,1,0,0.93631405476465
"19246","1325","Ec_N",321,46,46,"Ec",16,1,1,1,1,0,0.93631405476465
"19247","1325","Ec_N",321,47,47,"Ec",16,1,1,1,1,0,0.93631405476465
"19248","1325","Ec_N",321,48,48,"Ec",16,1,1,1,1,0,0.93631405476465
"19249","1325","Ec_N",321,49,49,"Ec",16,1,1,1,1,0,0.93631405476465
"19250","1325","Ec_N",321,50,50,"Ec",16,1,1,1,1,0,0.93631405476465
"19251","1325","Ec_N",321,51,51,"Ec",16,1,1,1,1,0,0.93631405476465
"19252","1325","Ec_N",321,52,52,"Ec",16,1,1,1,1,0,0.93631405476465
"19253","1325","Ec_N",321,53,53,"Ec",16,1,1,1,1,0,0.93631405476465
"19254","1325","Ec_N",321,54,54,"Ec",32,1,1,1,1,1,1
"19255","1325","Ec_N",321,55,55,"Ec",32,1,1,1,1,1,1
"19256","1325","Ec_N",321,56,56,"Ec",32,1,1,1,1,1,1
"19257","1325","Ec_N",321,57,57,"Ec",32,1,1,1,1,1,1
"19258","1325","Ec_N",321,58,58,"Ec",32,1,1,1,1,1,1
"19259","1325","Ec_N",321,59,59,"Ec",32,1,1,1,1,1,1
"19260","1325","Ec_N",321,60,60,"Ec",32,1,1,1,1,1,1
"19261","1325","Ec_N",322,1,1,"Ec",1,0,0,0,0,0,0
"19262","1325","Ec_N",322,2,2,"Ec",1,0,0,0,0,0,0
"19263","1325","Ec_N",322,3,3,"Ec",9,0,0,0,1,0,0.0490244839602376
"19264","1325","Ec_N",322,4,4,"Ec",9,0,0,0,1,0,0.0490244839602376
"19265","1325","Ec_N",322,5,5,"Ec",9,0,0,0,1,0,0.0490244839602376
"19266","1325","Ec_N",322,6,6,"Ec",11,0,1,0,1,0,0.503461616060769
"19267","1325","Ec_N",322,7,7,"Ec",11,0,1,0,1,0,0.503461616060769
"19268","1325","Ec_N",322,8,8,"Ec",15,0,1,1,1,0,0.62909180866025
"19269","1325","Ec_N",322,9,9,"Ec",15,0,1,1,1,0,0.62909180866025
"19270","1325","Ec_N",322,10,10,"Ec",15,0,1,1,1,0,0.62909180866025
"19271","1325","Ec_N",322,11,11,"Ec",15,0,1,1,1,0,0.62909180866025
"19272","1325","Ec_N",322,12,12,"Ec",15,0,1,1,1,0,0.62909180866025
"19273","1325","Ec_N",322,13,13,"Ec",15,0,1,1,1,0,0.62909180866025
"19274","1325","Ec_N",322,14,14,"Ec",15,0,1,1,1,0,0.62909180866025
"19275","1325","Ec_N",322,15,15,"Ec",15,0,1,1,1,0,0.62909180866025
"19276","1325","Ec_N",322,16,16,"Ec",15,0,1,1,1,0,0.62909180866025
"19277","1325","Ec_N",322,17,17,"Ec",15,0,1,1,1,0,0.62909180866025
"19278","1325","Ec_N",322,18,18,"Ec",15,0,1,1,1,0,0.62909180866025
"19279","1325","Ec_N",322,19,19,"Ec",15,0,1,1,1,0,0.62909180866025
"19280","1325","Ec_N",322,20,20,"Ec",15,0,1,1,1,0,0.62909180866025
"19281","1325","Ec_N",322,21,21,"Ec",15,0,1,1,1,0,0.62909180866025
"19282","1325","Ec_N",322,22,22,"Ec",15,0,1,1,1,0,0.62909180866025
"19283","1325","Ec_N",322,23,23,"Ec",15,0,1,1,1,0,0.62909180866025
"19284","1325","Ec_N",322,24,24,"Ec",15,0,1,1,1,0,0.62909180866025
"19285","1325","Ec_N",322,25,25,"Ec",15,0,1,1,1,0,0.62909180866025
"19286","1325","Ec_N",322,26,26,"Ec",15,0,1,1,1,0,0.62909180866025
"19287","1325","Ec_N",322,27,27,"Ec",15,0,1,1,1,0,0.62909180866025
"19288","1325","Ec_N",322,28,28,"Ec",15,0,1,1,1,0,0.62909180866025
"19289","1325","Ec_N",322,29,29,"Ec",15,0,1,1,1,0,0.62909180866025
"19290","1325","Ec_N",322,30,30,"Ec",15,0,1,1,1,0,0.62909180866025
"19291","1325","Ec_N",322,31,31,"Ec",15,0,1,1,1,0,0.62909180866025
"19292","1325","Ec_N",322,32,32,"Ec",16,1,1,1,1,0,0.93631405476465
"19293","1325","Ec_N",322,33,33,"Ec",16,1,1,1,1,0,0.93631405476465
"19294","1325","Ec_N",322,34,34,"Ec",16,1,1,1,1,0,0.93631405476465
"19295","1325","Ec_N",322,35,35,"Ec",16,1,1,1,1,0,0.93631405476465
"19296","1325","Ec_N",322,36,36,"Ec",16,1,1,1,1,0,0.93631405476465
"19297","1325","Ec_N",322,37,37,"Ec",16,1,1,1,1,0,0.93631405476465
"19298","1325","Ec_N",322,38,38,"Ec",16,1,1,1,1,0,0.93631405476465
"19299","1325","Ec_N",322,39,39,"Ec",16,1,1,1,1,0,0.93631405476465
"19300","1325","Ec_N",322,40,40,"Ec",16,1,1,1,1,0,0.93631405476465
"19301","1325","Ec_N",322,41,41,"Ec",16,1,1,1,1,0,0.93631405476465
"19302","1325","Ec_N",322,42,42,"Ec",32,1,1,1,1,1,1
"19303","1325","Ec_N",322,43,43,"Ec",32,1,1,1,1,1,1
"19304","1325","Ec_N",322,44,44,"Ec",32,1,1,1,1,1,1
"19305","1325","Ec_N",322,45,45,"Ec",32,1,1,1,1,1,1
"19306","1325","Ec_N",322,46,46,"Ec",32,1,1,1,1,1,1
"19307","1325","Ec_N",322,47,47,"Ec",32,1,1,1,1,1,1
"19308","1325","Ec_N",322,48,48,"Ec",32,1,1,1,1,1,1
"19309","1325","Ec_N",322,49,49,"Ec",32,1,1,1,1,1,1
"19310","1325","Ec_N",322,50,50,"Ec",32,1,1,1,1,1,1
"19311","1325","Ec_N",322,51,51,"Ec",32,1,1,1,1,1,1
"19312","1325","Ec_N",322,52,52,"Ec",32,1,1,1,1,1,1
"19313","1325","Ec_N",322,53,53,"Ec",32,1,1,1,1,1,1
"19314","1325","Ec_N",322,54,54,"Ec",32,1,1,1,1,1,1
"19315","1325","Ec_N",322,55,55,"Ec",32,1,1,1,1,1,1
"19316","1325","Ec_N",322,56,56,"Ec",32,1,1,1,1,1,1
"19317","1325","Ec_N",322,57,57,"Ec",32,1,1,1,1,1,1
"19318","1325","Ec_N",322,58,58,"Ec",32,1,1,1,1,1,1
"19319","1325","Ec_N",322,59,59,"Ec",32,1,1,1,1,1,1
"19320","1325","Ec_N",322,60,60,"Ec",32,1,1,1,1,1,1
"19321","1325","Ec_N",323,1,1,"Ec",1,0,0,0,0,0,0
"19322","1325","Ec_N",323,2,2,"Ec",1,0,0,0,0,0,0
"19323","1325","Ec_N",323,3,3,"Ec",1,0,0,0,0,0,0
"19324","1325","Ec_N",323,4,4,"Ec",3,0,1,0,0,0,0.420438296247818
"19325","1325","Ec_N",323,5,5,"Ec",3,0,1,0,0,0,0.420438296247818
"19326","1325","Ec_N",323,6,6,"Ec",19,0,1,0,0,1,0.484124241483168
"19327","1325","Ec_N",323,7,7,"Ec",19,0,1,0,0,1,0.484124241483168
"19328","1325","Ec_N",323,8,8,"Ec",20,1,1,0,0,1,0.791346487587567
"19329","1325","Ec_N",323,9,9,"Ec",20,1,1,0,0,1,0.791346487587567
"19330","1325","Ec_N",323,10,10,"Ec",20,1,1,0,0,1,0.791346487587567
"19331","1325","Ec_N",323,11,11,"Ec",24,1,1,1,0,1,0.872975948786018
"19332","1325","Ec_N",323,12,12,"Ec",24,1,1,1,0,1,0.872975948786018
"19333","1325","Ec_N",323,13,13,"Ec",24,1,1,1,0,1,0.872975948786018
"19334","1325","Ec_N",323,14,14,"Ec",24,1,1,1,0,1,0.872975948786018
"19335","1325","Ec_N",323,15,15,"Ec",24,1,1,1,0,1,0.872975948786018
"19336","1325","Ec_N",323,16,16,"Ec",24,1,1,1,0,1,0.872975948786018
"19337","1325","Ec_N",323,17,17,"Ec",24,1,1,1,0,1,0.872975948786018
"19338","1325","Ec_N",323,18,18,"Ec",24,1,1,1,0,1,0.872975948786018
"19339","1325","Ec_N",323,19,19,"Ec",24,1,1,1,0,1,0.872975948786018
"19340","1325","Ec_N",323,20,20,"Ec",24,1,1,1,0,1,0.872975948786018
"19341","1325","Ec_N",323,21,21,"Ec",24,1,1,1,0,1,0.872975948786018
"19342","1325","Ec_N",323,22,22,"Ec",24,1,1,1,0,1,0.872975948786018
"19343","1325","Ec_N",323,23,23,"Ec",24,1,1,1,0,1,0.872975948786018
"19344","1325","Ec_N",323,24,24,"Ec",24,1,1,1,0,1,0.872975948786018
"19345","1325","Ec_N",323,25,25,"Ec",24,1,1,1,0,1,0.872975948786018
"19346","1325","Ec_N",323,26,26,"Ec",24,1,1,1,0,1,0.872975948786018
"19347","1325","Ec_N",323,27,27,"Ec",24,1,1,1,0,1,0.872975948786018
"19348","1325","Ec_N",323,28,28,"Ec",24,1,1,1,0,1,0.872975948786018
"19349","1325","Ec_N",323,29,29,"Ec",8,1,1,1,0,0,0.887289570804412
"19350","1325","Ec_N",323,30,30,"Ec",8,1,1,1,0,0,0.887289570804412
"19351","1325","Ec_N",323,31,31,"Ec",8,1,1,1,0,0,0.887289570804412
"19352","1325","Ec_N",323,32,32,"Ec",8,1,1,1,0,0,0.887289570804412
"19353","1325","Ec_N",323,33,33,"Ec",8,1,1,1,0,0,0.887289570804412
"19354","1325","Ec_N",323,34,34,"Ec",8,1,1,1,0,0,0.887289570804412
"19355","1325","Ec_N",323,35,35,"Ec",8,1,1,1,0,0,0.887289570804412
"19356","1325","Ec_N",323,36,36,"Ec",8,1,1,1,0,0,0.887289570804412
"19357","1325","Ec_N",323,37,37,"Ec",8,1,1,1,0,0,0.887289570804412
"19358","1325","Ec_N",323,38,38,"Ec",16,1,1,1,1,0,0.93631405476465
"19359","1325","Ec_N",323,39,39,"Ec",32,1,1,1,1,1,1
"19360","1325","Ec_N",323,40,40,"Ec",32,1,1,1,1,1,1
"19361","1325","Ec_N",323,41,41,"Ec",32,1,1,1,1,1,1
"19362","1325","Ec_N",323,42,42,"Ec",32,1,1,1,1,1,1
"19363","1325","Ec_N",323,43,43,"Ec",32,1,1,1,1,1,1
"19364","1325","Ec_N",323,44,44,"Ec",32,1,1,1,1,1,1
"19365","1325","Ec_N",323,45,45,"Ec",32,1,1,1,1,1,1
"19366","1325","Ec_N",323,46,46,"Ec",32,1,1,1,1,1,1
"19367","1325","Ec_N",323,47,47,"Ec",32,1,1,1,1,1,1
"19368","1325","Ec_N",323,48,48,"Ec",32,1,1,1,1,1,1
"19369","1325","Ec_N",323,49,49,"Ec",32,1,1,1,1,1,1
"19370","1325","Ec_N",323,50,50,"Ec",32,1,1,1,1,1,1
"19371","1325","Ec_N",323,51,51,"Ec",32,1,1,1,1,1,1
"19372","1325","Ec_N",323,52,52,"Ec",32,1,1,1,1,1,1
"19373","1325","Ec_N",323,53,53,"Ec",32,1,1,1,1,1,1
"19374","1325","Ec_N",323,54,54,"Ec",32,1,1,1,1,1,1
"19375","1325","Ec_N",323,55,55,"Ec",32,1,1,1,1,1,1
"19376","1325","Ec_N",323,56,56,"Ec",32,1,1,1,1,1,1
"19377","1325","Ec_N",323,57,57,"Ec",32,1,1,1,1,1,1
"19378","1325","Ec_N",323,58,58,"Ec",32,1,1,1,1,1,1
"19379","1325","Ec_N",323,59,59,"Ec",32,1,1,1,1,1,1
"19380","1325","Ec_N",323,60,60,"Ec",32,1,1,1,1,1,1
"19381","1325","Ec_N",324,1,1,"Ec",1,0,0,0,0,0,0
"19382","1325","Ec_N",324,2,2,"Ec",1,0,0,0,0,0,0
"19383","1325","Ec_N",324,3,3,"Ec",1,0,0,0,0,0,0
"19384","1325","Ec_N",324,4,4,"Ec",1,0,0,0,0,0,0
"19385","1325","Ec_N",324,5,5,"Ec",1,0,0,0,0,0,0
"19386","1325","Ec_N",324,6,6,"Ec",1,0,0,0,0,0,0
"19387","1325","Ec_N",324,7,7,"Ec",1,0,0,0,0,0,0
"19388","1325","Ec_N",324,8,8,"Ec",1,0,0,0,0,0,0
"19389","1325","Ec_N",324,9,9,"Ec",1,0,0,0,0,0,0
"19390","1325","Ec_N",324,10,10,"Ec",1,0,0,0,0,0,0
"19391","1325","Ec_N",324,11,11,"Ec",1,0,0,0,0,0,0
"19392","1325","Ec_N",324,12,12,"Ec",1,0,0,0,0,0,0
"19393","1325","Ec_N",324,13,13,"Ec",9,0,0,0,1,0,0.0490244839602376
"19394","1325","Ec_N",324,14,14,"Ec",9,0,0,0,1,0,0.0490244839602376
"19395","1325","Ec_N",324,15,15,"Ec",9,0,0,0,1,0,0.0490244839602376
"19396","1325","Ec_N",324,16,16,"Ec",25,0,0,0,1,1,0.112710429195588
"19397","1325","Ec_N",324,17,17,"Ec",25,0,0,0,1,1,0.112710429195588
"19398","1325","Ec_N",324,18,18,"Ec",25,0,0,0,1,1,0.112710429195588
"19399","1325","Ec_N",324,19,19,"Ec",25,0,0,0,1,1,0.112710429195588
"19400","1325","Ec_N",324,20,20,"Ec",29,0,0,1,1,1,0.272339457647783
"19401","1325","Ec_N",324,21,21,"Ec",29,0,0,1,1,1,0.272339457647783
"19402","1325","Ec_N",324,22,22,"Ec",29,0,0,1,1,1,0.272339457647783
"19403","1325","Ec_N",324,23,23,"Ec",29,0,0,1,1,1,0.272339457647783
"19404","1325","Ec_N",324,24,24,"Ec",29,0,0,1,1,1,0.272339457647783
"19405","1325","Ec_N",324,25,25,"Ec",29,0,0,1,1,1,0.272339457647783
"19406","1325","Ec_N",324,26,26,"Ec",29,0,0,1,1,1,0.272339457647783
"19407","1325","Ec_N",324,27,27,"Ec",31,0,1,1,1,1,0.6927777538956
"19408","1325","Ec_N",324,28,28,"Ec",31,0,1,1,1,1,0.6927777538956
"19409","1325","Ec_N",324,29,29,"Ec",31,0,1,1,1,1,0.6927777538956
"19410","1325","Ec_N",324,30,30,"Ec",31,0,1,1,1,1,0.6927777538956
"19411","1325","Ec_N",324,31,31,"Ec",31,0,1,1,1,1,0.6927777538956
"19412","1325","Ec_N",324,32,32,"Ec",32,1,1,1,1,1,1
"19413","1325","Ec_N",324,33,33,"Ec",32,1,1,1,1,1,1
"19414","1325","Ec_N",324,34,34,"Ec",32,1,1,1,1,1,1
"19415","1325","Ec_N",324,35,35,"Ec",32,1,1,1,1,1,1
"19416","1325","Ec_N",324,36,36,"Ec",32,1,1,1,1,1,1
"19417","1325","Ec_N",324,37,37,"Ec",32,1,1,1,1,1,1
"19418","1325","Ec_N",324,38,38,"Ec",32,1,1,1,1,1,1
"19419","1325","Ec_N",324,39,39,"Ec",32,1,1,1,1,1,1
"19420","1325","Ec_N",324,40,40,"Ec",32,1,1,1,1,1,1
"19421","1325","Ec_N",324,41,41,"Ec",32,1,1,1,1,1,1
"19422","1325","Ec_N",324,42,42,"Ec",32,1,1,1,1,1,1
"19423","1325","Ec_N",324,43,43,"Ec",32,1,1,1,1,1,1
"19424","1325","Ec_N",324,44,44,"Ec",32,1,1,1,1,1,1
"19425","1325","Ec_N",324,45,45,"Ec",32,1,1,1,1,1,1
"19426","1325","Ec_N",324,46,46,"Ec",32,1,1,1,1,1,1
"19427","1325","Ec_N",324,47,47,"Ec",32,1,1,1,1,1,1
"19428","1325","Ec_N",324,48,48,"Ec",32,1,1,1,1,1,1
"19429","1325","Ec_N",324,49,49,"Ec",32,1,1,1,1,1,1
"19430","1325","Ec_N",324,50,50,"Ec",32,1,1,1,1,1,1
"19431","1325","Ec_N",324,51,51,"Ec",32,1,1,1,1,1,1
"19432","1325","Ec_N",324,52,52,"Ec",32,1,1,1,1,1,1
"19433","1325","Ec_N",324,53,53,"Ec",32,1,1,1,1,1,1
"19434","1325","Ec_N",324,54,54,"Ec",32,1,1,1,1,1,1
"19435","1325","Ec_N",324,55,55,"Ec",32,1,1,1,1,1,1
"19436","1325","Ec_N",324,56,56,"Ec",32,1,1,1,1,1,1
"19437","1325","Ec_N",324,57,57,"Ec",32,1,1,1,1,1,1
"19438","1325","Ec_N",324,58,58,"Ec",32,1,1,1,1,1,1
"19439","1325","Ec_N",324,59,59,"Ec",32,1,1,1,1,1,1
"19440","1325","Ec_N",324,60,60,"Ec",32,1,1,1,1,1,1
"19441","1325","Ec_N",325,1,1,"Ec",1,0,0,0,0,0,0
"19442","1325","Ec_N",325,2,2,"Ec",1,0,0,0,0,0,0
"19443","1325","Ec_N",325,3,3,"Ec",1,0,0,0,0,0,0
"19444","1325","Ec_N",325,4,4,"Ec",1,0,0,0,0,0,0
"19445","1325","Ec_N",325,5,5,"Ec",1,0,0,0,0,0,0
"19446","1325","Ec_N",325,6,6,"Ec",1,0,0,0,0,0,0
"19447","1325","Ec_N",325,7,7,"Ec",1,0,0,0,0,0,0
"19448","1325","Ec_N",325,8,8,"Ec",1,0,0,0,0,0,0
"19449","1325","Ec_N",325,9,9,"Ec",1,0,0,0,0,0,0
"19450","1325","Ec_N",325,10,10,"Ec",1,0,0,0,0,0,0
"19451","1325","Ec_N",325,11,11,"Ec",1,0,0,0,0,0,0
"19452","1325","Ec_N",325,12,12,"Ec",9,0,0,0,1,0,0.0490244839602376
"19453","1325","Ec_N",325,13,13,"Ec",9,0,0,0,1,0,0.0490244839602376
"19454","1325","Ec_N",325,14,14,"Ec",9,0,0,0,1,0,0.0490244839602376
"19455","1325","Ec_N",325,15,15,"Ec",9,0,0,0,1,0,0.0490244839602376
"19456","1325","Ec_N",325,16,16,"Ec",9,0,0,0,1,0,0.0490244839602376
"19457","1325","Ec_N",325,17,17,"Ec",9,0,0,0,1,0,0.0490244839602376
"19458","1325","Ec_N",325,18,18,"Ec",9,0,0,0,1,0,0.0490244839602376
"19459","1325","Ec_N",325,19,19,"Ec",9,0,0,0,1,0,0.0490244839602376
"19460","1325","Ec_N",325,20,20,"Ec",9,0,0,0,1,0,0.0490244839602376
"19461","1325","Ec_N",325,21,21,"Ec",9,0,0,0,1,0,0.0490244839602376
"19462","1325","Ec_N",325,22,22,"Ec",9,0,0,0,1,0,0.0490244839602376
"19463","1325","Ec_N",325,23,23,"Ec",9,0,0,0,1,0,0.0490244839602376
"19464","1325","Ec_N",325,24,24,"Ec",9,0,0,0,1,0,0.0490244839602376
"19465","1325","Ec_N",325,25,25,"Ec",9,0,0,0,1,0,0.0490244839602376
"19466","1325","Ec_N",325,26,26,"Ec",11,0,1,0,1,0,0.503461616060769
"19467","1325","Ec_N",325,27,27,"Ec",15,0,1,1,1,0,0.62909180866025
"19468","1325","Ec_N",325,28,28,"Ec",31,0,1,1,1,1,0.6927777538956
"19469","1325","Ec_N",325,29,29,"Ec",31,0,1,1,1,1,0.6927777538956
"19470","1325","Ec_N",325,30,30,"Ec",31,0,1,1,1,1,0.6927777538956
"19471","1325","Ec_N",325,31,31,"Ec",31,0,1,1,1,1,0.6927777538956
"19472","1325","Ec_N",325,32,32,"Ec",31,0,1,1,1,1,0.6927777538956
"19473","1325","Ec_N",325,33,33,"Ec",31,0,1,1,1,1,0.6927777538956
"19474","1325","Ec_N",325,34,34,"Ec",32,1,1,1,1,1,1
"19475","1325","Ec_N",325,35,35,"Ec",32,1,1,1,1,1,1
"19476","1325","Ec_N",325,36,36,"Ec",32,1,1,1,1,1,1
"19477","1325","Ec_N",325,37,37,"Ec",32,1,1,1,1,1,1
"19478","1325","Ec_N",325,38,38,"Ec",32,1,1,1,1,1,1
"19479","1325","Ec_N",325,39,39,"Ec",32,1,1,1,1,1,1
"19480","1325","Ec_N",325,40,40,"Ec",32,1,1,1,1,1,1
"19481","1325","Ec_N",325,41,41,"Ec",32,1,1,1,1,1,1
"19482","1325","Ec_N",325,42,42,"Ec",32,1,1,1,1,1,1
"19483","1325","Ec_N",325,43,43,"Ec",32,1,1,1,1,1,1
"19484","1325","Ec_N",325,44,44,"Ec",32,1,1,1,1,1,1
"19485","1325","Ec_N",325,45,45,"Ec",32,1,1,1,1,1,1
"19486","1325","Ec_N",325,46,46,"Ec",32,1,1,1,1,1,1
"19487","1325","Ec_N",325,47,47,"Ec",32,1,1,1,1,1,1
"19488","1325","Ec_N",325,48,48,"Ec",32,1,1,1,1,1,1
"19489","1325","Ec_N",325,49,49,"Ec",32,1,1,1,1,1,1
"19490","1325","Ec_N",325,50,50,"Ec",32,1,1,1,1,1,1
"19491","1325","Ec_N",325,51,51,"Ec",32,1,1,1,1,1,1
"19492","1325","Ec_N",325,52,52,"Ec",32,1,1,1,1,1,1
"19493","1325","Ec_N",325,53,53,"Ec",32,1,1,1,1,1,1
"19494","1325","Ec_N",325,54,54,"Ec",32,1,1,1,1,1,1
"19495","1325","Ec_N",325,55,55,"Ec",32,1,1,1,1,1,1
"19496","1325","Ec_N",325,56,56,"Ec",32,1,1,1,1,1,1
"19497","1325","Ec_N",325,57,57,"Ec",32,1,1,1,1,1,1
"19498","1325","Ec_N",325,58,58,"Ec",32,1,1,1,1,1,1
"19499","1325","Ec_N",325,59,59,"Ec",32,1,1,1,1,1,1
"19500","1325","Ec_N",325,60,60,"Ec",32,1,1,1,1,1,1
"19501","1325","Ec_N",326,1,1,"Ec",1,0,0,0,0,0,0
"19502","1325","Ec_N",326,2,2,"Ec",1,0,0,0,0,0,0
"19503","1325","Ec_N",326,3,3,"Ec",1,0,0,0,0,0,0
"19504","1325","Ec_N",326,4,4,"Ec",1,0,0,0,0,0,0
"19505","1325","Ec_N",326,5,5,"Ec",17,0,0,0,0,1,0.0636859452353503
"19506","1325","Ec_N",326,6,6,"Ec",17,0,0,0,0,1,0.0636859452353503
"19507","1325","Ec_N",326,7,7,"Ec",17,0,0,0,0,1,0.0636859452353503
"19508","1325","Ec_N",326,8,8,"Ec",17,0,0,0,0,1,0.0636859452353503
"19509","1325","Ec_N",326,9,9,"Ec",17,0,0,0,0,1,0.0636859452353503
"19510","1325","Ec_N",326,10,10,"Ec",17,0,0,0,0,1,0.0636859452353503
"19511","1325","Ec_N",326,11,11,"Ec",25,0,0,0,1,1,0.112710429195588
"19512","1325","Ec_N",326,12,12,"Ec",25,0,0,0,1,1,0.112710429195588
"19513","1325","Ec_N",326,13,13,"Ec",25,0,0,0,1,1,0.112710429195588
"19514","1325","Ec_N",326,14,14,"Ec",26,1,0,0,1,1,0.419932675299988
"19515","1325","Ec_N",326,15,15,"Ec",26,1,0,0,1,1,0.419932675299988
"19516","1325","Ec_N",326,16,16,"Ec",26,1,0,0,1,1,0.419932675299988
"19517","1325","Ec_N",326,17,17,"Ec",26,1,0,0,1,1,0.419932675299988
"19518","1325","Ec_N",326,18,18,"Ec",26,1,0,0,1,1,0.419932675299988
"19519","1325","Ec_N",326,19,19,"Ec",26,1,0,0,1,1,0.419932675299988
"19520","1325","Ec_N",326,20,20,"Ec",26,1,0,0,1,1,0.419932675299988
"19521","1325","Ec_N",326,21,21,"Ec",28,1,1,0,1,1,0.815884725734249
"19522","1325","Ec_N",326,22,22,"Ec",28,1,1,0,1,1,0.815884725734249
"19523","1325","Ec_N",326,23,23,"Ec",28,1,1,0,1,1,0.815884725734249
"19524","1325","Ec_N",326,24,24,"Ec",28,1,1,0,1,1,0.815884725734249
"19525","1325","Ec_N",326,25,25,"Ec",28,1,1,0,1,1,0.815884725734249
"19526","1325","Ec_N",326,26,26,"Ec",28,1,1,0,1,1,0.815884725734249
"19527","1325","Ec_N",326,27,27,"Ec",28,1,1,0,1,1,0.815884725734249
"19528","1325","Ec_N",326,28,28,"Ec",32,1,1,1,1,1,1
"19529","1325","Ec_N",326,29,29,"Ec",32,1,1,1,1,1,1
"19530","1325","Ec_N",326,30,30,"Ec",32,1,1,1,1,1,1
"19531","1325","Ec_N",326,31,31,"Ec",32,1,1,1,1,1,1
"19532","1325","Ec_N",326,32,32,"Ec",32,1,1,1,1,1,1
"19533","1325","Ec_N",326,33,33,"Ec",32,1,1,1,1,1,1
"19534","1325","Ec_N",326,34,34,"Ec",32,1,1,1,1,1,1
"19535","1325","Ec_N",326,35,35,"Ec",32,1,1,1,1,1,1
"19536","1325","Ec_N",326,36,36,"Ec",32,1,1,1,1,1,1
"19537","1325","Ec_N",326,37,37,"Ec",32,1,1,1,1,1,1
"19538","1325","Ec_N",326,38,38,"Ec",32,1,1,1,1,1,1
"19539","1325","Ec_N",326,39,39,"Ec",32,1,1,1,1,1,1
"19540","1325","Ec_N",326,40,40,"Ec",32,1,1,1,1,1,1
"19541","1325","Ec_N",326,41,41,"Ec",32,1,1,1,1,1,1
"19542","1325","Ec_N",326,42,42,"Ec",32,1,1,1,1,1,1
"19543","1325","Ec_N",326,43,43,"Ec",32,1,1,1,1,1,1
"19544","1325","Ec_N",326,44,44,"Ec",32,1,1,1,1,1,1
"19545","1325","Ec_N",326,45,45,"Ec",32,1,1,1,1,1,1
"19546","1325","Ec_N",326,46,46,"Ec",32,1,1,1,1,1,1
"19547","1325","Ec_N",326,47,47,"Ec",32,1,1,1,1,1,1
"19548","1325","Ec_N",326,48,48,"Ec",32,1,1,1,1,1,1
"19549","1325","Ec_N",326,49,49,"Ec",32,1,1,1,1,1,1
"19550","1325","Ec_N",326,50,50,"Ec",32,1,1,1,1,1,1
"19551","1325","Ec_N",326,51,51,"Ec",32,1,1,1,1,1,1
"19552","1325","Ec_N",326,52,52,"Ec",32,1,1,1,1,1,1
"19553","1325","Ec_N",326,53,53,"Ec",32,1,1,1,1,1,1
"19554","1325","Ec_N",326,54,54,"Ec",32,1,1,1,1,1,1
"19555","1325","Ec_N",326,55,55,"Ec",32,1,1,1,1,1,1
"19556","1325","Ec_N",326,56,56,"Ec",32,1,1,1,1,1,1
"19557","1325","Ec_N",326,57,57,"Ec",32,1,1,1,1,1,1
"19558","1325","Ec_N",326,58,58,"Ec",32,1,1,1,1,1,1
"19559","1325","Ec_N",326,59,59,"Ec",32,1,1,1,1,1,1
"19560","1325","Ec_N",326,60,60,"Ec",32,1,1,1,1,1,1
"19561","1325","Ec_N",327,1,1,"Ec",1,0,0,0,0,0,0
"19562","1325","Ec_N",327,2,2,"Ec",5,0,0,1,0,0,0.159629028452195
"19563","1325","Ec_N",327,3,3,"Ec",5,0,0,1,0,0,0.159629028452195
"19564","1325","Ec_N",327,4,4,"Ec",6,1,0,1,0,0,0.466851274556594
"19565","1325","Ec_N",327,5,5,"Ec",22,1,0,1,0,1,0.530537219791945
"19566","1325","Ec_N",327,6,6,"Ec",22,1,0,1,0,1,0.530537219791945
"19567","1325","Ec_N",327,7,7,"Ec",22,1,0,1,0,1,0.530537219791945
"19568","1325","Ec_N",327,8,8,"Ec",22,1,0,1,0,1,0.530537219791945
"19569","1325","Ec_N",327,9,9,"Ec",22,1,0,1,0,1,0.530537219791945
"19570","1325","Ec_N",327,10,10,"Ec",24,1,1,1,0,1,0.872975948786018
"19571","1325","Ec_N",327,11,11,"Ec",24,1,1,1,0,1,0.872975948786018
"19572","1325","Ec_N",327,12,12,"Ec",24,1,1,1,0,1,0.872975948786018
"19573","1325","Ec_N",327,13,13,"Ec",24,1,1,1,0,1,0.872975948786018
"19574","1325","Ec_N",327,14,14,"Ec",32,1,1,1,1,1,1
"19575","1325","Ec_N",327,15,15,"Ec",32,1,1,1,1,1,1
"19576","1325","Ec_N",327,16,16,"Ec",32,1,1,1,1,1,1
"19577","1325","Ec_N",327,17,17,"Ec",32,1,1,1,1,1,1
"19578","1325","Ec_N",327,18,18,"Ec",32,1,1,1,1,1,1
"19579","1325","Ec_N",327,19,19,"Ec",32,1,1,1,1,1,1
"19580","1325","Ec_N",327,20,20,"Ec",32,1,1,1,1,1,1
"19581","1325","Ec_N",327,21,21,"Ec",32,1,1,1,1,1,1
"19582","1325","Ec_N",327,22,22,"Ec",32,1,1,1,1,1,1
"19583","1325","Ec_N",327,23,23,"Ec",32,1,1,1,1,1,1
"19584","1325","Ec_N",327,24,24,"Ec",32,1,1,1,1,1,1
"19585","1325","Ec_N",327,25,25,"Ec",32,1,1,1,1,1,1
"19586","1325","Ec_N",327,26,26,"Ec",32,1,1,1,1,1,1
"19587","1325","Ec_N",327,27,27,"Ec",32,1,1,1,1,1,1
"19588","1325","Ec_N",327,28,28,"Ec",32,1,1,1,1,1,1
"19589","1325","Ec_N",327,29,29,"Ec",32,1,1,1,1,1,1
"19590","1325","Ec_N",327,30,30,"Ec",32,1,1,1,1,1,1
"19591","1325","Ec_N",327,31,31,"Ec",32,1,1,1,1,1,1
"19592","1325","Ec_N",327,32,32,"Ec",32,1,1,1,1,1,1
"19593","1325","Ec_N",327,33,33,"Ec",32,1,1,1,1,1,1
"19594","1325","Ec_N",327,34,34,"Ec",32,1,1,1,1,1,1
"19595","1325","Ec_N",327,35,35,"Ec",32,1,1,1,1,1,1
"19596","1325","Ec_N",327,36,36,"Ec",32,1,1,1,1,1,1
"19597","1325","Ec_N",327,37,37,"Ec",32,1,1,1,1,1,1
"19598","1325","Ec_N",327,38,38,"Ec",32,1,1,1,1,1,1
"19599","1325","Ec_N",327,39,39,"Ec",32,1,1,1,1,1,1
"19600","1325","Ec_N",327,40,40,"Ec",32,1,1,1,1,1,1
"19601","1325","Ec_N",327,41,41,"Ec",32,1,1,1,1,1,1
"19602","1325","Ec_N",327,42,42,"Ec",32,1,1,1,1,1,1
"19603","1325","Ec_N",327,43,43,"Ec",32,1,1,1,1,1,1
"19604","1325","Ec_N",327,44,44,"Ec",32,1,1,1,1,1,1
"19605","1325","Ec_N",327,45,45,"Ec",32,1,1,1,1,1,1
"19606","1325","Ec_N",327,46,46,"Ec",32,1,1,1,1,1,1
"19607","1325","Ec_N",327,47,47,"Ec",32,1,1,1,1,1,1
"19608","1325","Ec_N",327,48,48,"Ec",32,1,1,1,1,1,1
"19609","1325","Ec_N",327,49,49,"Ec",32,1,1,1,1,1,1
"19610","1325","Ec_N",327,50,50,"Ec",32,1,1,1,1,1,1
"19611","1325","Ec_N",327,51,51,"Ec",32,1,1,1,1,1,1
"19612","1325","Ec_N",327,52,52,"Ec",32,1,1,1,1,1,1
"19613","1325","Ec_N",327,53,53,"Ec",32,1,1,1,1,1,1
"19614","1325","Ec_N",327,54,54,"Ec",32,1,1,1,1,1,1
"19615","1325","Ec_N",327,55,55,"Ec",32,1,1,1,1,1,1
"19616","1325","Ec_N",327,56,56,"Ec",32,1,1,1,1,1,1
"19617","1325","Ec_N",327,57,57,"Ec",32,1,1,1,1,1,1
"19618","1325","Ec_N",327,58,58,"Ec",32,1,1,1,1,1,1
"19619","1325","Ec_N",327,59,59,"Ec",32,1,1,1,1,1,1
"19620","1325","Ec_N",327,60,60,"Ec",32,1,1,1,1,1,1
"19621","1325","Ec_N",328,1,1,"Ec",1,0,0,0,0,0,0
"19622","1325","Ec_N",328,2,2,"Ec",1,0,0,0,0,0,0
"19623","1325","Ec_N",328,3,3,"Ec",1,0,0,0,0,0,0
"19624","1325","Ec_N",328,4,4,"Ec",1,0,0,0,0,0,0
"19625","1325","Ec_N",328,5,5,"Ec",2,1,0,0,0,0,0.3072222461044
"19626","1325","Ec_N",328,6,6,"Ec",2,1,0,0,0,0,0.3072222461044
"19627","1325","Ec_N",328,7,7,"Ec",2,1,0,0,0,0,0.3072222461044
"19628","1325","Ec_N",328,8,8,"Ec",10,1,0,0,1,0,0.356246730064637
"19629","1325","Ec_N",328,9,9,"Ec",14,1,0,1,1,0,0.479175264165032
"19630","1325","Ec_N",328,10,10,"Ec",16,1,1,1,1,0,0.93631405476465
"19631","1325","Ec_N",328,11,11,"Ec",16,1,1,1,1,0,0.93631405476465
"19632","1325","Ec_N",328,12,12,"Ec",16,1,1,1,1,0,0.93631405476465
"19633","1325","Ec_N",328,13,13,"Ec",16,1,1,1,1,0,0.93631405476465
"19634","1325","Ec_N",328,14,14,"Ec",16,1,1,1,1,0,0.93631405476465
"19635","1325","Ec_N",328,15,15,"Ec",16,1,1,1,1,0,0.93631405476465
"19636","1325","Ec_N",328,16,16,"Ec",16,1,1,1,1,0,0.93631405476465
"19637","1325","Ec_N",328,17,17,"Ec",16,1,1,1,1,0,0.93631405476465
"19638","1325","Ec_N",328,18,18,"Ec",16,1,1,1,1,0,0.93631405476465
"19639","1325","Ec_N",328,19,19,"Ec",16,1,1,1,1,0,0.93631405476465
"19640","1325","Ec_N",328,20,20,"Ec",32,1,1,1,1,1,1
"19641","1325","Ec_N",328,21,21,"Ec",32,1,1,1,1,1,1
"19642","1325","Ec_N",328,22,22,"Ec",32,1,1,1,1,1,1
"19643","1325","Ec_N",328,23,23,"Ec",32,1,1,1,1,1,1
"19644","1325","Ec_N",328,24,24,"Ec",32,1,1,1,1,1,1
"19645","1325","Ec_N",328,25,25,"Ec",32,1,1,1,1,1,1
"19646","1325","Ec_N",328,26,26,"Ec",32,1,1,1,1,1,1
"19647","1325","Ec_N",328,27,27,"Ec",32,1,1,1,1,1,1
"19648","1325","Ec_N",328,28,28,"Ec",32,1,1,1,1,1,1
"19649","1325","Ec_N",328,29,29,"Ec",32,1,1,1,1,1,1
"19650","1325","Ec_N",328,30,30,"Ec",32,1,1,1,1,1,1
"19651","1325","Ec_N",328,31,31,"Ec",32,1,1,1,1,1,1
"19652","1325","Ec_N",328,32,32,"Ec",32,1,1,1,1,1,1
"19653","1325","Ec_N",328,33,33,"Ec",32,1,1,1,1,1,1
"19654","1325","Ec_N",328,34,34,"Ec",32,1,1,1,1,1,1
"19655","1325","Ec_N",328,35,35,"Ec",32,1,1,1,1,1,1
"19656","1325","Ec_N",328,36,36,"Ec",32,1,1,1,1,1,1
"19657","1325","Ec_N",328,37,37,"Ec",32,1,1,1,1,1,1
"19658","1325","Ec_N",328,38,38,"Ec",32,1,1,1,1,1,1
"19659","1325","Ec_N",328,39,39,"Ec",32,1,1,1,1,1,1
"19660","1325","Ec_N",328,40,40,"Ec",32,1,1,1,1,1,1
"19661","1325","Ec_N",328,41,41,"Ec",32,1,1,1,1,1,1
"19662","1325","Ec_N",328,42,42,"Ec",32,1,1,1,1,1,1
"19663","1325","Ec_N",328,43,43,"Ec",32,1,1,1,1,1,1
"19664","1325","Ec_N",328,44,44,"Ec",32,1,1,1,1,1,1
"19665","1325","Ec_N",328,45,45,"Ec",32,1,1,1,1,1,1
"19666","1325","Ec_N",328,46,46,"Ec",32,1,1,1,1,1,1
"19667","1325","Ec_N",328,47,47,"Ec",32,1,1,1,1,1,1
"19668","1325","Ec_N",328,48,48,"Ec",32,1,1,1,1,1,1
"19669","1325","Ec_N",328,49,49,"Ec",32,1,1,1,1,1,1
"19670","1325","Ec_N",328,50,50,"Ec",32,1,1,1,1,1,1
"19671","1325","Ec_N",328,51,51,"Ec",32,1,1,1,1,1,1
"19672","1325","Ec_N",328,52,52,"Ec",32,1,1,1,1,1,1
"19673","1325","Ec_N",328,53,53,"Ec",32,1,1,1,1,1,1
"19674","1325","Ec_N",328,54,54,"Ec",32,1,1,1,1,1,1
"19675","1325","Ec_N",328,55,55,"Ec",32,1,1,1,1,1,1
"19676","1325","Ec_N",328,56,56,"Ec",32,1,1,1,1,1,1
"19677","1325","Ec_N",328,57,57,"Ec",32,1,1,1,1,1,1
"19678","1325","Ec_N",328,58,58,"Ec",32,1,1,1,1,1,1
"19679","1325","Ec_N",328,59,59,"Ec",32,1,1,1,1,1,1
"19680","1325","Ec_N",328,60,60,"Ec",32,1,1,1,1,1,1
"19681","1325","Ec_N",329,1,1,"Ec",1,0,0,0,0,0,0
"19682","1325","Ec_N",329,2,2,"Ec",1,0,0,0,0,0,0
"19683","1325","Ec_N",329,3,3,"Ec",2,1,0,0,0,0,0.3072222461044
"19684","1325","Ec_N",329,4,4,"Ec",2,1,0,0,0,0,0.3072222461044
"19685","1325","Ec_N",329,5,5,"Ec",6,1,0,1,0,0,0.466851274556594
"19686","1325","Ec_N",329,6,6,"Ec",6,1,0,1,0,0,0.466851274556594
"19687","1325","Ec_N",329,7,7,"Ec",6,1,0,1,0,0,0.466851274556594
"19688","1325","Ec_N",329,8,8,"Ec",6,1,0,1,0,0,0.466851274556594
"19689","1325","Ec_N",329,9,9,"Ec",6,1,0,1,0,0,0.466851274556594
"19690","1325","Ec_N",329,10,10,"Ec",6,1,0,1,0,0,0.466851274556594
"19691","1325","Ec_N",329,11,11,"Ec",6,1,0,1,0,0,0.466851274556594
"19692","1325","Ec_N",329,12,12,"Ec",6,1,0,1,0,0,0.466851274556594
"19693","1325","Ec_N",329,13,13,"Ec",6,1,0,1,0,0,0.466851274556594
"19694","1325","Ec_N",329,14,14,"Ec",6,1,0,1,0,0,0.466851274556594
"19695","1325","Ec_N",329,15,15,"Ec",6,1,0,1,0,0,0.466851274556594
"19696","1325","Ec_N",329,16,16,"Ec",6,1,0,1,0,0,0.466851274556594
"19697","1325","Ec_N",329,17,17,"Ec",6,1,0,1,0,0,0.466851274556594
"19698","1325","Ec_N",329,18,18,"Ec",6,1,0,1,0,0,0.466851274556594
"19699","1325","Ec_N",329,19,19,"Ec",6,1,0,1,0,0,0.466851274556594
"19700","1325","Ec_N",329,20,20,"Ec",6,1,0,1,0,0,0.466851274556594
"19701","1325","Ec_N",329,21,21,"Ec",14,1,0,1,1,0,0.479175264165032
"19702","1325","Ec_N",329,22,22,"Ec",16,1,1,1,1,0,0.93631405476465
"19703","1325","Ec_N",329,23,23,"Ec",16,1,1,1,1,0,0.93631405476465
"19704","1325","Ec_N",329,24,24,"Ec",32,1,1,1,1,1,1
"19705","1325","Ec_N",329,25,25,"Ec",32,1,1,1,1,1,1
"19706","1325","Ec_N",329,26,26,"Ec",32,1,1,1,1,1,1
"19707","1325","Ec_N",329,27,27,"Ec",32,1,1,1,1,1,1
"19708","1325","Ec_N",329,28,28,"Ec",32,1,1,1,1,1,1
"19709","1325","Ec_N",329,29,29,"Ec",32,1,1,1,1,1,1
"19710","1325","Ec_N",329,30,30,"Ec",32,1,1,1,1,1,1
"19711","1325","Ec_N",329,31,31,"Ec",32,1,1,1,1,1,1
"19712","1325","Ec_N",329,32,32,"Ec",32,1,1,1,1,1,1
"19713","1325","Ec_N",329,33,33,"Ec",32,1,1,1,1,1,1
"19714","1325","Ec_N",329,34,34,"Ec",32,1,1,1,1,1,1
"19715","1325","Ec_N",329,35,35,"Ec",32,1,1,1,1,1,1
"19716","1325","Ec_N",329,36,36,"Ec",32,1,1,1,1,1,1
"19717","1325","Ec_N",329,37,37,"Ec",32,1,1,1,1,1,1
"19718","1325","Ec_N",329,38,38,"Ec",32,1,1,1,1,1,1
"19719","1325","Ec_N",329,39,39,"Ec",32,1,1,1,1,1,1
"19720","1325","Ec_N",329,40,40,"Ec",32,1,1,1,1,1,1
"19721","1325","Ec_N",329,41,41,"Ec",32,1,1,1,1,1,1
"19722","1325","Ec_N",329,42,42,"Ec",32,1,1,1,1,1,1
"19723","1325","Ec_N",329,43,43,"Ec",32,1,1,1,1,1,1
"19724","1325","Ec_N",329,44,44,"Ec",32,1,1,1,1,1,1
"19725","1325","Ec_N",329,45,45,"Ec",32,1,1,1,1,1,1
"19726","1325","Ec_N",329,46,46,"Ec",32,1,1,1,1,1,1
"19727","1325","Ec_N",329,47,47,"Ec",32,1,1,1,1,1,1
"19728","1325","Ec_N",329,48,48,"Ec",32,1,1,1,1,1,1
"19729","1325","Ec_N",329,49,49,"Ec",32,1,1,1,1,1,1
"19730","1325","Ec_N",329,50,50,"Ec",32,1,1,1,1,1,1
"19731","1325","Ec_N",329,51,51,"Ec",32,1,1,1,1,1,1
"19732","1325","Ec_N",329,52,52,"Ec",32,1,1,1,1,1,1
"19733","1325","Ec_N",329,53,53,"Ec",32,1,1,1,1,1,1
"19734","1325","Ec_N",329,54,54,"Ec",32,1,1,1,1,1,1
"19735","1325","Ec_N",329,55,55,"Ec",32,1,1,1,1,1,1
"19736","1325","Ec_N",329,56,56,"Ec",32,1,1,1,1,1,1
"19737","1325","Ec_N",329,57,57,"Ec",32,1,1,1,1,1,1
"19738","1325","Ec_N",329,58,58,"Ec",32,1,1,1,1,1,1
"19739","1325","Ec_N",329,59,59,"Ec",32,1,1,1,1,1,1
"19740","1325","Ec_N",329,60,60,"Ec",32,1,1,1,1,1,1
"19741","1325","Ec_N",330,1,1,"Ec",1,0,0,0,0,0,0
"19742","1325","Ec_N",330,2,2,"Ec",1,0,0,0,0,0,0
"19743","1325","Ec_N",330,3,3,"Ec",9,0,0,0,1,0,0.0490244839602376
"19744","1325","Ec_N",330,4,4,"Ec",11,0,1,0,1,0,0.503461616060769
"19745","1325","Ec_N",330,5,5,"Ec",11,0,1,0,1,0,0.503461616060769
"19746","1325","Ec_N",330,6,6,"Ec",11,0,1,0,1,0,0.503461616060769
"19747","1325","Ec_N",330,7,7,"Ec",11,0,1,0,1,0,0.503461616060769
"19748","1325","Ec_N",330,8,8,"Ec",11,0,1,0,1,0,0.503461616060769
"19749","1325","Ec_N",330,9,9,"Ec",11,0,1,0,1,0,0.503461616060769
"19750","1325","Ec_N",330,10,10,"Ec",11,0,1,0,1,0,0.503461616060769
"19751","1325","Ec_N",330,11,11,"Ec",11,0,1,0,1,0,0.503461616060769
"19752","1325","Ec_N",330,12,12,"Ec",11,0,1,0,1,0,0.503461616060769
"19753","1325","Ec_N",330,13,13,"Ec",11,0,1,0,1,0,0.503461616060769
"19754","1325","Ec_N",330,14,14,"Ec",15,0,1,1,1,0,0.62909180866025
"19755","1325","Ec_N",330,15,15,"Ec",15,0,1,1,1,0,0.62909180866025
"19756","1325","Ec_N",330,16,16,"Ec",16,1,1,1,1,0,0.93631405476465
"19757","1325","Ec_N",330,17,17,"Ec",16,1,1,1,1,0,0.93631405476465
"19758","1325","Ec_N",330,18,18,"Ec",16,1,1,1,1,0,0.93631405476465
"19759","1325","Ec_N",330,19,19,"Ec",16,1,1,1,1,0,0.93631405476465
"19760","1325","Ec_N",330,20,20,"Ec",16,1,1,1,1,0,0.93631405476465
"19761","1325","Ec_N",330,21,21,"Ec",16,1,1,1,1,0,0.93631405476465
"19762","1325","Ec_N",330,22,22,"Ec",16,1,1,1,1,0,0.93631405476465
"19763","1325","Ec_N",330,23,23,"Ec",16,1,1,1,1,0,0.93631405476465
"19764","1325","Ec_N",330,24,24,"Ec",16,1,1,1,1,0,0.93631405476465
"19765","1325","Ec_N",330,25,25,"Ec",16,1,1,1,1,0,0.93631405476465
"19766","1325","Ec_N",330,26,26,"Ec",16,1,1,1,1,0,0.93631405476465
"19767","1325","Ec_N",330,27,27,"Ec",32,1,1,1,1,1,1
"19768","1325","Ec_N",330,28,28,"Ec",32,1,1,1,1,1,1
"19769","1325","Ec_N",330,29,29,"Ec",32,1,1,1,1,1,1
"19770","1325","Ec_N",330,30,30,"Ec",32,1,1,1,1,1,1
"19771","1325","Ec_N",330,31,31,"Ec",32,1,1,1,1,1,1
"19772","1325","Ec_N",330,32,32,"Ec",32,1,1,1,1,1,1
"19773","1325","Ec_N",330,33,33,"Ec",32,1,1,1,1,1,1
"19774","1325","Ec_N",330,34,34,"Ec",32,1,1,1,1,1,1
"19775","1325","Ec_N",330,35,35,"Ec",32,1,1,1,1,1,1
"19776","1325","Ec_N",330,36,36,"Ec",32,1,1,1,1,1,1
"19777","1325","Ec_N",330,37,37,"Ec",32,1,1,1,1,1,1
"19778","1325","Ec_N",330,38,38,"Ec",32,1,1,1,1,1,1
"19779","1325","Ec_N",330,39,39,"Ec",32,1,1,1,1,1,1
"19780","1325","Ec_N",330,40,40,"Ec",32,1,1,1,1,1,1
"19781","1325","Ec_N",330,41,41,"Ec",32,1,1,1,1,1,1
"19782","1325","Ec_N",330,42,42,"Ec",32,1,1,1,1,1,1
"19783","1325","Ec_N",330,43,43,"Ec",32,1,1,1,1,1,1
"19784","1325","Ec_N",330,44,44,"Ec",32,1,1,1,1,1,1
"19785","1325","Ec_N",330,45,45,"Ec",32,1,1,1,1,1,1
"19786","1325","Ec_N",330,46,46,"Ec",32,1,1,1,1,1,1
"19787","1325","Ec_N",330,47,47,"Ec",32,1,1,1,1,1,1
"19788","1325","Ec_N",330,48,48,"Ec",32,1,1,1,1,1,1
"19789","1325","Ec_N",330,49,49,"Ec",32,1,1,1,1,1,1
"19790","1325","Ec_N",330,50,50,"Ec",32,1,1,1,1,1,1
"19791","1325","Ec_N",330,51,51,"Ec",32,1,1,1,1,1,1
"19792","1325","Ec_N",330,52,52,"Ec",32,1,1,1,1,1,1
"19793","1325","Ec_N",330,53,53,"Ec",32,1,1,1,1,1,1
"19794","1325","Ec_N",330,54,54,"Ec",32,1,1,1,1,1,1
"19795","1325","Ec_N",330,55,55,"Ec",32,1,1,1,1,1,1
"19796","1325","Ec_N",330,56,56,"Ec",32,1,1,1,1,1,1
"19797","1325","Ec_N",330,57,57,"Ec",32,1,1,1,1,1,1
"19798","1325","Ec_N",330,58,58,"Ec",32,1,1,1,1,1,1
"19799","1325","Ec_N",330,59,59,"Ec",32,1,1,1,1,1,1
"19800","1325","Ec_N",330,60,60,"Ec",32,1,1,1,1,1,1
"19801","1325","Ec_N",331,1,1,"Ec",1,0,0,0,0,0,0
"19802","1325","Ec_N",331,2,2,"Ec",1,0,0,0,0,0,0
"19803","1325","Ec_N",331,3,3,"Ec",1,0,0,0,0,0,0
"19804","1325","Ec_N",331,4,4,"Ec",2,1,0,0,0,0,0.3072222461044
"19805","1325","Ec_N",331,5,5,"Ec",2,1,0,0,0,0,0.3072222461044
"19806","1325","Ec_N",331,6,6,"Ec",2,1,0,0,0,0,0.3072222461044
"19807","1325","Ec_N",331,7,7,"Ec",2,1,0,0,0,0,0.3072222461044
"19808","1325","Ec_N",331,8,8,"Ec",2,1,0,0,0,0,0.3072222461044
"19809","1325","Ec_N",331,9,9,"Ec",6,1,0,1,0,0,0.466851274556594
"19810","1325","Ec_N",331,10,10,"Ec",6,1,0,1,0,0,0.466851274556594
"19811","1325","Ec_N",331,11,11,"Ec",6,1,0,1,0,0,0.466851274556594
"19812","1325","Ec_N",331,12,12,"Ec",6,1,0,1,0,0,0.466851274556594
"19813","1325","Ec_N",331,13,13,"Ec",6,1,0,1,0,0,0.466851274556594
"19814","1325","Ec_N",331,14,14,"Ec",6,1,0,1,0,0,0.466851274556594
"19815","1325","Ec_N",331,15,15,"Ec",6,1,0,1,0,0,0.466851274556594
"19816","1325","Ec_N",331,16,16,"Ec",6,1,0,1,0,0,0.466851274556594
"19817","1325","Ec_N",331,17,17,"Ec",6,1,0,1,0,0,0.466851274556594
"19818","1325","Ec_N",331,18,18,"Ec",6,1,0,1,0,0,0.466851274556594
"19819","1325","Ec_N",331,19,19,"Ec",14,1,0,1,1,0,0.479175264165032
"19820","1325","Ec_N",331,20,20,"Ec",14,1,0,1,1,0,0.479175264165032
"19821","1325","Ec_N",331,21,21,"Ec",14,1,0,1,1,0,0.479175264165032
"19822","1325","Ec_N",331,22,22,"Ec",14,1,0,1,1,0,0.479175264165032
"19823","1325","Ec_N",331,23,23,"Ec",14,1,0,1,1,0,0.479175264165032
"19824","1325","Ec_N",331,24,24,"Ec",14,1,0,1,1,0,0.479175264165032
"19825","1325","Ec_N",331,25,25,"Ec",14,1,0,1,1,0,0.479175264165032
"19826","1325","Ec_N",331,26,26,"Ec",14,1,0,1,1,0,0.479175264165032
"19827","1325","Ec_N",331,27,27,"Ec",14,1,0,1,1,0,0.479175264165032
"19828","1325","Ec_N",331,28,28,"Ec",14,1,0,1,1,0,0.479175264165032
"19829","1325","Ec_N",331,29,29,"Ec",30,1,0,1,1,1,0.579561703752182
"19830","1325","Ec_N",331,30,30,"Ec",30,1,0,1,1,1,0.579561703752182
"19831","1325","Ec_N",331,31,31,"Ec",30,1,0,1,1,1,0.579561703752182
"19832","1325","Ec_N",331,32,32,"Ec",30,1,0,1,1,1,0.579561703752182
"19833","1325","Ec_N",331,33,33,"Ec",32,1,1,1,1,1,1
"19834","1325","Ec_N",331,34,34,"Ec",32,1,1,1,1,1,1
"19835","1325","Ec_N",331,35,35,"Ec",32,1,1,1,1,1,1
"19836","1325","Ec_N",331,36,36,"Ec",32,1,1,1,1,1,1
"19837","1325","Ec_N",331,37,37,"Ec",32,1,1,1,1,1,1
"19838","1325","Ec_N",331,38,38,"Ec",32,1,1,1,1,1,1
"19839","1325","Ec_N",331,39,39,"Ec",32,1,1,1,1,1,1
"19840","1325","Ec_N",331,40,40,"Ec",32,1,1,1,1,1,1
"19841","1325","Ec_N",331,41,41,"Ec",32,1,1,1,1,1,1
"19842","1325","Ec_N",331,42,42,"Ec",32,1,1,1,1,1,1
"19843","1325","Ec_N",331,43,43,"Ec",32,1,1,1,1,1,1
"19844","1325","Ec_N",331,44,44,"Ec",32,1,1,1,1,1,1
"19845","1325","Ec_N",331,45,45,"Ec",32,1,1,1,1,1,1
"19846","1325","Ec_N",331,46,46,"Ec",32,1,1,1,1,1,1
"19847","1325","Ec_N",331,47,47,"Ec",32,1,1,1,1,1,1
"19848","1325","Ec_N",331,48,48,"Ec",32,1,1,1,1,1,1
"19849","1325","Ec_N",331,49,49,"Ec",32,1,1,1,1,1,1
"19850","1325","Ec_N",331,50,50,"Ec",32,1,1,1,1,1,1
"19851","1325","Ec_N",331,51,51,"Ec",32,1,1,1,1,1,1
"19852","1325","Ec_N",331,52,52,"Ec",32,1,1,1,1,1,1
"19853","1325","Ec_N",331,53,53,"Ec",32,1,1,1,1,1,1
"19854","1325","Ec_N",331,54,54,"Ec",32,1,1,1,1,1,1
"19855","1325","Ec_N",331,55,55,"Ec",32,1,1,1,1,1,1
"19856","1325","Ec_N",331,56,56,"Ec",32,1,1,1,1,1,1
"19857","1325","Ec_N",331,57,57,"Ec",32,1,1,1,1,1,1
"19858","1325","Ec_N",331,58,58,"Ec",32,1,1,1,1,1,1
"19859","1325","Ec_N",331,59,59,"Ec",32,1,1,1,1,1,1
"19860","1325","Ec_N",331,60,60,"Ec",32,1,1,1,1,1,1
"19861","1325","Ec_N",332,1,1,"Ec",1,0,0,0,0,0,0
"19862","1325","Ec_N",332,2,2,"Ec",1,0,0,0,0,0,0
"19863","1325","Ec_N",332,3,3,"Ec",1,0,0,0,0,0,0
"19864","1325","Ec_N",332,4,4,"Ec",1,0,0,0,0,0,0
"19865","1325","Ec_N",332,5,5,"Ec",1,0,0,0,0,0,0
"19866","1325","Ec_N",332,6,6,"Ec",1,0,0,0,0,0,0
"19867","1325","Ec_N",332,7,7,"Ec",1,0,0,0,0,0,0
"19868","1325","Ec_N",332,8,8,"Ec",1,0,0,0,0,0,0
"19869","1325","Ec_N",332,9,9,"Ec",9,0,0,0,1,0,0.0490244839602376
"19870","1325","Ec_N",332,10,10,"Ec",9,0,0,0,1,0,0.0490244839602376
"19871","1325","Ec_N",332,11,11,"Ec",9,0,0,0,1,0,0.0490244839602376
"19872","1325","Ec_N",332,12,12,"Ec",9,0,0,0,1,0,0.0490244839602376
"19873","1325","Ec_N",332,13,13,"Ec",9,0,0,0,1,0,0.0490244839602376
"19874","1325","Ec_N",332,14,14,"Ec",9,0,0,0,1,0,0.0490244839602376
"19875","1325","Ec_N",332,15,15,"Ec",9,0,0,0,1,0,0.0490244839602376
"19876","1325","Ec_N",332,16,16,"Ec",9,0,0,0,1,0,0.0490244839602376
"19877","1325","Ec_N",332,17,17,"Ec",11,0,1,0,1,0,0.503461616060769
"19878","1325","Ec_N",332,18,18,"Ec",11,0,1,0,1,0,0.503461616060769
"19879","1325","Ec_N",332,19,19,"Ec",11,0,1,0,1,0,0.503461616060769
"19880","1325","Ec_N",332,20,20,"Ec",11,0,1,0,1,0,0.503461616060769
"19881","1325","Ec_N",332,21,21,"Ec",12,1,1,0,1,0,0.776685026312455
"19882","1325","Ec_N",332,22,22,"Ec",28,1,1,0,1,1,0.815884725734249
"19883","1325","Ec_N",332,23,23,"Ec",28,1,1,0,1,1,0.815884725734249
"19884","1325","Ec_N",332,24,24,"Ec",28,1,1,0,1,1,0.815884725734249
"19885","1325","Ec_N",332,25,25,"Ec",28,1,1,0,1,1,0.815884725734249
"19886","1325","Ec_N",332,26,26,"Ec",28,1,1,0,1,1,0.815884725734249
"19887","1325","Ec_N",332,27,27,"Ec",28,1,1,0,1,1,0.815884725734249
"19888","1325","Ec_N",332,28,28,"Ec",28,1,1,0,1,1,0.815884725734249
"19889","1325","Ec_N",332,29,29,"Ec",28,1,1,0,1,1,0.815884725734249
"19890","1325","Ec_N",332,30,30,"Ec",28,1,1,0,1,1,0.815884725734249
"19891","1325","Ec_N",332,31,31,"Ec",28,1,1,0,1,1,0.815884725734249
"19892","1325","Ec_N",332,32,32,"Ec",28,1,1,0,1,1,0.815884725734249
"19893","1325","Ec_N",332,33,33,"Ec",28,1,1,0,1,1,0.815884725734249
"19894","1325","Ec_N",332,34,34,"Ec",28,1,1,0,1,1,0.815884725734249
"19895","1325","Ec_N",332,35,35,"Ec",32,1,1,1,1,1,1
"19896","1325","Ec_N",332,36,36,"Ec",32,1,1,1,1,1,1
"19897","1325","Ec_N",332,37,37,"Ec",32,1,1,1,1,1,1
"19898","1325","Ec_N",332,38,38,"Ec",32,1,1,1,1,1,1
"19899","1325","Ec_N",332,39,39,"Ec",32,1,1,1,1,1,1
"19900","1325","Ec_N",332,40,40,"Ec",32,1,1,1,1,1,1
"19901","1325","Ec_N",332,41,41,"Ec",32,1,1,1,1,1,1
"19902","1325","Ec_N",332,42,42,"Ec",32,1,1,1,1,1,1
"19903","1325","Ec_N",332,43,43,"Ec",32,1,1,1,1,1,1
"19904","1325","Ec_N",332,44,44,"Ec",32,1,1,1,1,1,1
"19905","1325","Ec_N",332,45,45,"Ec",32,1,1,1,1,1,1
"19906","1325","Ec_N",332,46,46,"Ec",32,1,1,1,1,1,1
"19907","1325","Ec_N",332,47,47,"Ec",32,1,1,1,1,1,1
"19908","1325","Ec_N",332,48,48,"Ec",32,1,1,1,1,1,1
"19909","1325","Ec_N",332,49,49,"Ec",32,1,1,1,1,1,1
"19910","1325","Ec_N",332,50,50,"Ec",32,1,1,1,1,1,1
"19911","1325","Ec_N",332,51,51,"Ec",32,1,1,1,1,1,1
"19912","1325","Ec_N",332,52,52,"Ec",32,1,1,1,1,1,1
"19913","1325","Ec_N",332,53,53,"Ec",32,1,1,1,1,1,1
"19914","1325","Ec_N",332,54,54,"Ec",32,1,1,1,1,1,1
"19915","1325","Ec_N",332,55,55,"Ec",32,1,1,1,1,1,1
"19916","1325","Ec_N",332,56,56,"Ec",32,1,1,1,1,1,1
"19917","1325","Ec_N",332,57,57,"Ec",32,1,1,1,1,1,1
"19918","1325","Ec_N",332,58,58,"Ec",32,1,1,1,1,1,1
"19919","1325","Ec_N",332,59,59,"Ec",32,1,1,1,1,1,1
"19920","1325","Ec_N",332,60,60,"Ec",32,1,1,1,1,1,1
"19921","1325","Ec_N",333,1,1,"Ec",1,0,0,0,0,0,0
"19922","1325","Ec_N",333,2,2,"Ec",1,0,0,0,0,0,0
"19923","1325","Ec_N",333,3,3,"Ec",1,0,0,0,0,0,0
"19924","1325","Ec_N",333,4,4,"Ec",1,0,0,0,0,0,0
"19925","1325","Ec_N",333,5,5,"Ec",1,0,0,0,0,0,0
"19926","1325","Ec_N",333,6,6,"Ec",2,1,0,0,0,0,0.3072222461044
"19927","1325","Ec_N",333,7,7,"Ec",2,1,0,0,0,0,0.3072222461044
"19928","1325","Ec_N",333,8,8,"Ec",2,1,0,0,0,0,0.3072222461044
"19929","1325","Ec_N",333,9,9,"Ec",2,1,0,0,0,0,0.3072222461044
"19930","1325","Ec_N",333,10,10,"Ec",2,1,0,0,0,0,0.3072222461044
"19931","1325","Ec_N",333,11,11,"Ec",2,1,0,0,0,0,0.3072222461044
"19932","1325","Ec_N",333,12,12,"Ec",2,1,0,0,0,0,0.3072222461044
"19933","1325","Ec_N",333,13,13,"Ec",2,1,0,0,0,0,0.3072222461044
"19934","1325","Ec_N",333,14,14,"Ec",2,1,0,0,0,0,0.3072222461044
"19935","1325","Ec_N",333,15,15,"Ec",4,1,1,0,0,0,0.727660542352217
"19936","1325","Ec_N",333,16,16,"Ec",4,1,1,0,0,0,0.727660542352217
"19937","1325","Ec_N",333,17,17,"Ec",4,1,1,0,0,0,0.727660542352217
"19938","1325","Ec_N",333,18,18,"Ec",4,1,1,0,0,0,0.727660542352217
"19939","1325","Ec_N",333,19,19,"Ec",4,1,1,0,0,0,0.727660542352217
"19940","1325","Ec_N",333,20,20,"Ec",4,1,1,0,0,0,0.727660542352217
"19941","1325","Ec_N",333,21,21,"Ec",8,1,1,1,0,0,0.887289570804412
"19942","1325","Ec_N",333,22,22,"Ec",8,1,1,1,0,0,0.887289570804412
"19943","1325","Ec_N",333,23,23,"Ec",8,1,1,1,0,0,0.887289570804412
"19944","1325","Ec_N",333,24,24,"Ec",8,1,1,1,0,0,0.887289570804412
"19945","1325","Ec_N",333,25,25,"Ec",8,1,1,1,0,0,0.887289570804412
"19946","1325","Ec_N",333,26,26,"Ec",8,1,1,1,0,0,0.887289570804412
"19947","1325","Ec_N",333,27,27,"Ec",16,1,1,1,1,0,0.93631405476465
"19948","1325","Ec_N",333,28,28,"Ec",16,1,1,1,1,0,0.93631405476465
"19949","1325","Ec_N",333,29,29,"Ec",16,1,1,1,1,0,0.93631405476465
"19950","1325","Ec_N",333,30,30,"Ec",16,1,1,1,1,0,0.93631405476465
"19951","1325","Ec_N",333,31,31,"Ec",16,1,1,1,1,0,0.93631405476465
"19952","1325","Ec_N",333,32,32,"Ec",16,1,1,1,1,0,0.93631405476465
"19953","1325","Ec_N",333,33,33,"Ec",16,1,1,1,1,0,0.93631405476465
"19954","1325","Ec_N",333,34,34,"Ec",32,1,1,1,1,1,1
"19955","1325","Ec_N",333,35,35,"Ec",32,1,1,1,1,1,1
"19956","1325","Ec_N",333,36,36,"Ec",32,1,1,1,1,1,1
"19957","1325","Ec_N",333,37,37,"Ec",32,1,1,1,1,1,1
"19958","1325","Ec_N",333,38,38,"Ec",32,1,1,1,1,1,1
"19959","1325","Ec_N",333,39,39,"Ec",32,1,1,1,1,1,1
"19960","1325","Ec_N",333,40,40,"Ec",32,1,1,1,1,1,1
"19961","1325","Ec_N",333,41,41,"Ec",32,1,1,1,1,1,1
"19962","1325","Ec_N",333,42,42,"Ec",32,1,1,1,1,1,1
"19963","1325","Ec_N",333,43,43,"Ec",32,1,1,1,1,1,1
"19964","1325","Ec_N",333,44,44,"Ec",32,1,1,1,1,1,1
"19965","1325","Ec_N",333,45,45,"Ec",32,1,1,1,1,1,1
"19966","1325","Ec_N",333,46,46,"Ec",32,1,1,1,1,1,1
"19967","1325","Ec_N",333,47,47,"Ec",32,1,1,1,1,1,1
"19968","1325","Ec_N",333,48,48,"Ec",32,1,1,1,1,1,1
"19969","1325","Ec_N",333,49,49,"Ec",32,1,1,1,1,1,1
"19970","1325","Ec_N",333,50,50,"Ec",32,1,1,1,1,1,1
"19971","1325","Ec_N",333,51,51,"Ec",32,1,1,1,1,1,1
"19972","1325","Ec_N",333,52,52,"Ec",32,1,1,1,1,1,1
"19973","1325","Ec_N",333,53,53,"Ec",32,1,1,1,1,1,1
"19974","1325","Ec_N",333,54,54,"Ec",32,1,1,1,1,1,1
"19975","1325","Ec_N",333,55,55,"Ec",32,1,1,1,1,1,1
"19976","1325","Ec_N",333,56,56,"Ec",32,1,1,1,1,1,1
"19977","1325","Ec_N",333,57,57,"Ec",32,1,1,1,1,1,1
"19978","1325","Ec_N",333,58,58,"Ec",32,1,1,1,1,1,1
"19979","1325","Ec_N",333,59,59,"Ec",32,1,1,1,1,1,1
"19980","1325","Ec_N",333,60,60,"Ec",32,1,1,1,1,1,1
"19981","1325","Ec_N",334,1,1,"Ec",1,0,0,0,0,0,0
"19982","1325","Ec_N",334,2,2,"Ec",9,0,0,0,1,0,0.0490244839602376
"19983","1325","Ec_N",334,3,3,"Ec",9,0,0,0,1,0,0.0490244839602376
"19984","1325","Ec_N",334,4,4,"Ec",9,0,0,0,1,0,0.0490244839602376
"19985","1325","Ec_N",334,5,5,"Ec",9,0,0,0,1,0,0.0490244839602376
"19986","1325","Ec_N",334,6,6,"Ec",9,0,0,0,1,0,0.0490244839602376
"19987","1325","Ec_N",334,7,7,"Ec",9,0,0,0,1,0,0.0490244839602376
"19988","1325","Ec_N",334,8,8,"Ec",10,1,0,0,1,0,0.356246730064637
"19989","1325","Ec_N",334,9,9,"Ec",10,1,0,0,1,0,0.356246730064637
"19990","1325","Ec_N",334,10,10,"Ec",10,1,0,0,1,0,0.356246730064637
"19991","1325","Ec_N",334,11,11,"Ec",10,1,0,0,1,0,0.356246730064637
"19992","1325","Ec_N",334,12,12,"Ec",10,1,0,0,1,0,0.356246730064637
"19993","1325","Ec_N",334,13,13,"Ec",10,1,0,0,1,0,0.356246730064637
"19994","1325","Ec_N",334,14,14,"Ec",10,1,0,0,1,0,0.356246730064637
"19995","1325","Ec_N",334,15,15,"Ec",10,1,0,0,1,0,0.356246730064637
"19996","1325","Ec_N",334,16,16,"Ec",10,1,0,0,1,0,0.356246730064637
"19997","1325","Ec_N",334,17,17,"Ec",10,1,0,0,1,0,0.356246730064637
"19998","1325","Ec_N",334,18,18,"Ec",10,1,0,0,1,0,0.356246730064637
"19999","1325","Ec_N",334,19,19,"Ec",10,1,0,0,1,0,0.356246730064637
"20000","1325","Ec_N",334,20,20,"Ec",10,1,0,0,1,0,0.356246730064637
"20001","1325","Ec_N",334,21,21,"Ec",10,1,0,0,1,0,0.356246730064637
"20002","1325","Ec_N",334,22,22,"Ec",10,1,0,0,1,0,0.356246730064637
"20003","1325","Ec_N",334,23,23,"Ec",10,1,0,0,1,0,0.356246730064637
"20004","1325","Ec_N",334,24,24,"Ec",10,1,0,0,1,0,0.356246730064637
"20005","1325","Ec_N",334,25,25,"Ec",10,1,0,0,1,0,0.356246730064637
"20006","1325","Ec_N",334,26,26,"Ec",10,1,0,0,1,0,0.356246730064637
"20007","1325","Ec_N",334,27,27,"Ec",10,1,0,0,1,0,0.356246730064637
"20008","1325","Ec_N",334,28,28,"Ec",26,1,0,0,1,1,0.419932675299988
"20009","1325","Ec_N",334,29,29,"Ec",26,1,0,0,1,1,0.419932675299988
"20010","1325","Ec_N",334,30,30,"Ec",26,1,0,0,1,1,0.419932675299988
"20011","1325","Ec_N",334,31,31,"Ec",26,1,0,0,1,1,0.419932675299988
"20012","1325","Ec_N",334,32,32,"Ec",26,1,0,0,1,1,0.419932675299988
"20013","1325","Ec_N",334,33,33,"Ec",26,1,0,0,1,1,0.419932675299988
"20014","1325","Ec_N",334,34,34,"Ec",26,1,0,0,1,1,0.419932675299988
"20015","1325","Ec_N",334,35,35,"Ec",26,1,0,0,1,1,0.419932675299988
"20016","1325","Ec_N",334,36,36,"Ec",26,1,0,0,1,1,0.419932675299988
"20017","1325","Ec_N",334,37,37,"Ec",26,1,0,0,1,1,0.419932675299988
"20018","1325","Ec_N",334,38,38,"Ec",26,1,0,0,1,1,0.419932675299988
"20019","1325","Ec_N",334,39,39,"Ec",26,1,0,0,1,1,0.419932675299988
"20020","1325","Ec_N",334,40,40,"Ec",26,1,0,0,1,1,0.419932675299988
"20021","1325","Ec_N",334,41,41,"Ec",26,1,0,0,1,1,0.419932675299988
"20022","1325","Ec_N",334,42,42,"Ec",26,1,0,0,1,1,0.419932675299988
"20023","1325","Ec_N",334,43,43,"Ec",26,1,0,0,1,1,0.419932675299988
"20024","1325","Ec_N",334,44,44,"Ec",26,1,0,0,1,1,0.419932675299988
"20025","1325","Ec_N",334,45,45,"Ec",26,1,0,0,1,1,0.419932675299988
"20026","1325","Ec_N",334,46,46,"Ec",26,1,0,0,1,1,0.419932675299988
"20027","1325","Ec_N",334,47,47,"Ec",26,1,0,0,1,1,0.419932675299988
"20028","1325","Ec_N",334,48,48,"Ec",26,1,0,0,1,1,0.419932675299988
"20029","1325","Ec_N",334,49,49,"Ec",26,1,0,0,1,1,0.419932675299988
"20030","1325","Ec_N",334,50,50,"Ec",26,1,0,0,1,1,0.419932675299988
"20031","1325","Ec_N",334,51,51,"Ec",26,1,0,0,1,1,0.419932675299988
"20032","1325","Ec_N",334,52,52,"Ec",26,1,0,0,1,1,0.419932675299988
"20033","1325","Ec_N",334,53,53,"Ec",26,1,0,0,1,1,0.419932675299988
"20034","1325","Ec_N",334,54,54,"Ec",26,1,0,0,1,1,0.419932675299988
"20035","1325","Ec_N",334,55,55,"Ec",26,1,0,0,1,1,0.419932675299988
"20036","1325","Ec_N",334,56,56,"Ec",26,1,0,0,1,1,0.419932675299988
"20037","1325","Ec_N",334,57,57,"Ec",30,1,0,1,1,1,0.579561703752182
"20038","1325","Ec_N",334,58,58,"Ec",30,1,0,1,1,1,0.579561703752182
"20039","1325","Ec_N",334,59,59,"Ec",32,1,1,1,1,1,1
"20040","1325","Ec_N",334,60,60,"Ec",32,1,1,1,1,1,1
"20041","1325","Ec_N",335,1,1,"Ec",1,0,0,0,0,0,0
"20042","1325","Ec_N",335,2,2,"Ec",1,0,0,0,0,0,0
"20043","1325","Ec_N",335,3,3,"Ec",3,0,1,0,0,0,0.420438296247818
"20044","1325","Ec_N",335,4,4,"Ec",4,1,1,0,0,0,0.727660542352217
"20045","1325","Ec_N",335,5,5,"Ec",4,1,1,0,0,0,0.727660542352217
"20046","1325","Ec_N",335,6,6,"Ec",4,1,1,0,0,0,0.727660542352217
"20047","1325","Ec_N",335,7,7,"Ec",4,1,1,0,0,0,0.727660542352217
"20048","1325","Ec_N",335,8,8,"Ec",4,1,1,0,0,0,0.727660542352217
"20049","1325","Ec_N",335,9,9,"Ec",4,1,1,0,0,0,0.727660542352217
"20050","1325","Ec_N",335,10,10,"Ec",4,1,1,0,0,0,0.727660542352217
"20051","1325","Ec_N",335,11,11,"Ec",4,1,1,0,0,0,0.727660542352217
"20052","1325","Ec_N",335,12,12,"Ec",4,1,1,0,0,0,0.727660542352217
"20053","1325","Ec_N",335,13,13,"Ec",20,1,1,0,0,1,0.791346487587567
"20054","1325","Ec_N",335,14,14,"Ec",20,1,1,0,0,1,0.791346487587567
"20055","1325","Ec_N",335,15,15,"Ec",20,1,1,0,0,1,0.791346487587567
"20056","1325","Ec_N",335,16,16,"Ec",28,1,1,0,1,1,0.815884725734249
"20057","1325","Ec_N",335,17,17,"Ec",28,1,1,0,1,1,0.815884725734249
"20058","1325","Ec_N",335,18,18,"Ec",28,1,1,0,1,1,0.815884725734249
"20059","1325","Ec_N",335,19,19,"Ec",28,1,1,0,1,1,0.815884725734249
"20060","1325","Ec_N",335,20,20,"Ec",28,1,1,0,1,1,0.815884725734249
"20061","1325","Ec_N",335,21,21,"Ec",28,1,1,0,1,1,0.815884725734249
"20062","1325","Ec_N",335,22,22,"Ec",28,1,1,0,1,1,0.815884725734249
"20063","1325","Ec_N",335,23,23,"Ec",28,1,1,0,1,1,0.815884725734249
"20064","1325","Ec_N",335,24,24,"Ec",28,1,1,0,1,1,0.815884725734249
"20065","1325","Ec_N",335,25,25,"Ec",28,1,1,0,1,1,0.815884725734249
"20066","1325","Ec_N",335,26,26,"Ec",28,1,1,0,1,1,0.815884725734249
"20067","1325","Ec_N",335,27,27,"Ec",28,1,1,0,1,1,0.815884725734249
"20068","1325","Ec_N",335,28,28,"Ec",28,1,1,0,1,1,0.815884725734249
"20069","1325","Ec_N",335,29,29,"Ec",28,1,1,0,1,1,0.815884725734249
"20070","1325","Ec_N",335,30,30,"Ec",28,1,1,0,1,1,0.815884725734249
"20071","1325","Ec_N",335,31,31,"Ec",28,1,1,0,1,1,0.815884725734249
"20072","1325","Ec_N",335,32,32,"Ec",28,1,1,0,1,1,0.815884725734249
"20073","1325","Ec_N",335,33,33,"Ec",28,1,1,0,1,1,0.815884725734249
"20074","1325","Ec_N",335,34,34,"Ec",28,1,1,0,1,1,0.815884725734249
"20075","1325","Ec_N",335,35,35,"Ec",28,1,1,0,1,1,0.815884725734249
"20076","1325","Ec_N",335,36,36,"Ec",28,1,1,0,1,1,0.815884725734249
"20077","1325","Ec_N",335,37,37,"Ec",28,1,1,0,1,1,0.815884725734249
"20078","1325","Ec_N",335,38,38,"Ec",28,1,1,0,1,1,0.815884725734249
"20079","1325","Ec_N",335,39,39,"Ec",28,1,1,0,1,1,0.815884725734249
"20080","1325","Ec_N",335,40,40,"Ec",32,1,1,1,1,1,1
"20081","1325","Ec_N",335,41,41,"Ec",32,1,1,1,1,1,1
"20082","1325","Ec_N",335,42,42,"Ec",32,1,1,1,1,1,1
"20083","1325","Ec_N",335,43,43,"Ec",32,1,1,1,1,1,1
"20084","1325","Ec_N",335,44,44,"Ec",32,1,1,1,1,1,1
"20085","1325","Ec_N",335,45,45,"Ec",32,1,1,1,1,1,1
"20086","1325","Ec_N",335,46,46,"Ec",32,1,1,1,1,1,1
"20087","1325","Ec_N",335,47,47,"Ec",32,1,1,1,1,1,1
"20088","1325","Ec_N",335,48,48,"Ec",32,1,1,1,1,1,1
"20089","1325","Ec_N",335,49,49,"Ec",32,1,1,1,1,1,1
"20090","1325","Ec_N",335,50,50,"Ec",32,1,1,1,1,1,1
"20091","1325","Ec_N",335,51,51,"Ec",32,1,1,1,1,1,1
"20092","1325","Ec_N",335,52,52,"Ec",32,1,1,1,1,1,1
"20093","1325","Ec_N",335,53,53,"Ec",32,1,1,1,1,1,1
"20094","1325","Ec_N",335,54,54,"Ec",32,1,1,1,1,1,1
"20095","1325","Ec_N",335,55,55,"Ec",32,1,1,1,1,1,1
"20096","1325","Ec_N",335,56,56,"Ec",32,1,1,1,1,1,1
"20097","1325","Ec_N",335,57,57,"Ec",32,1,1,1,1,1,1
"20098","1325","Ec_N",335,58,58,"Ec",32,1,1,1,1,1,1
"20099","1325","Ec_N",335,59,59,"Ec",32,1,1,1,1,1,1
"20100","1325","Ec_N",335,60,60,"Ec",32,1,1,1,1,1,1
"20101","1325","Ec_N",336,1,1,"Ec",1,0,0,0,0,0,0
"20102","1325","Ec_N",336,2,2,"Ec",17,0,0,0,0,1,0.0636859452353503
"20103","1325","Ec_N",336,3,3,"Ec",17,0,0,0,0,1,0.0636859452353503
"20104","1325","Ec_N",336,4,4,"Ec",17,0,0,0,0,1,0.0636859452353503
"20105","1325","Ec_N",336,5,5,"Ec",17,0,0,0,0,1,0.0636859452353503
"20106","1325","Ec_N",336,6,6,"Ec",17,0,0,0,0,1,0.0636859452353503
"20107","1325","Ec_N",336,7,7,"Ec",17,0,0,0,0,1,0.0636859452353503
"20108","1325","Ec_N",336,8,8,"Ec",17,0,0,0,0,1,0.0636859452353503
"20109","1325","Ec_N",336,9,9,"Ec",17,0,0,0,0,1,0.0636859452353503
"20110","1325","Ec_N",336,10,10,"Ec",17,0,0,0,0,1,0.0636859452353503
"20111","1325","Ec_N",336,11,11,"Ec",17,0,0,0,0,1,0.0636859452353503
"20112","1325","Ec_N",336,12,12,"Ec",25,0,0,0,1,1,0.112710429195588
"20113","1325","Ec_N",336,13,13,"Ec",25,0,0,0,1,1,0.112710429195588
"20114","1325","Ec_N",336,14,14,"Ec",29,0,0,1,1,1,0.272339457647783
"20115","1325","Ec_N",336,15,15,"Ec",29,0,0,1,1,1,0.272339457647783
"20116","1325","Ec_N",336,16,16,"Ec",29,0,0,1,1,1,0.272339457647783
"20117","1325","Ec_N",336,17,17,"Ec",29,0,0,1,1,1,0.272339457647783
"20118","1325","Ec_N",336,18,18,"Ec",30,1,0,1,1,1,0.579561703752182
"20119","1325","Ec_N",336,19,19,"Ec",30,1,0,1,1,1,0.579561703752182
"20120","1325","Ec_N",336,20,20,"Ec",30,1,0,1,1,1,0.579561703752182
"20121","1325","Ec_N",336,21,21,"Ec",30,1,0,1,1,1,0.579561703752182
"20122","1325","Ec_N",336,22,22,"Ec",30,1,0,1,1,1,0.579561703752182
"20123","1325","Ec_N",336,23,23,"Ec",30,1,0,1,1,1,0.579561703752182
"20124","1325","Ec_N",336,24,24,"Ec",30,1,0,1,1,1,0.579561703752182
"20125","1325","Ec_N",336,25,25,"Ec",30,1,0,1,1,1,0.579561703752182
"20126","1325","Ec_N",336,26,26,"Ec",32,1,1,1,1,1,1
"20127","1325","Ec_N",336,27,27,"Ec",32,1,1,1,1,1,1
"20128","1325","Ec_N",336,28,28,"Ec",32,1,1,1,1,1,1
"20129","1325","Ec_N",336,29,29,"Ec",32,1,1,1,1,1,1
"20130","1325","Ec_N",336,30,30,"Ec",32,1,1,1,1,1,1
"20131","1325","Ec_N",336,31,31,"Ec",32,1,1,1,1,1,1
"20132","1325","Ec_N",336,32,32,"Ec",32,1,1,1,1,1,1
"20133","1325","Ec_N",336,33,33,"Ec",32,1,1,1,1,1,1
"20134","1325","Ec_N",336,34,34,"Ec",32,1,1,1,1,1,1
"20135","1325","Ec_N",336,35,35,"Ec",32,1,1,1,1,1,1
"20136","1325","Ec_N",336,36,36,"Ec",32,1,1,1,1,1,1
"20137","1325","Ec_N",336,37,37,"Ec",32,1,1,1,1,1,1
"20138","1325","Ec_N",336,38,38,"Ec",32,1,1,1,1,1,1
"20139","1325","Ec_N",336,39,39,"Ec",32,1,1,1,1,1,1
"20140","1325","Ec_N",336,40,40,"Ec",32,1,1,1,1,1,1
"20141","1325","Ec_N",336,41,41,"Ec",32,1,1,1,1,1,1
"20142","1325","Ec_N",336,42,42,"Ec",32,1,1,1,1,1,1
"20143","1325","Ec_N",336,43,43,"Ec",32,1,1,1,1,1,1
"20144","1325","Ec_N",336,44,44,"Ec",32,1,1,1,1,1,1
"20145","1325","Ec_N",336,45,45,"Ec",32,1,1,1,1,1,1
"20146","1325","Ec_N",336,46,46,"Ec",32,1,1,1,1,1,1
"20147","1325","Ec_N",336,47,47,"Ec",32,1,1,1,1,1,1
"20148","1325","Ec_N",336,48,48,"Ec",32,1,1,1,1,1,1
"20149","1325","Ec_N",336,49,49,"Ec",32,1,1,1,1,1,1
"20150","1325","Ec_N",336,50,50,"Ec",32,1,1,1,1,1,1
"20151","1325","Ec_N",336,51,51,"Ec",32,1,1,1,1,1,1
"20152","1325","Ec_N",336,52,52,"Ec",32,1,1,1,1,1,1
"20153","1325","Ec_N",336,53,53,"Ec",32,1,1,1,1,1,1
"20154","1325","Ec_N",336,54,54,"Ec",32,1,1,1,1,1,1
"20155","1325","Ec_N",336,55,55,"Ec",32,1,1,1,1,1,1
"20156","1325","Ec_N",336,56,56,"Ec",32,1,1,1,1,1,1
"20157","1325","Ec_N",336,57,57,"Ec",32,1,1,1,1,1,1
"20158","1325","Ec_N",336,58,58,"Ec",32,1,1,1,1,1,1
"20159","1325","Ec_N",336,59,59,"Ec",32,1,1,1,1,1,1
"20160","1325","Ec_N",336,60,60,"Ec",32,1,1,1,1,1,1
"20161","1325","Ec_N",337,1,1,"Ec",1,0,0,0,0,0,0
"20162","1325","Ec_N",337,2,2,"Ec",9,0,0,0,1,0,0.0490244839602376
"20163","1325","Ec_N",337,3,3,"Ec",9,0,0,0,1,0,0.0490244839602376
"20164","1325","Ec_N",337,4,4,"Ec",9,0,0,0,1,0,0.0490244839602376
"20165","1325","Ec_N",337,5,5,"Ec",13,0,0,1,1,0,0.208653512412432
"20166","1325","Ec_N",337,6,6,"Ec",13,0,0,1,1,0,0.208653512412432
"20167","1325","Ec_N",337,7,7,"Ec",29,0,0,1,1,1,0.272339457647783
"20168","1325","Ec_N",337,8,8,"Ec",29,0,0,1,1,1,0.272339457647783
"20169","1325","Ec_N",337,9,9,"Ec",29,0,0,1,1,1,0.272339457647783
"20170","1325","Ec_N",337,10,10,"Ec",29,0,0,1,1,1,0.272339457647783
"20171","1325","Ec_N",337,11,11,"Ec",29,0,0,1,1,1,0.272339457647783
"20172","1325","Ec_N",337,12,12,"Ec",29,0,0,1,1,1,0.272339457647783
"20173","1325","Ec_N",337,13,13,"Ec",31,0,1,1,1,1,0.6927777538956
"20174","1325","Ec_N",337,14,14,"Ec",31,0,1,1,1,1,0.6927777538956
"20175","1325","Ec_N",337,15,15,"Ec",31,0,1,1,1,1,0.6927777538956
"20176","1325","Ec_N",337,16,16,"Ec",31,0,1,1,1,1,0.6927777538956
"20177","1325","Ec_N",337,17,17,"Ec",31,0,1,1,1,1,0.6927777538956
"20178","1325","Ec_N",337,18,18,"Ec",31,0,1,1,1,1,0.6927777538956
"20179","1325","Ec_N",337,19,19,"Ec",31,0,1,1,1,1,0.6927777538956
"20180","1325","Ec_N",337,20,20,"Ec",31,0,1,1,1,1,0.6927777538956
"20181","1325","Ec_N",337,21,21,"Ec",31,0,1,1,1,1,0.6927777538956
"20182","1325","Ec_N",337,22,22,"Ec",31,0,1,1,1,1,0.6927777538956
"20183","1325","Ec_N",337,23,23,"Ec",31,0,1,1,1,1,0.6927777538956
"20184","1325","Ec_N",337,24,24,"Ec",31,0,1,1,1,1,0.6927777538956
"20185","1325","Ec_N",337,25,25,"Ec",31,0,1,1,1,1,0.6927777538956
"20186","1325","Ec_N",337,26,26,"Ec",31,0,1,1,1,1,0.6927777538956
"20187","1325","Ec_N",337,27,27,"Ec",31,0,1,1,1,1,0.6927777538956
"20188","1325","Ec_N",337,28,28,"Ec",31,0,1,1,1,1,0.6927777538956
"20189","1325","Ec_N",337,29,29,"Ec",31,0,1,1,1,1,0.6927777538956
"20190","1325","Ec_N",337,30,30,"Ec",31,0,1,1,1,1,0.6927777538956
"20191","1325","Ec_N",337,31,31,"Ec",31,0,1,1,1,1,0.6927777538956
"20192","1325","Ec_N",337,32,32,"Ec",31,0,1,1,1,1,0.6927777538956
"20193","1325","Ec_N",337,33,33,"Ec",31,0,1,1,1,1,0.6927777538956
"20194","1325","Ec_N",337,34,34,"Ec",31,0,1,1,1,1,0.6927777538956
"20195","1325","Ec_N",337,35,35,"Ec",31,0,1,1,1,1,0.6927777538956
"20196","1325","Ec_N",337,36,36,"Ec",31,0,1,1,1,1,0.6927777538956
"20197","1325","Ec_N",337,37,37,"Ec",31,0,1,1,1,1,0.6927777538956
"20198","1325","Ec_N",337,38,38,"Ec",31,0,1,1,1,1,0.6927777538956
"20199","1325","Ec_N",337,39,39,"Ec",31,0,1,1,1,1,0.6927777538956
"20200","1325","Ec_N",337,40,40,"Ec",31,0,1,1,1,1,0.6927777538956
"20201","1325","Ec_N",337,41,41,"Ec",31,0,1,1,1,1,0.6927777538956
"20202","1325","Ec_N",337,42,42,"Ec",31,0,1,1,1,1,0.6927777538956
"20203","1325","Ec_N",337,43,43,"Ec",31,0,1,1,1,1,0.6927777538956
"20204","1325","Ec_N",337,44,44,"Ec",32,1,1,1,1,1,1
"20205","1325","Ec_N",337,45,45,"Ec",32,1,1,1,1,1,1
"20206","1325","Ec_N",337,46,46,"Ec",32,1,1,1,1,1,1
"20207","1325","Ec_N",337,47,47,"Ec",32,1,1,1,1,1,1
"20208","1325","Ec_N",337,48,48,"Ec",32,1,1,1,1,1,1
"20209","1325","Ec_N",337,49,49,"Ec",32,1,1,1,1,1,1
"20210","1325","Ec_N",337,50,50,"Ec",32,1,1,1,1,1,1
"20211","1325","Ec_N",337,51,51,"Ec",32,1,1,1,1,1,1
"20212","1325","Ec_N",337,52,52,"Ec",32,1,1,1,1,1,1
"20213","1325","Ec_N",337,53,53,"Ec",32,1,1,1,1,1,1
"20214","1325","Ec_N",337,54,54,"Ec",32,1,1,1,1,1,1
"20215","1325","Ec_N",337,55,55,"Ec",32,1,1,1,1,1,1
"20216","1325","Ec_N",337,56,56,"Ec",32,1,1,1,1,1,1
"20217","1325","Ec_N",337,57,57,"Ec",32,1,1,1,1,1,1
"20218","1325","Ec_N",337,58,58,"Ec",32,1,1,1,1,1,1
"20219","1325","Ec_N",337,59,59,"Ec",32,1,1,1,1,1,1
"20220","1325","Ec_N",337,60,60,"Ec",32,1,1,1,1,1,1
"20221","1325","Ec_N",338,1,1,"Ec",1,0,0,0,0,0,0
"20222","1325","Ec_N",338,2,2,"Ec",1,0,0,0,0,0,0
"20223","1325","Ec_N",338,3,3,"Ec",1,0,0,0,0,0,0
"20224","1325","Ec_N",338,4,4,"Ec",1,0,0,0,0,0,0
"20225","1325","Ec_N",338,5,5,"Ec",1,0,0,0,0,0,0
"20226","1325","Ec_N",338,6,6,"Ec",1,0,0,0,0,0,0
"20227","1325","Ec_N",338,7,7,"Ec",1,0,0,0,0,0,0
"20228","1325","Ec_N",338,8,8,"Ec",1,0,0,0,0,0,0
"20229","1325","Ec_N",338,9,9,"Ec",1,0,0,0,0,0,0
"20230","1325","Ec_N",338,10,10,"Ec",1,0,0,0,0,0,0
"20231","1325","Ec_N",338,11,11,"Ec",5,0,0,1,0,0,0.159629028452195
"20232","1325","Ec_N",338,12,12,"Ec",5,0,0,1,0,0,0.159629028452195
"20233","1325","Ec_N",338,13,13,"Ec",7,0,1,1,0,0,0.580067324700012
"20234","1325","Ec_N",338,14,14,"Ec",7,0,1,1,0,0,0.580067324700012
"20235","1325","Ec_N",338,15,15,"Ec",7,0,1,1,0,0,0.580067324700012
"20236","1325","Ec_N",338,16,16,"Ec",7,0,1,1,0,0,0.580067324700012
"20237","1325","Ec_N",338,17,17,"Ec",7,0,1,1,0,0,0.580067324700012
"20238","1325","Ec_N",338,18,18,"Ec",7,0,1,1,0,0,0.580067324700012
"20239","1325","Ec_N",338,19,19,"Ec",7,0,1,1,0,0,0.580067324700012
"20240","1325","Ec_N",338,20,20,"Ec",7,0,1,1,0,0,0.580067324700012
"20241","1325","Ec_N",338,21,21,"Ec",7,0,1,1,0,0,0.580067324700012
"20242","1325","Ec_N",338,22,22,"Ec",7,0,1,1,0,0,0.580067324700012
"20243","1325","Ec_N",338,23,23,"Ec",7,0,1,1,0,0,0.580067324700012
"20244","1325","Ec_N",338,24,24,"Ec",7,0,1,1,0,0,0.580067324700012
"20245","1325","Ec_N",338,25,25,"Ec",7,0,1,1,0,0,0.580067324700012
"20246","1325","Ec_N",338,26,26,"Ec",7,0,1,1,0,0,0.580067324700012
"20247","1325","Ec_N",338,27,27,"Ec",7,0,1,1,0,0,0.580067324700012
"20248","1325","Ec_N",338,28,28,"Ec",7,0,1,1,0,0,0.580067324700012
"20249","1325","Ec_N",338,29,29,"Ec",7,0,1,1,0,0,0.580067324700012
"20250","1325","Ec_N",338,30,30,"Ec",8,1,1,1,0,0,0.887289570804412
"20251","1325","Ec_N",338,31,31,"Ec",8,1,1,1,0,0,0.887289570804412
"20252","1325","Ec_N",338,32,32,"Ec",8,1,1,1,0,0,0.887289570804412
"20253","1325","Ec_N",338,33,33,"Ec",8,1,1,1,0,0,0.887289570804412
"20254","1325","Ec_N",338,34,34,"Ec",8,1,1,1,0,0,0.887289570804412
"20255","1325","Ec_N",338,35,35,"Ec",8,1,1,1,0,0,0.887289570804412
"20256","1325","Ec_N",338,36,36,"Ec",8,1,1,1,0,0,0.887289570804412
"20257","1325","Ec_N",338,37,37,"Ec",8,1,1,1,0,0,0.887289570804412
"20258","1325","Ec_N",338,38,38,"Ec",8,1,1,1,0,0,0.887289570804412
"20259","1325","Ec_N",338,39,39,"Ec",8,1,1,1,0,0,0.887289570804412
"20260","1325","Ec_N",338,40,40,"Ec",8,1,1,1,0,0,0.887289570804412
"20261","1325","Ec_N",338,41,41,"Ec",8,1,1,1,0,0,0.887289570804412
"20262","1325","Ec_N",338,42,42,"Ec",8,1,1,1,0,0,0.887289570804412
"20263","1325","Ec_N",338,43,43,"Ec",8,1,1,1,0,0,0.887289570804412
"20264","1325","Ec_N",338,44,44,"Ec",8,1,1,1,0,0,0.887289570804412
"20265","1325","Ec_N",338,45,45,"Ec",8,1,1,1,0,0,0.887289570804412
"20266","1325","Ec_N",338,46,46,"Ec",16,1,1,1,1,0,0.93631405476465
"20267","1325","Ec_N",338,47,47,"Ec",16,1,1,1,1,0,0.93631405476465
"20268","1325","Ec_N",338,48,48,"Ec",16,1,1,1,1,0,0.93631405476465
"20269","1325","Ec_N",338,49,49,"Ec",16,1,1,1,1,0,0.93631405476465
"20270","1325","Ec_N",338,50,50,"Ec",16,1,1,1,1,0,0.93631405476465
"20271","1325","Ec_N",338,51,51,"Ec",16,1,1,1,1,0,0.93631405476465
"20272","1325","Ec_N",338,52,52,"Ec",16,1,1,1,1,0,0.93631405476465
"20273","1325","Ec_N",338,53,53,"Ec",16,1,1,1,1,0,0.93631405476465
"20274","1325","Ec_N",338,54,54,"Ec",16,1,1,1,1,0,0.93631405476465
"20275","1325","Ec_N",338,55,55,"Ec",16,1,1,1,1,0,0.93631405476465
"20276","1325","Ec_N",338,56,56,"Ec",16,1,1,1,1,0,0.93631405476465
"20277","1325","Ec_N",338,57,57,"Ec",16,1,1,1,1,0,0.93631405476465
"20278","1325","Ec_N",338,58,58,"Ec",16,1,1,1,1,0,0.93631405476465
"20279","1325","Ec_N",338,59,59,"Ec",32,1,1,1,1,1,1
"20280","1325","Ec_N",338,60,60,"Ec",32,1,1,1,1,1,1
"20281","1325","Ec_N",339,1,1,"Ec",1,0,0,0,0,0,0
"20282","1325","Ec_N",339,2,2,"Ec",9,0,0,0,1,0,0.0490244839602376
"20283","1325","Ec_N",339,3,3,"Ec",9,0,0,0,1,0,0.0490244839602376
"20284","1325","Ec_N",339,4,4,"Ec",9,0,0,0,1,0,0.0490244839602376
"20285","1325","Ec_N",339,5,5,"Ec",9,0,0,0,1,0,0.0490244839602376
"20286","1325","Ec_N",339,6,6,"Ec",9,0,0,0,1,0,0.0490244839602376
"20287","1325","Ec_N",339,7,7,"Ec",9,0,0,0,1,0,0.0490244839602376
"20288","1325","Ec_N",339,8,8,"Ec",9,0,0,0,1,0,0.0490244839602376
"20289","1325","Ec_N",339,9,9,"Ec",9,0,0,0,1,0,0.0490244839602376
"20290","1325","Ec_N",339,10,10,"Ec",9,0,0,0,1,0,0.0490244839602376
"20291","1325","Ec_N",339,11,11,"Ec",9,0,0,0,1,0,0.0490244839602376
"20292","1325","Ec_N",339,12,12,"Ec",9,0,0,0,1,0,0.0490244839602376
"20293","1325","Ec_N",339,13,13,"Ec",9,0,0,0,1,0,0.0490244839602376
"20294","1325","Ec_N",339,14,14,"Ec",9,0,0,0,1,0,0.0490244839602376
"20295","1325","Ec_N",339,15,15,"Ec",10,1,0,0,1,0,0.356246730064637
"20296","1325","Ec_N",339,16,16,"Ec",10,1,0,0,1,0,0.356246730064637
"20297","1325","Ec_N",339,17,17,"Ec",10,1,0,0,1,0,0.356246730064637
"20298","1325","Ec_N",339,18,18,"Ec",10,1,0,0,1,0,0.356246730064637
"20299","1325","Ec_N",339,19,19,"Ec",10,1,0,0,1,0,0.356246730064637
"20300","1325","Ec_N",339,20,20,"Ec",10,1,0,0,1,0,0.356246730064637
"20301","1325","Ec_N",339,21,21,"Ec",12,1,1,0,1,0,0.776685026312455
"20302","1325","Ec_N",339,22,22,"Ec",12,1,1,0,1,0,0.776685026312455
"20303","1325","Ec_N",339,23,23,"Ec",12,1,1,0,1,0,0.776685026312455
"20304","1325","Ec_N",339,24,24,"Ec",12,1,1,0,1,0,0.776685026312455
"20305","1325","Ec_N",339,25,25,"Ec",12,1,1,0,1,0,0.776685026312455
"20306","1325","Ec_N",339,26,26,"Ec",12,1,1,0,1,0,0.776685026312455
"20307","1325","Ec_N",339,27,27,"Ec",12,1,1,0,1,0,0.776685026312455
"20308","1325","Ec_N",339,28,28,"Ec",12,1,1,0,1,0,0.776685026312455
"20309","1325","Ec_N",339,29,29,"Ec",12,1,1,0,1,0,0.776685026312455
"20310","1325","Ec_N",339,30,30,"Ec",12,1,1,0,1,0,0.776685026312455
"20311","1325","Ec_N",339,31,31,"Ec",12,1,1,0,1,0,0.776685026312455
"20312","1325","Ec_N",339,32,32,"Ec",12,1,1,0,1,0,0.776685026312455
"20313","1325","Ec_N",339,33,33,"Ec",16,1,1,1,1,0,0.93631405476465
"20314","1325","Ec_N",339,34,34,"Ec",16,1,1,1,1,0,0.93631405476465
"20315","1325","Ec_N",339,35,35,"Ec",16,1,1,1,1,0,0.93631405476465
"20316","1325","Ec_N",339,36,36,"Ec",16,1,1,1,1,0,0.93631405476465
"20317","1325","Ec_N",339,37,37,"Ec",16,1,1,1,1,0,0.93631405476465
"20318","1325","Ec_N",339,38,38,"Ec",16,1,1,1,1,0,0.93631405476465
"20319","1325","Ec_N",339,39,39,"Ec",16,1,1,1,1,0,0.93631405476465
"20320","1325","Ec_N",339,40,40,"Ec",16,1,1,1,1,0,0.93631405476465
"20321","1325","Ec_N",339,41,41,"Ec",16,1,1,1,1,0,0.93631405476465
"20322","1325","Ec_N",339,42,42,"Ec",16,1,1,1,1,0,0.93631405476465
"20323","1325","Ec_N",339,43,43,"Ec",16,1,1,1,1,0,0.93631405476465
"20324","1325","Ec_N",339,44,44,"Ec",16,1,1,1,1,0,0.93631405476465
"20325","1325","Ec_N",339,45,45,"Ec",16,1,1,1,1,0,0.93631405476465
"20326","1325","Ec_N",339,46,46,"Ec",16,1,1,1,1,0,0.93631405476465
"20327","1325","Ec_N",339,47,47,"Ec",32,1,1,1,1,1,1
"20328","1325","Ec_N",339,48,48,"Ec",32,1,1,1,1,1,1
"20329","1325","Ec_N",339,49,49,"Ec",32,1,1,1,1,1,1
"20330","1325","Ec_N",339,50,50,"Ec",32,1,1,1,1,1,1
"20331","1325","Ec_N",339,51,51,"Ec",32,1,1,1,1,1,1
"20332","1325","Ec_N",339,52,52,"Ec",32,1,1,1,1,1,1
"20333","1325","Ec_N",339,53,53,"Ec",32,1,1,1,1,1,1
"20334","1325","Ec_N",339,54,54,"Ec",32,1,1,1,1,1,1
"20335","1325","Ec_N",339,55,55,"Ec",32,1,1,1,1,1,1
"20336","1325","Ec_N",339,56,56,"Ec",32,1,1,1,1,1,1
"20337","1325","Ec_N",339,57,57,"Ec",32,1,1,1,1,1,1
"20338","1325","Ec_N",339,58,58,"Ec",32,1,1,1,1,1,1
"20339","1325","Ec_N",339,59,59,"Ec",32,1,1,1,1,1,1
"20340","1325","Ec_N",339,60,60,"Ec",32,1,1,1,1,1,1
"20341","1325","Ec_N",340,1,1,"Ec",1,0,0,0,0,0,0
"20342","1325","Ec_N",340,2,2,"Ec",1,0,0,0,0,0,0
"20343","1325","Ec_N",340,3,3,"Ec",2,1,0,0,0,0,0.3072222461044
"20344","1325","Ec_N",340,4,4,"Ec",2,1,0,0,0,0,0.3072222461044
"20345","1325","Ec_N",340,5,5,"Ec",2,1,0,0,0,0,0.3072222461044
"20346","1325","Ec_N",340,6,6,"Ec",2,1,0,0,0,0,0.3072222461044
"20347","1325","Ec_N",340,7,7,"Ec",2,1,0,0,0,0,0.3072222461044
"20348","1325","Ec_N",340,8,8,"Ec",2,1,0,0,0,0,0.3072222461044
"20349","1325","Ec_N",340,9,9,"Ec",2,1,0,0,0,0,0.3072222461044
"20350","1325","Ec_N",340,10,10,"Ec",2,1,0,0,0,0,0.3072222461044
"20351","1325","Ec_N",340,11,11,"Ec",2,1,0,0,0,0,0.3072222461044
"20352","1325","Ec_N",340,12,12,"Ec",6,1,0,1,0,0,0.466851274556594
"20353","1325","Ec_N",340,13,13,"Ec",6,1,0,1,0,0,0.466851274556594
"20354","1325","Ec_N",340,14,14,"Ec",6,1,0,1,0,0,0.466851274556594
"20355","1325","Ec_N",340,15,15,"Ec",6,1,0,1,0,0,0.466851274556594
"20356","1325","Ec_N",340,16,16,"Ec",8,1,1,1,0,0,0.887289570804412
"20357","1325","Ec_N",340,17,17,"Ec",16,1,1,1,1,0,0.93631405476465
"20358","1325","Ec_N",340,18,18,"Ec",16,1,1,1,1,0,0.93631405476465
"20359","1325","Ec_N",340,19,19,"Ec",16,1,1,1,1,0,0.93631405476465
"20360","1325","Ec_N",340,20,20,"Ec",16,1,1,1,1,0,0.93631405476465
"20361","1325","Ec_N",340,21,21,"Ec",16,1,1,1,1,0,0.93631405476465
"20362","1325","Ec_N",340,22,22,"Ec",16,1,1,1,1,0,0.93631405476465
"20363","1325","Ec_N",340,23,23,"Ec",16,1,1,1,1,0,0.93631405476465
"20364","1325","Ec_N",340,24,24,"Ec",16,1,1,1,1,0,0.93631405476465
"20365","1325","Ec_N",340,25,25,"Ec",16,1,1,1,1,0,0.93631405476465
"20366","1325","Ec_N",340,26,26,"Ec",16,1,1,1,1,0,0.93631405476465
"20367","1325","Ec_N",340,27,27,"Ec",16,1,1,1,1,0,0.93631405476465
"20368","1325","Ec_N",340,28,28,"Ec",16,1,1,1,1,0,0.93631405476465
"20369","1325","Ec_N",340,29,29,"Ec",16,1,1,1,1,0,0.93631405476465
"20370","1325","Ec_N",340,30,30,"Ec",16,1,1,1,1,0,0.93631405476465
"20371","1325","Ec_N",340,31,31,"Ec",16,1,1,1,1,0,0.93631405476465
"20372","1325","Ec_N",340,32,32,"Ec",16,1,1,1,1,0,0.93631405476465
"20373","1325","Ec_N",340,33,33,"Ec",16,1,1,1,1,0,0.93631405476465
"20374","1325","Ec_N",340,34,34,"Ec",16,1,1,1,1,0,0.93631405476465
"20375","1325","Ec_N",340,35,35,"Ec",16,1,1,1,1,0,0.93631405476465
"20376","1325","Ec_N",340,36,36,"Ec",16,1,1,1,1,0,0.93631405476465
"20377","1325","Ec_N",340,37,37,"Ec",16,1,1,1,1,0,0.93631405476465
"20378","1325","Ec_N",340,38,38,"Ec",16,1,1,1,1,0,0.93631405476465
"20379","1325","Ec_N",340,39,39,"Ec",16,1,1,1,1,0,0.93631405476465
"20380","1325","Ec_N",340,40,40,"Ec",16,1,1,1,1,0,0.93631405476465
"20381","1325","Ec_N",340,41,41,"Ec",16,1,1,1,1,0,0.93631405476465
"20382","1325","Ec_N",340,42,42,"Ec",16,1,1,1,1,0,0.93631405476465
"20383","1325","Ec_N",340,43,43,"Ec",16,1,1,1,1,0,0.93631405476465
"20384","1325","Ec_N",340,44,44,"Ec",16,1,1,1,1,0,0.93631405476465
"20385","1325","Ec_N",340,45,45,"Ec",16,1,1,1,1,0,0.93631405476465
"20386","1325","Ec_N",340,46,46,"Ec",16,1,1,1,1,0,0.93631405476465
"20387","1325","Ec_N",340,47,47,"Ec",16,1,1,1,1,0,0.93631405476465
"20388","1325","Ec_N",340,48,48,"Ec",16,1,1,1,1,0,0.93631405476465
"20389","1325","Ec_N",340,49,49,"Ec",16,1,1,1,1,0,0.93631405476465
"20390","1325","Ec_N",340,50,50,"Ec",16,1,1,1,1,0,0.93631405476465
"20391","1325","Ec_N",340,51,51,"Ec",16,1,1,1,1,0,0.93631405476465
"20392","1325","Ec_N",340,52,52,"Ec",16,1,1,1,1,0,0.93631405476465
"20393","1325","Ec_N",340,53,53,"Ec",16,1,1,1,1,0,0.93631405476465
"20394","1325","Ec_N",340,54,54,"Ec",16,1,1,1,1,0,0.93631405476465
"20395","1325","Ec_N",340,55,55,"Ec",16,1,1,1,1,0,0.93631405476465
"20396","1325","Ec_N",340,56,56,"Ec",16,1,1,1,1,0,0.93631405476465
"20397","1325","Ec_N",340,57,57,"Ec",16,1,1,1,1,0,0.93631405476465
"20398","1325","Ec_N",340,58,58,"Ec",16,1,1,1,1,0,0.93631405476465
"20399","1325","Ec_N",340,59,59,"Ec",16,1,1,1,1,0,0.93631405476465
"20400","1325","Ec_N",340,60,60,"Ec",16,1,1,1,1,0,0.93631405476465
"20401","1325","Ec_N",341,1,1,"Ec",1,0,0,0,0,0,0
"20402","1325","Ec_N",341,2,2,"Ec",1,0,0,0,0,0,0
"20403","1325","Ec_N",341,3,3,"Ec",1,0,0,0,0,0,0
"20404","1325","Ec_N",341,4,4,"Ec",1,0,0,0,0,0,0
"20405","1325","Ec_N",341,5,5,"Ec",1,0,0,0,0,0,0
"20406","1325","Ec_N",341,6,6,"Ec",1,0,0,0,0,0,0
"20407","1325","Ec_N",341,7,7,"Ec",1,0,0,0,0,0,0
"20408","1325","Ec_N",341,8,8,"Ec",1,0,0,0,0,0,0
"20409","1325","Ec_N",341,9,9,"Ec",9,0,0,0,1,0,0.0490244839602376
"20410","1325","Ec_N",341,10,10,"Ec",13,0,0,1,1,0,0.208653512412432
"20411","1325","Ec_N",341,11,11,"Ec",13,0,0,1,1,0,0.208653512412432
"20412","1325","Ec_N",341,12,12,"Ec",13,0,0,1,1,0,0.208653512412432
"20413","1325","Ec_N",341,13,13,"Ec",13,0,0,1,1,0,0.208653512412432
"20414","1325","Ec_N",341,14,14,"Ec",13,0,0,1,1,0,0.208653512412432
"20415","1325","Ec_N",341,15,15,"Ec",13,0,0,1,1,0,0.208653512412432
"20416","1325","Ec_N",341,16,16,"Ec",13,0,0,1,1,0,0.208653512412432
"20417","1325","Ec_N",341,17,17,"Ec",13,0,0,1,1,0,0.208653512412432
"20418","1325","Ec_N",341,18,18,"Ec",13,0,0,1,1,0,0.208653512412432
"20419","1325","Ec_N",341,19,19,"Ec",13,0,0,1,1,0,0.208653512412432
"20420","1325","Ec_N",341,20,20,"Ec",13,0,0,1,1,0,0.208653512412432
"20421","1325","Ec_N",341,21,21,"Ec",15,0,1,1,1,0,0.62909180866025
"20422","1325","Ec_N",341,22,22,"Ec",31,0,1,1,1,1,0.6927777538956
"20423","1325","Ec_N",341,23,23,"Ec",32,1,1,1,1,1,1
"20424","1325","Ec_N",341,24,24,"Ec",32,1,1,1,1,1,1
"20425","1325","Ec_N",341,25,25,"Ec",32,1,1,1,1,1,1
"20426","1325","Ec_N",341,26,26,"Ec",32,1,1,1,1,1,1
"20427","1325","Ec_N",341,27,27,"Ec",32,1,1,1,1,1,1
"20428","1325","Ec_N",341,28,28,"Ec",32,1,1,1,1,1,1
"20429","1325","Ec_N",341,29,29,"Ec",32,1,1,1,1,1,1
"20430","1325","Ec_N",341,30,30,"Ec",32,1,1,1,1,1,1
"20431","1325","Ec_N",341,31,31,"Ec",32,1,1,1,1,1,1
"20432","1325","Ec_N",341,32,32,"Ec",32,1,1,1,1,1,1
"20433","1325","Ec_N",341,33,33,"Ec",32,1,1,1,1,1,1
"20434","1325","Ec_N",341,34,34,"Ec",32,1,1,1,1,1,1
"20435","1325","Ec_N",341,35,35,"Ec",32,1,1,1,1,1,1
"20436","1325","Ec_N",341,36,36,"Ec",32,1,1,1,1,1,1
"20437","1325","Ec_N",341,37,37,"Ec",32,1,1,1,1,1,1
"20438","1325","Ec_N",341,38,38,"Ec",32,1,1,1,1,1,1
"20439","1325","Ec_N",341,39,39,"Ec",32,1,1,1,1,1,1
"20440","1325","Ec_N",341,40,40,"Ec",32,1,1,1,1,1,1
"20441","1325","Ec_N",341,41,41,"Ec",32,1,1,1,1,1,1
"20442","1325","Ec_N",341,42,42,"Ec",32,1,1,1,1,1,1
"20443","1325","Ec_N",341,43,43,"Ec",32,1,1,1,1,1,1
"20444","1325","Ec_N",341,44,44,"Ec",32,1,1,1,1,1,1
"20445","1325","Ec_N",341,45,45,"Ec",32,1,1,1,1,1,1
"20446","1325","Ec_N",341,46,46,"Ec",32,1,1,1,1,1,1
"20447","1325","Ec_N",341,47,47,"Ec",32,1,1,1,1,1,1
"20448","1325","Ec_N",341,48,48,"Ec",32,1,1,1,1,1,1
"20449","1325","Ec_N",341,49,49,"Ec",32,1,1,1,1,1,1
"20450","1325","Ec_N",341,50,50,"Ec",32,1,1,1,1,1,1
"20451","1325","Ec_N",341,51,51,"Ec",32,1,1,1,1,1,1
"20452","1325","Ec_N",341,52,52,"Ec",32,1,1,1,1,1,1
"20453","1325","Ec_N",341,53,53,"Ec",32,1,1,1,1,1,1
"20454","1325","Ec_N",341,54,54,"Ec",32,1,1,1,1,1,1
"20455","1325","Ec_N",341,55,55,"Ec",32,1,1,1,1,1,1
"20456","1325","Ec_N",341,56,56,"Ec",32,1,1,1,1,1,1
"20457","1325","Ec_N",341,57,57,"Ec",32,1,1,1,1,1,1
"20458","1325","Ec_N",341,58,58,"Ec",32,1,1,1,1,1,1
"20459","1325","Ec_N",341,59,59,"Ec",32,1,1,1,1,1,1
"20460","1325","Ec_N",341,60,60,"Ec",32,1,1,1,1,1,1
"20461","1325","Ec_N",342,1,1,"Ec",1,0,0,0,0,0,0
"20462","1325","Ec_N",342,2,2,"Ec",3,0,1,0,0,0,0.420438296247818
"20463","1325","Ec_N",342,3,3,"Ec",3,0,1,0,0,0,0.420438296247818
"20464","1325","Ec_N",342,4,4,"Ec",3,0,1,0,0,0,0.420438296247818
"20465","1325","Ec_N",342,5,5,"Ec",11,0,1,0,1,0,0.503461616060769
"20466","1325","Ec_N",342,6,6,"Ec",11,0,1,0,1,0,0.503461616060769
"20467","1325","Ec_N",342,7,7,"Ec",12,1,1,0,1,0,0.776685026312455
"20468","1325","Ec_N",342,8,8,"Ec",12,1,1,0,1,0,0.776685026312455
"20469","1325","Ec_N",342,9,9,"Ec",28,1,1,0,1,1,0.815884725734249
"20470","1325","Ec_N",342,10,10,"Ec",28,1,1,0,1,1,0.815884725734249
"20471","1325","Ec_N",342,11,11,"Ec",28,1,1,0,1,1,0.815884725734249
"20472","1325","Ec_N",342,12,12,"Ec",28,1,1,0,1,1,0.815884725734249
"20473","1325","Ec_N",342,13,13,"Ec",28,1,1,0,1,1,0.815884725734249
"20474","1325","Ec_N",342,14,14,"Ec",28,1,1,0,1,1,0.815884725734249
"20475","1325","Ec_N",342,15,15,"Ec",28,1,1,0,1,1,0.815884725734249
"20476","1325","Ec_N",342,16,16,"Ec",28,1,1,0,1,1,0.815884725734249
"20477","1325","Ec_N",342,17,17,"Ec",28,1,1,0,1,1,0.815884725734249
"20478","1325","Ec_N",342,18,18,"Ec",28,1,1,0,1,1,0.815884725734249
"20479","1325","Ec_N",342,19,19,"Ec",28,1,1,0,1,1,0.815884725734249
"20480","1325","Ec_N",342,20,20,"Ec",28,1,1,0,1,1,0.815884725734249
"20481","1325","Ec_N",342,21,21,"Ec",28,1,1,0,1,1,0.815884725734249
"20482","1325","Ec_N",342,22,22,"Ec",28,1,1,0,1,1,0.815884725734249
"20483","1325","Ec_N",342,23,23,"Ec",28,1,1,0,1,1,0.815884725734249
"20484","1325","Ec_N",342,24,24,"Ec",28,1,1,0,1,1,0.815884725734249
"20485","1325","Ec_N",342,25,25,"Ec",28,1,1,0,1,1,0.815884725734249
"20486","1325","Ec_N",342,26,26,"Ec",28,1,1,0,1,1,0.815884725734249
"20487","1325","Ec_N",342,27,27,"Ec",28,1,1,0,1,1,0.815884725734249
"20488","1325","Ec_N",342,28,28,"Ec",28,1,1,0,1,1,0.815884725734249
"20489","1325","Ec_N",342,29,29,"Ec",28,1,1,0,1,1,0.815884725734249
"20490","1325","Ec_N",342,30,30,"Ec",28,1,1,0,1,1,0.815884725734249
"20491","1325","Ec_N",342,31,31,"Ec",28,1,1,0,1,1,0.815884725734249
"20492","1325","Ec_N",342,32,32,"Ec",28,1,1,0,1,1,0.815884725734249
"20493","1325","Ec_N",342,33,33,"Ec",28,1,1,0,1,1,0.815884725734249
"20494","1325","Ec_N",342,34,34,"Ec",28,1,1,0,1,1,0.815884725734249
"20495","1325","Ec_N",342,35,35,"Ec",28,1,1,0,1,1,0.815884725734249
"20496","1325","Ec_N",342,36,36,"Ec",28,1,1,0,1,1,0.815884725734249
"20497","1325","Ec_N",342,37,37,"Ec",28,1,1,0,1,1,0.815884725734249
"20498","1325","Ec_N",342,38,38,"Ec",28,1,1,0,1,1,0.815884725734249
"20499","1325","Ec_N",342,39,39,"Ec",28,1,1,0,1,1,0.815884725734249
"20500","1325","Ec_N",342,40,40,"Ec",28,1,1,0,1,1,0.815884725734249
"20501","1325","Ec_N",342,41,41,"Ec",28,1,1,0,1,1,0.815884725734249
"20502","1325","Ec_N",342,42,42,"Ec",28,1,1,0,1,1,0.815884725734249
"20503","1325","Ec_N",342,43,43,"Ec",28,1,1,0,1,1,0.815884725734249
"20504","1325","Ec_N",342,44,44,"Ec",28,1,1,0,1,1,0.815884725734249
"20505","1325","Ec_N",342,45,45,"Ec",28,1,1,0,1,1,0.815884725734249
"20506","1325","Ec_N",342,46,46,"Ec",28,1,1,0,1,1,0.815884725734249
"20507","1325","Ec_N",342,47,47,"Ec",28,1,1,0,1,1,0.815884725734249
"20508","1325","Ec_N",342,48,48,"Ec",28,1,1,0,1,1,0.815884725734249
"20509","1325","Ec_N",342,49,49,"Ec",28,1,1,0,1,1,0.815884725734249
"20510","1325","Ec_N",342,50,50,"Ec",28,1,1,0,1,1,0.815884725734249
"20511","1325","Ec_N",342,51,51,"Ec",28,1,1,0,1,1,0.815884725734249
"20512","1325","Ec_N",342,52,52,"Ec",28,1,1,0,1,1,0.815884725734249
"20513","1325","Ec_N",342,53,53,"Ec",28,1,1,0,1,1,0.815884725734249
"20514","1325","Ec_N",342,54,54,"Ec",28,1,1,0,1,1,0.815884725734249
"20515","1325","Ec_N",342,55,55,"Ec",28,1,1,0,1,1,0.815884725734249
"20516","1325","Ec_N",342,56,56,"Ec",32,1,1,1,1,1,1
"20517","1325","Ec_N",342,57,57,"Ec",32,1,1,1,1,1,1
"20518","1325","Ec_N",342,58,58,"Ec",32,1,1,1,1,1,1
"20519","1325","Ec_N",342,59,59,"Ec",32,1,1,1,1,1,1
"20520","1325","Ec_N",342,60,60,"Ec",32,1,1,1,1,1,1
"20521","1325","Ec_N",343,1,1,"Ec",1,0,0,0,0,0,0
"20522","1325","Ec_N",343,2,2,"Ec",3,0,1,0,0,0,0.420438296247818
"20523","1325","Ec_N",343,3,3,"Ec",3,0,1,0,0,0,0.420438296247818
"20524","1325","Ec_N",343,4,4,"Ec",3,0,1,0,0,0,0.420438296247818
"20525","1325","Ec_N",343,5,5,"Ec",3,0,1,0,0,0,0.420438296247818
"20526","1325","Ec_N",343,6,6,"Ec",3,0,1,0,0,0,0.420438296247818
"20527","1325","Ec_N",343,7,7,"Ec",3,0,1,0,0,0,0.420438296247818
"20528","1325","Ec_N",343,8,8,"Ec",19,0,1,0,0,1,0.484124241483168
"20529","1325","Ec_N",343,9,9,"Ec",19,0,1,0,0,1,0.484124241483168
"20530","1325","Ec_N",343,10,10,"Ec",19,0,1,0,0,1,0.484124241483168
"20531","1325","Ec_N",343,11,11,"Ec",19,0,1,0,0,1,0.484124241483168
"20532","1325","Ec_N",343,12,12,"Ec",19,0,1,0,0,1,0.484124241483168
"20533","1325","Ec_N",343,13,13,"Ec",19,0,1,0,0,1,0.484124241483168
"20534","1325","Ec_N",343,14,14,"Ec",19,0,1,0,0,1,0.484124241483168
"20535","1325","Ec_N",343,15,15,"Ec",19,0,1,0,0,1,0.484124241483168
"20536","1325","Ec_N",343,16,16,"Ec",19,0,1,0,0,1,0.484124241483168
"20537","1325","Ec_N",343,17,17,"Ec",19,0,1,0,0,1,0.484124241483168
"20538","1325","Ec_N",343,18,18,"Ec",23,0,1,1,0,1,0.57389469344254
"20539","1325","Ec_N",343,19,19,"Ec",31,0,1,1,1,1,0.6927777538956
"20540","1325","Ec_N",343,20,20,"Ec",31,0,1,1,1,1,0.6927777538956
"20541","1325","Ec_N",343,21,21,"Ec",31,0,1,1,1,1,0.6927777538956
"20542","1325","Ec_N",343,22,22,"Ec",31,0,1,1,1,1,0.6927777538956
"20543","1325","Ec_N",343,23,23,"Ec",31,0,1,1,1,1,0.6927777538956
"20544","1325","Ec_N",343,24,24,"Ec",31,0,1,1,1,1,0.6927777538956
"20545","1325","Ec_N",343,25,25,"Ec",31,0,1,1,1,1,0.6927777538956
"20546","1325","Ec_N",343,26,26,"Ec",31,0,1,1,1,1,0.6927777538956
"20547","1325","Ec_N",343,27,27,"Ec",31,0,1,1,1,1,0.6927777538956
"20548","1325","Ec_N",343,28,28,"Ec",31,0,1,1,1,1,0.6927777538956
"20549","1325","Ec_N",343,29,29,"Ec",31,0,1,1,1,1,0.6927777538956
"20550","1325","Ec_N",343,30,30,"Ec",31,0,1,1,1,1,0.6927777538956
"20551","1325","Ec_N",343,31,31,"Ec",31,0,1,1,1,1,0.6927777538956
"20552","1325","Ec_N",343,32,32,"Ec",31,0,1,1,1,1,0.6927777538956
"20553","1325","Ec_N",343,33,33,"Ec",32,1,1,1,1,1,1
"20554","1325","Ec_N",343,34,34,"Ec",32,1,1,1,1,1,1
"20555","1325","Ec_N",343,35,35,"Ec",32,1,1,1,1,1,1
"20556","1325","Ec_N",343,36,36,"Ec",32,1,1,1,1,1,1
"20557","1325","Ec_N",343,37,37,"Ec",32,1,1,1,1,1,1
"20558","1325","Ec_N",343,38,38,"Ec",32,1,1,1,1,1,1
"20559","1325","Ec_N",343,39,39,"Ec",32,1,1,1,1,1,1
"20560","1325","Ec_N",343,40,40,"Ec",32,1,1,1,1,1,1
"20561","1325","Ec_N",343,41,41,"Ec",32,1,1,1,1,1,1
"20562","1325","Ec_N",343,42,42,"Ec",32,1,1,1,1,1,1
"20563","1325","Ec_N",343,43,43,"Ec",32,1,1,1,1,1,1
"20564","1325","Ec_N",343,44,44,"Ec",32,1,1,1,1,1,1
"20565","1325","Ec_N",343,45,45,"Ec",32,1,1,1,1,1,1
"20566","1325","Ec_N",343,46,46,"Ec",32,1,1,1,1,1,1
"20567","1325","Ec_N",343,47,47,"Ec",32,1,1,1,1,1,1
"20568","1325","Ec_N",343,48,48,"Ec",32,1,1,1,1,1,1
"20569","1325","Ec_N",343,49,49,"Ec",32,1,1,1,1,1,1
"20570","1325","Ec_N",343,50,50,"Ec",32,1,1,1,1,1,1
"20571","1325","Ec_N",343,51,51,"Ec",32,1,1,1,1,1,1
"20572","1325","Ec_N",343,52,52,"Ec",32,1,1,1,1,1,1
"20573","1325","Ec_N",343,53,53,"Ec",32,1,1,1,1,1,1
"20574","1325","Ec_N",343,54,54,"Ec",32,1,1,1,1,1,1
"20575","1325","Ec_N",343,55,55,"Ec",32,1,1,1,1,1,1
"20576","1325","Ec_N",343,56,56,"Ec",32,1,1,1,1,1,1
"20577","1325","Ec_N",343,57,57,"Ec",32,1,1,1,1,1,1
"20578","1325","Ec_N",343,58,58,"Ec",32,1,1,1,1,1,1
"20579","1325","Ec_N",343,59,59,"Ec",32,1,1,1,1,1,1
"20580","1325","Ec_N",343,60,60,"Ec",32,1,1,1,1,1,1
"20581","1325","Ec_N",344,1,1,"Ec",1,0,0,0,0,0,0
"20582","1325","Ec_N",344,2,2,"Ec",1,0,0,0,0,0,0
"20583","1325","Ec_N",344,3,3,"Ec",3,0,1,0,0,0,0.420438296247818
"20584","1325","Ec_N",344,4,4,"Ec",3,0,1,0,0,0,0.420438296247818
"20585","1325","Ec_N",344,5,5,"Ec",3,0,1,0,0,0,0.420438296247818
"20586","1325","Ec_N",344,6,6,"Ec",3,0,1,0,0,0,0.420438296247818
"20587","1325","Ec_N",344,7,7,"Ec",3,0,1,0,0,0,0.420438296247818
"20588","1325","Ec_N",344,8,8,"Ec",19,0,1,0,0,1,0.484124241483168
"20589","1325","Ec_N",344,9,9,"Ec",19,0,1,0,0,1,0.484124241483168
"20590","1325","Ec_N",344,10,10,"Ec",19,0,1,0,0,1,0.484124241483168
"20591","1325","Ec_N",344,11,11,"Ec",19,0,1,0,0,1,0.484124241483168
"20592","1325","Ec_N",344,12,12,"Ec",19,0,1,0,0,1,0.484124241483168
"20593","1325","Ec_N",344,13,13,"Ec",19,0,1,0,0,1,0.484124241483168
"20594","1325","Ec_N",344,14,14,"Ec",19,0,1,0,0,1,0.484124241483168
"20595","1325","Ec_N",344,15,15,"Ec",19,0,1,0,0,1,0.484124241483168
"20596","1325","Ec_N",344,16,16,"Ec",19,0,1,0,0,1,0.484124241483168
"20597","1325","Ec_N",344,17,17,"Ec",19,0,1,0,0,1,0.484124241483168
"20598","1325","Ec_N",344,18,18,"Ec",19,0,1,0,0,1,0.484124241483168
"20599","1325","Ec_N",344,19,19,"Ec",19,0,1,0,0,1,0.484124241483168
"20600","1325","Ec_N",344,20,20,"Ec",19,0,1,0,0,1,0.484124241483168
"20601","1325","Ec_N",344,21,21,"Ec",23,0,1,1,0,1,0.57389469344254
"20602","1325","Ec_N",344,22,22,"Ec",23,0,1,1,0,1,0.57389469344254
"20603","1325","Ec_N",344,23,23,"Ec",23,0,1,1,0,1,0.57389469344254
"20604","1325","Ec_N",344,24,24,"Ec",23,0,1,1,0,1,0.57389469344254
"20605","1325","Ec_N",344,25,25,"Ec",23,0,1,1,0,1,0.57389469344254
"20606","1325","Ec_N",344,26,26,"Ec",23,0,1,1,0,1,0.57389469344254
"20607","1325","Ec_N",344,27,27,"Ec",7,0,1,1,0,0,0.580067324700012
"20608","1325","Ec_N",344,28,28,"Ec",7,0,1,1,0,0,0.580067324700012
"20609","1325","Ec_N",344,29,29,"Ec",7,0,1,1,0,0,0.580067324700012
"20610","1325","Ec_N",344,30,30,"Ec",7,0,1,1,0,0,0.580067324700012
"20611","1325","Ec_N",344,31,31,"Ec",7,0,1,1,0,0,0.580067324700012
"20612","1325","Ec_N",344,32,32,"Ec",7,0,1,1,0,0,0.580067324700012
"20613","1325","Ec_N",344,33,33,"Ec",7,0,1,1,0,0,0.580067324700012
"20614","1325","Ec_N",344,34,34,"Ec",7,0,1,1,0,0,0.580067324700012
"20615","1325","Ec_N",344,35,35,"Ec",7,0,1,1,0,0,0.580067324700012
"20616","1325","Ec_N",344,36,36,"Ec",7,0,1,1,0,0,0.580067324700012
"20617","1325","Ec_N",344,37,37,"Ec",7,0,1,1,0,0,0.580067324700012
"20618","1325","Ec_N",344,38,38,"Ec",7,0,1,1,0,0,0.580067324700012
"20619","1325","Ec_N",344,39,39,"Ec",7,0,1,1,0,0,0.580067324700012
"20620","1325","Ec_N",344,40,40,"Ec",8,1,1,1,0,0,0.887289570804412
"20621","1325","Ec_N",344,41,41,"Ec",8,1,1,1,0,0,0.887289570804412
"20622","1325","Ec_N",344,42,42,"Ec",8,1,1,1,0,0,0.887289570804412
"20623","1325","Ec_N",344,43,43,"Ec",8,1,1,1,0,0,0.887289570804412
"20624","1325","Ec_N",344,44,44,"Ec",8,1,1,1,0,0,0.887289570804412
"20625","1325","Ec_N",344,45,45,"Ec",8,1,1,1,0,0,0.887289570804412
"20626","1325","Ec_N",344,46,46,"Ec",8,1,1,1,0,0,0.887289570804412
"20627","1325","Ec_N",344,47,47,"Ec",8,1,1,1,0,0,0.887289570804412
"20628","1325","Ec_N",344,48,48,"Ec",8,1,1,1,0,0,0.887289570804412
"20629","1325","Ec_N",344,49,49,"Ec",16,1,1,1,1,0,0.93631405476465
"20630","1325","Ec_N",344,50,50,"Ec",16,1,1,1,1,0,0.93631405476465
"20631","1325","Ec_N",344,51,51,"Ec",16,1,1,1,1,0,0.93631405476465
"20632","1325","Ec_N",344,52,52,"Ec",16,1,1,1,1,0,0.93631405476465
"20633","1325","Ec_N",344,53,53,"Ec",16,1,1,1,1,0,0.93631405476465
"20634","1325","Ec_N",344,54,54,"Ec",16,1,1,1,1,0,0.93631405476465
"20635","1325","Ec_N",344,55,55,"Ec",16,1,1,1,1,0,0.93631405476465
"20636","1325","Ec_N",344,56,56,"Ec",16,1,1,1,1,0,0.93631405476465
"20637","1325","Ec_N",344,57,57,"Ec",16,1,1,1,1,0,0.93631405476465
"20638","1325","Ec_N",344,58,58,"Ec",16,1,1,1,1,0,0.93631405476465
"20639","1325","Ec_N",344,59,59,"Ec",16,1,1,1,1,0,0.93631405476465
"20640","1325","Ec_N",344,60,60,"Ec",16,1,1,1,1,0,0.93631405476465
"20641","1325","Ec_N",345,1,1,"Ec",1,0,0,0,0,0,0
"20642","1325","Ec_N",345,2,2,"Ec",3,0,1,0,0,0,0.420438296247818
"20643","1325","Ec_N",345,3,3,"Ec",3,0,1,0,0,0,0.420438296247818
"20644","1325","Ec_N",345,4,4,"Ec",4,1,1,0,0,0,0.727660542352217
"20645","1325","Ec_N",345,5,5,"Ec",4,1,1,0,0,0,0.727660542352217
"20646","1325","Ec_N",345,6,6,"Ec",4,1,1,0,0,0,0.727660542352217
"20647","1325","Ec_N",345,7,7,"Ec",4,1,1,0,0,0,0.727660542352217
"20648","1325","Ec_N",345,8,8,"Ec",20,1,1,0,0,1,0.791346487587567
"20649","1325","Ec_N",345,9,9,"Ec",20,1,1,0,0,1,0.791346487587567
"20650","1325","Ec_N",345,10,10,"Ec",20,1,1,0,0,1,0.791346487587567
"20651","1325","Ec_N",345,11,11,"Ec",20,1,1,0,0,1,0.791346487587567
"20652","1325","Ec_N",345,12,12,"Ec",20,1,1,0,0,1,0.791346487587567
"20653","1325","Ec_N",345,13,13,"Ec",20,1,1,0,0,1,0.791346487587567
"20654","1325","Ec_N",345,14,14,"Ec",20,1,1,0,0,1,0.791346487587567
"20655","1325","Ec_N",345,15,15,"Ec",20,1,1,0,0,1,0.791346487587567
"20656","1325","Ec_N",345,16,16,"Ec",20,1,1,0,0,1,0.791346487587567
"20657","1325","Ec_N",345,17,17,"Ec",20,1,1,0,0,1,0.791346487587567
"20658","1325","Ec_N",345,18,18,"Ec",20,1,1,0,0,1,0.791346487587567
"20659","1325","Ec_N",345,19,19,"Ec",20,1,1,0,0,1,0.791346487587567
"20660","1325","Ec_N",345,20,20,"Ec",20,1,1,0,0,1,0.791346487587567
"20661","1325","Ec_N",345,21,21,"Ec",20,1,1,0,0,1,0.791346487587567
"20662","1325","Ec_N",345,22,22,"Ec",20,1,1,0,0,1,0.791346487587567
"20663","1325","Ec_N",345,23,23,"Ec",20,1,1,0,0,1,0.791346487587567
"20664","1325","Ec_N",345,24,24,"Ec",20,1,1,0,0,1,0.791346487587567
"20665","1325","Ec_N",345,25,25,"Ec",20,1,1,0,0,1,0.791346487587567
"20666","1325","Ec_N",345,26,26,"Ec",20,1,1,0,0,1,0.791346487587567
"20667","1325","Ec_N",345,27,27,"Ec",20,1,1,0,0,1,0.791346487587567
"20668","1325","Ec_N",345,28,28,"Ec",20,1,1,0,0,1,0.791346487587567
"20669","1325","Ec_N",345,29,29,"Ec",20,1,1,0,0,1,0.791346487587567
"20670","1325","Ec_N",345,30,30,"Ec",20,1,1,0,0,1,0.791346487587567
"20671","1325","Ec_N",345,31,31,"Ec",20,1,1,0,0,1,0.791346487587567
"20672","1325","Ec_N",345,32,32,"Ec",20,1,1,0,0,1,0.791346487587567
"20673","1325","Ec_N",345,33,33,"Ec",28,1,1,0,1,1,0.815884725734249
"20674","1325","Ec_N",345,34,34,"Ec",28,1,1,0,1,1,0.815884725734249
"20675","1325","Ec_N",345,35,35,"Ec",28,1,1,0,1,1,0.815884725734249
"20676","1325","Ec_N",345,36,36,"Ec",28,1,1,0,1,1,0.815884725734249
"20677","1325","Ec_N",345,37,37,"Ec",28,1,1,0,1,1,0.815884725734249
"20678","1325","Ec_N",345,38,38,"Ec",28,1,1,0,1,1,0.815884725734249
"20679","1325","Ec_N",345,39,39,"Ec",28,1,1,0,1,1,0.815884725734249
"20680","1325","Ec_N",345,40,40,"Ec",28,1,1,0,1,1,0.815884725734249
"20681","1325","Ec_N",345,41,41,"Ec",28,1,1,0,1,1,0.815884725734249
"20682","1325","Ec_N",345,42,42,"Ec",28,1,1,0,1,1,0.815884725734249
"20683","1325","Ec_N",345,43,43,"Ec",28,1,1,0,1,1,0.815884725734249
"20684","1325","Ec_N",345,44,44,"Ec",28,1,1,0,1,1,0.815884725734249
"20685","1325","Ec_N",345,45,45,"Ec",28,1,1,0,1,1,0.815884725734249
"20686","1325","Ec_N",345,46,46,"Ec",28,1,1,0,1,1,0.815884725734249
"20687","1325","Ec_N",345,47,47,"Ec",28,1,1,0,1,1,0.815884725734249
"20688","1325","Ec_N",345,48,48,"Ec",28,1,1,0,1,1,0.815884725734249
"20689","1325","Ec_N",345,49,49,"Ec",28,1,1,0,1,1,0.815884725734249
"20690","1325","Ec_N",345,50,50,"Ec",28,1,1,0,1,1,0.815884725734249
"20691","1325","Ec_N",345,51,51,"Ec",28,1,1,0,1,1,0.815884725734249
"20692","1325","Ec_N",345,52,52,"Ec",28,1,1,0,1,1,0.815884725734249
"20693","1325","Ec_N",345,53,53,"Ec",28,1,1,0,1,1,0.815884725734249
"20694","1325","Ec_N",345,54,54,"Ec",28,1,1,0,1,1,0.815884725734249
"20695","1325","Ec_N",345,55,55,"Ec",28,1,1,0,1,1,0.815884725734249
"20696","1325","Ec_N",345,56,56,"Ec",28,1,1,0,1,1,0.815884725734249
"20697","1325","Ec_N",345,57,57,"Ec",28,1,1,0,1,1,0.815884725734249
"20698","1325","Ec_N",345,58,58,"Ec",28,1,1,0,1,1,0.815884725734249
"20699","1325","Ec_N",345,59,59,"Ec",28,1,1,0,1,1,0.815884725734249
"20700","1325","Ec_N",345,60,60,"Ec",28,1,1,0,1,1,0.815884725734249
"20701","1325","Ec_N",346,1,1,"Ec",1,0,0,0,0,0,0
"20702","1325","Ec_N",346,2,2,"Ec",1,0,0,0,0,0,0
"20703","1325","Ec_N",346,3,3,"Ec",1,0,0,0,0,0,0
"20704","1325","Ec_N",346,4,4,"Ec",1,0,0,0,0,0,0
"20705","1325","Ec_N",346,5,5,"Ec",1,0,0,0,0,0,0
"20706","1325","Ec_N",346,6,6,"Ec",1,0,0,0,0,0,0
"20707","1325","Ec_N",346,7,7,"Ec",1,0,0,0,0,0,0
"20708","1325","Ec_N",346,8,8,"Ec",5,0,0,1,0,0,0.159629028452195
"20709","1325","Ec_N",346,9,9,"Ec",5,0,0,1,0,0,0.159629028452195
"20710","1325","Ec_N",346,10,10,"Ec",5,0,0,1,0,0,0.159629028452195
"20711","1325","Ec_N",346,11,11,"Ec",7,0,1,1,0,0,0.580067324700012
"20712","1325","Ec_N",346,12,12,"Ec",7,0,1,1,0,0,0.580067324700012
"20713","1325","Ec_N",346,13,13,"Ec",7,0,1,1,0,0,0.580067324700012
"20714","1325","Ec_N",346,14,14,"Ec",7,0,1,1,0,0,0.580067324700012
"20715","1325","Ec_N",346,15,15,"Ec",7,0,1,1,0,0,0.580067324700012
"20716","1325","Ec_N",346,16,16,"Ec",7,0,1,1,0,0,0.580067324700012
"20717","1325","Ec_N",346,17,17,"Ec",7,0,1,1,0,0,0.580067324700012
"20718","1325","Ec_N",346,18,18,"Ec",8,1,1,1,0,0,0.887289570804412
"20719","1325","Ec_N",346,19,19,"Ec",8,1,1,1,0,0,0.887289570804412
"20720","1325","Ec_N",346,20,20,"Ec",8,1,1,1,0,0,0.887289570804412
"20721","1325","Ec_N",346,21,21,"Ec",8,1,1,1,0,0,0.887289570804412
"20722","1325","Ec_N",346,22,22,"Ec",8,1,1,1,0,0,0.887289570804412
"20723","1325","Ec_N",346,23,23,"Ec",8,1,1,1,0,0,0.887289570804412
"20724","1325","Ec_N",346,24,24,"Ec",16,1,1,1,1,0,0.93631405476465
"20725","1325","Ec_N",346,25,25,"Ec",16,1,1,1,1,0,0.93631405476465
"20726","1325","Ec_N",346,26,26,"Ec",16,1,1,1,1,0,0.93631405476465
"20727","1325","Ec_N",346,27,27,"Ec",16,1,1,1,1,0,0.93631405476465
"20728","1325","Ec_N",346,28,28,"Ec",32,1,1,1,1,1,1
"20729","1325","Ec_N",346,29,29,"Ec",32,1,1,1,1,1,1
"20730","1325","Ec_N",346,30,30,"Ec",32,1,1,1,1,1,1
"20731","1325","Ec_N",346,31,31,"Ec",32,1,1,1,1,1,1
"20732","1325","Ec_N",346,32,32,"Ec",32,1,1,1,1,1,1
"20733","1325","Ec_N",346,33,33,"Ec",32,1,1,1,1,1,1
"20734","1325","Ec_N",346,34,34,"Ec",32,1,1,1,1,1,1
"20735","1325","Ec_N",346,35,35,"Ec",32,1,1,1,1,1,1
"20736","1325","Ec_N",346,36,36,"Ec",32,1,1,1,1,1,1
"20737","1325","Ec_N",346,37,37,"Ec",32,1,1,1,1,1,1
"20738","1325","Ec_N",346,38,38,"Ec",32,1,1,1,1,1,1
"20739","1325","Ec_N",346,39,39,"Ec",32,1,1,1,1,1,1
"20740","1325","Ec_N",346,40,40,"Ec",32,1,1,1,1,1,1
"20741","1325","Ec_N",346,41,41,"Ec",32,1,1,1,1,1,1
"20742","1325","Ec_N",346,42,42,"Ec",32,1,1,1,1,1,1
"20743","1325","Ec_N",346,43,43,"Ec",32,1,1,1,1,1,1
"20744","1325","Ec_N",346,44,44,"Ec",32,1,1,1,1,1,1
"20745","1325","Ec_N",346,45,45,"Ec",32,1,1,1,1,1,1
"20746","1325","Ec_N",346,46,46,"Ec",32,1,1,1,1,1,1
"20747","1325","Ec_N",346,47,47,"Ec",32,1,1,1,1,1,1
"20748","1325","Ec_N",346,48,48,"Ec",32,1,1,1,1,1,1
"20749","1325","Ec_N",346,49,49,"Ec",32,1,1,1,1,1,1
"20750","1325","Ec_N",346,50,50,"Ec",32,1,1,1,1,1,1
"20751","1325","Ec_N",346,51,51,"Ec",32,1,1,1,1,1,1
"20752","1325","Ec_N",346,52,52,"Ec",32,1,1,1,1,1,1
"20753","1325","Ec_N",346,53,53,"Ec",32,1,1,1,1,1,1
"20754","1325","Ec_N",346,54,54,"Ec",32,1,1,1,1,1,1
"20755","1325","Ec_N",346,55,55,"Ec",32,1,1,1,1,1,1
"20756","1325","Ec_N",346,56,56,"Ec",32,1,1,1,1,1,1
"20757","1325","Ec_N",346,57,57,"Ec",32,1,1,1,1,1,1
"20758","1325","Ec_N",346,58,58,"Ec",32,1,1,1,1,1,1
"20759","1325","Ec_N",346,59,59,"Ec",32,1,1,1,1,1,1
"20760","1325","Ec_N",346,60,60,"Ec",32,1,1,1,1,1,1
"20761","1325","Ec_N",347,1,1,"Ec",1,0,0,0,0,0,0
"20762","1325","Ec_N",347,2,2,"Ec",1,0,0,0,0,0,0
"20763","1325","Ec_N",347,3,3,"Ec",1,0,0,0,0,0,0
"20764","1325","Ec_N",347,4,4,"Ec",17,0,0,0,0,1,0.0636859452353503
"20765","1325","Ec_N",347,5,5,"Ec",17,0,0,0,0,1,0.0636859452353503
"20766","1325","Ec_N",347,6,6,"Ec",17,0,0,0,0,1,0.0636859452353503
"20767","1325","Ec_N",347,7,7,"Ec",17,0,0,0,0,1,0.0636859452353503
"20768","1325","Ec_N",347,8,8,"Ec",17,0,0,0,0,1,0.0636859452353503
"20769","1325","Ec_N",347,9,9,"Ec",17,0,0,0,0,1,0.0636859452353503
"20770","1325","Ec_N",347,10,10,"Ec",17,0,0,0,0,1,0.0636859452353503
"20771","1325","Ec_N",347,11,11,"Ec",17,0,0,0,0,1,0.0636859452353503
"20772","1325","Ec_N",347,12,12,"Ec",17,0,0,0,0,1,0.0636859452353503
"20773","1325","Ec_N",347,13,13,"Ec",18,1,0,0,0,1,0.37090819133975
"20774","1325","Ec_N",347,14,14,"Ec",20,1,1,0,0,1,0.791346487587567
"20775","1325","Ec_N",347,15,15,"Ec",24,1,1,1,0,1,0.872975948786018
"20776","1325","Ec_N",347,16,16,"Ec",24,1,1,1,0,1,0.872975948786018
"20777","1325","Ec_N",347,17,17,"Ec",24,1,1,1,0,1,0.872975948786018
"20778","1325","Ec_N",347,18,18,"Ec",24,1,1,1,0,1,0.872975948786018
"20779","1325","Ec_N",347,19,19,"Ec",24,1,1,1,0,1,0.872975948786018
"20780","1325","Ec_N",347,20,20,"Ec",24,1,1,1,0,1,0.872975948786018
"20781","1325","Ec_N",347,21,21,"Ec",24,1,1,1,0,1,0.872975948786018
"20782","1325","Ec_N",347,22,22,"Ec",24,1,1,1,0,1,0.872975948786018
"20783","1325","Ec_N",347,23,23,"Ec",24,1,1,1,0,1,0.872975948786018
"20784","1325","Ec_N",347,24,24,"Ec",24,1,1,1,0,1,0.872975948786018
"20785","1325","Ec_N",347,25,25,"Ec",24,1,1,1,0,1,0.872975948786018
"20786","1325","Ec_N",347,26,26,"Ec",32,1,1,1,1,1,1
"20787","1325","Ec_N",347,27,27,"Ec",32,1,1,1,1,1,1
"20788","1325","Ec_N",347,28,28,"Ec",32,1,1,1,1,1,1
"20789","1325","Ec_N",347,29,29,"Ec",32,1,1,1,1,1,1
"20790","1325","Ec_N",347,30,30,"Ec",32,1,1,1,1,1,1
"20791","1325","Ec_N",347,31,31,"Ec",32,1,1,1,1,1,1
"20792","1325","Ec_N",347,32,32,"Ec",32,1,1,1,1,1,1
"20793","1325","Ec_N",347,33,33,"Ec",32,1,1,1,1,1,1
"20794","1325","Ec_N",347,34,34,"Ec",32,1,1,1,1,1,1
"20795","1325","Ec_N",347,35,35,"Ec",32,1,1,1,1,1,1
"20796","1325","Ec_N",347,36,36,"Ec",32,1,1,1,1,1,1
"20797","1325","Ec_N",347,37,37,"Ec",32,1,1,1,1,1,1
"20798","1325","Ec_N",347,38,38,"Ec",32,1,1,1,1,1,1
"20799","1325","Ec_N",347,39,39,"Ec",32,1,1,1,1,1,1
"20800","1325","Ec_N",347,40,40,"Ec",32,1,1,1,1,1,1
"20801","1325","Ec_N",347,41,41,"Ec",32,1,1,1,1,1,1
"20802","1325","Ec_N",347,42,42,"Ec",32,1,1,1,1,1,1
"20803","1325","Ec_N",347,43,43,"Ec",32,1,1,1,1,1,1
"20804","1325","Ec_N",347,44,44,"Ec",32,1,1,1,1,1,1
"20805","1325","Ec_N",347,45,45,"Ec",32,1,1,1,1,1,1
"20806","1325","Ec_N",347,46,46,"Ec",32,1,1,1,1,1,1
"20807","1325","Ec_N",347,47,47,"Ec",32,1,1,1,1,1,1
"20808","1325","Ec_N",347,48,48,"Ec",32,1,1,1,1,1,1
"20809","1325","Ec_N",347,49,49,"Ec",32,1,1,1,1,1,1
"20810","1325","Ec_N",347,50,50,"Ec",32,1,1,1,1,1,1
"20811","1325","Ec_N",347,51,51,"Ec",32,1,1,1,1,1,1
"20812","1325","Ec_N",347,52,52,"Ec",32,1,1,1,1,1,1
"20813","1325","Ec_N",347,53,53,"Ec",32,1,1,1,1,1,1
"20814","1325","Ec_N",347,54,54,"Ec",32,1,1,1,1,1,1
"20815","1325","Ec_N",347,55,55,"Ec",32,1,1,1,1,1,1
"20816","1325","Ec_N",347,56,56,"Ec",32,1,1,1,1,1,1
"20817","1325","Ec_N",347,57,57,"Ec",32,1,1,1,1,1,1
"20818","1325","Ec_N",347,58,58,"Ec",32,1,1,1,1,1,1
"20819","1325","Ec_N",347,59,59,"Ec",32,1,1,1,1,1,1
"20820","1325","Ec_N",347,60,60,"Ec",32,1,1,1,1,1,1
"20821","1325","Ec_N",348,1,1,"Ec",1,0,0,0,0,0,0
"20822","1325","Ec_N",348,2,2,"Ec",1,0,0,0,0,0,0
"20823","1325","Ec_N",348,3,3,"Ec",17,0,0,0,0,1,0.0636859452353503
"20824","1325","Ec_N",348,4,4,"Ec",17,0,0,0,0,1,0.0636859452353503
"20825","1325","Ec_N",348,5,5,"Ec",17,0,0,0,0,1,0.0636859452353503
"20826","1325","Ec_N",348,6,6,"Ec",17,0,0,0,0,1,0.0636859452353503
"20827","1325","Ec_N",348,7,7,"Ec",17,0,0,0,0,1,0.0636859452353503
"20828","1325","Ec_N",348,8,8,"Ec",17,0,0,0,0,1,0.0636859452353503
"20829","1325","Ec_N",348,9,9,"Ec",17,0,0,0,0,1,0.0636859452353503
"20830","1325","Ec_N",348,10,10,"Ec",17,0,0,0,0,1,0.0636859452353503
"20831","1325","Ec_N",348,11,11,"Ec",17,0,0,0,0,1,0.0636859452353503
"20832","1325","Ec_N",348,12,12,"Ec",17,0,0,0,0,1,0.0636859452353503
"20833","1325","Ec_N",348,13,13,"Ec",21,0,0,1,0,1,0.223314973687545
"20834","1325","Ec_N",348,14,14,"Ec",21,0,0,1,0,1,0.223314973687545
"20835","1325","Ec_N",348,15,15,"Ec",21,0,0,1,0,1,0.223314973687545
"20836","1325","Ec_N",348,16,16,"Ec",21,0,0,1,0,1,0.223314973687545
"20837","1325","Ec_N",348,17,17,"Ec",21,0,0,1,0,1,0.223314973687545
"20838","1325","Ec_N",348,18,18,"Ec",21,0,0,1,0,1,0.223314973687545
"20839","1325","Ec_N",348,19,19,"Ec",21,0,0,1,0,1,0.223314973687545
"20840","1325","Ec_N",348,20,20,"Ec",21,0,0,1,0,1,0.223314973687545
"20841","1325","Ec_N",348,21,21,"Ec",21,0,0,1,0,1,0.223314973687545
"20842","1325","Ec_N",348,22,22,"Ec",23,0,1,1,0,1,0.57389469344254
"20843","1325","Ec_N",348,23,23,"Ec",23,0,1,1,0,1,0.57389469344254
"20844","1325","Ec_N",348,24,24,"Ec",23,0,1,1,0,1,0.57389469344254
"20845","1325","Ec_N",348,25,25,"Ec",23,0,1,1,0,1,0.57389469344254
"20846","1325","Ec_N",348,26,26,"Ec",7,0,1,1,0,0,0.580067324700012
"20847","1325","Ec_N",348,27,27,"Ec",7,0,1,1,0,0,0.580067324700012
"20848","1325","Ec_N",348,28,28,"Ec",7,0,1,1,0,0,0.580067324700012
"20849","1325","Ec_N",348,29,29,"Ec",7,0,1,1,0,0,0.580067324700012
"20850","1325","Ec_N",348,30,30,"Ec",7,0,1,1,0,0,0.580067324700012
"20851","1325","Ec_N",348,31,31,"Ec",7,0,1,1,0,0,0.580067324700012
"20852","1325","Ec_N",348,32,32,"Ec",15,0,1,1,1,0,0.62909180866025
"20853","1325","Ec_N",348,33,33,"Ec",15,0,1,1,1,0,0.62909180866025
"20854","1325","Ec_N",348,34,34,"Ec",15,0,1,1,1,0,0.62909180866025
"20855","1325","Ec_N",348,35,35,"Ec",15,0,1,1,1,0,0.62909180866025
"20856","1325","Ec_N",348,36,36,"Ec",15,0,1,1,1,0,0.62909180866025
"20857","1325","Ec_N",348,37,37,"Ec",15,0,1,1,1,0,0.62909180866025
"20858","1325","Ec_N",348,38,38,"Ec",15,0,1,1,1,0,0.62909180866025
"20859","1325","Ec_N",348,39,39,"Ec",15,0,1,1,1,0,0.62909180866025
"20860","1325","Ec_N",348,40,40,"Ec",15,0,1,1,1,0,0.62909180866025
"20861","1325","Ec_N",348,41,41,"Ec",31,0,1,1,1,1,0.6927777538956
"20862","1325","Ec_N",348,42,42,"Ec",31,0,1,1,1,1,0.6927777538956
"20863","1325","Ec_N",348,43,43,"Ec",31,0,1,1,1,1,0.6927777538956
"20864","1325","Ec_N",348,44,44,"Ec",31,0,1,1,1,1,0.6927777538956
"20865","1325","Ec_N",348,45,45,"Ec",31,0,1,1,1,1,0.6927777538956
"20866","1325","Ec_N",348,46,46,"Ec",31,0,1,1,1,1,0.6927777538956
"20867","1325","Ec_N",348,47,47,"Ec",31,0,1,1,1,1,0.6927777538956
"20868","1325","Ec_N",348,48,48,"Ec",31,0,1,1,1,1,0.6927777538956
"20869","1325","Ec_N",348,49,49,"Ec",31,0,1,1,1,1,0.6927777538956
"20870","1325","Ec_N",348,50,50,"Ec",31,0,1,1,1,1,0.6927777538956
"20871","1325","Ec_N",348,51,51,"Ec",31,0,1,1,1,1,0.6927777538956
"20872","1325","Ec_N",348,52,52,"Ec",31,0,1,1,1,1,0.6927777538956
"20873","1325","Ec_N",348,53,53,"Ec",31,0,1,1,1,1,0.6927777538956
"20874","1325","Ec_N",348,54,54,"Ec",31,0,1,1,1,1,0.6927777538956
"20875","1325","Ec_N",348,55,55,"Ec",31,0,1,1,1,1,0.6927777538956
"20876","1325","Ec_N",348,56,56,"Ec",31,0,1,1,1,1,0.6927777538956
"20877","1325","Ec_N",348,57,57,"Ec",31,0,1,1,1,1,0.6927777538956
"20878","1325","Ec_N",348,58,58,"Ec",31,0,1,1,1,1,0.6927777538956
"20879","1325","Ec_N",348,59,59,"Ec",31,0,1,1,1,1,0.6927777538956
"20880","1325","Ec_N",348,60,60,"Ec",31,0,1,1,1,1,0.6927777538956
"20881","1325","Ec_N",349,1,1,"Ec",1,0,0,0,0,0,0
"20882","1325","Ec_N",349,2,2,"Ec",1,0,0,0,0,0,0
"20883","1325","Ec_N",349,3,3,"Ec",1,0,0,0,0,0,0
"20884","1325","Ec_N",349,4,4,"Ec",1,0,0,0,0,0,0
"20885","1325","Ec_N",349,5,5,"Ec",1,0,0,0,0,0,0
"20886","1325","Ec_N",349,6,6,"Ec",1,0,0,0,0,0,0
"20887","1325","Ec_N",349,7,7,"Ec",1,0,0,0,0,0,0
"20888","1325","Ec_N",349,8,8,"Ec",1,0,0,0,0,0,0
"20889","1325","Ec_N",349,9,9,"Ec",1,0,0,0,0,0,0
"20890","1325","Ec_N",349,10,10,"Ec",9,0,0,0,1,0,0.0490244839602376
"20891","1325","Ec_N",349,11,11,"Ec",10,1,0,0,1,0,0.356246730064637
"20892","1325","Ec_N",349,12,12,"Ec",14,1,0,1,1,0,0.479175264165032
"20893","1325","Ec_N",349,13,13,"Ec",14,1,0,1,1,0,0.479175264165032
"20894","1325","Ec_N",349,14,14,"Ec",14,1,0,1,1,0,0.479175264165032
"20895","1325","Ec_N",349,15,15,"Ec",14,1,0,1,1,0,0.479175264165032
"20896","1325","Ec_N",349,16,16,"Ec",14,1,0,1,1,0,0.479175264165032
"20897","1325","Ec_N",349,17,17,"Ec",14,1,0,1,1,0,0.479175264165032
"20898","1325","Ec_N",349,18,18,"Ec",14,1,0,1,1,0,0.479175264165032
"20899","1325","Ec_N",349,19,19,"Ec",14,1,0,1,1,0,0.479175264165032
"20900","1325","Ec_N",349,20,20,"Ec",16,1,1,1,1,0,0.93631405476465
"20901","1325","Ec_N",349,21,21,"Ec",16,1,1,1,1,0,0.93631405476465
"20902","1325","Ec_N",349,22,22,"Ec",16,1,1,1,1,0,0.93631405476465
"20903","1325","Ec_N",349,23,23,"Ec",16,1,1,1,1,0,0.93631405476465
"20904","1325","Ec_N",349,24,24,"Ec",16,1,1,1,1,0,0.93631405476465
"20905","1325","Ec_N",349,25,25,"Ec",16,1,1,1,1,0,0.93631405476465
"20906","1325","Ec_N",349,26,26,"Ec",16,1,1,1,1,0,0.93631405476465
"20907","1325","Ec_N",349,27,27,"Ec",16,1,1,1,1,0,0.93631405476465
"20908","1325","Ec_N",349,28,28,"Ec",16,1,1,1,1,0,0.93631405476465
"20909","1325","Ec_N",349,29,29,"Ec",32,1,1,1,1,1,1
"20910","1325","Ec_N",349,30,30,"Ec",32,1,1,1,1,1,1
"20911","1325","Ec_N",349,31,31,"Ec",32,1,1,1,1,1,1
"20912","1325","Ec_N",349,32,32,"Ec",32,1,1,1,1,1,1
"20913","1325","Ec_N",349,33,33,"Ec",32,1,1,1,1,1,1
"20914","1325","Ec_N",349,34,34,"Ec",32,1,1,1,1,1,1
"20915","1325","Ec_N",349,35,35,"Ec",32,1,1,1,1,1,1
"20916","1325","Ec_N",349,36,36,"Ec",32,1,1,1,1,1,1
"20917","1325","Ec_N",349,37,37,"Ec",32,1,1,1,1,1,1
"20918","1325","Ec_N",349,38,38,"Ec",32,1,1,1,1,1,1
"20919","1325","Ec_N",349,39,39,"Ec",32,1,1,1,1,1,1
"20920","1325","Ec_N",349,40,40,"Ec",32,1,1,1,1,1,1
"20921","1325","Ec_N",349,41,41,"Ec",32,1,1,1,1,1,1
"20922","1325","Ec_N",349,42,42,"Ec",32,1,1,1,1,1,1
"20923","1325","Ec_N",349,43,43,"Ec",32,1,1,1,1,1,1
"20924","1325","Ec_N",349,44,44,"Ec",32,1,1,1,1,1,1
"20925","1325","Ec_N",349,45,45,"Ec",32,1,1,1,1,1,1
"20926","1325","Ec_N",349,46,46,"Ec",32,1,1,1,1,1,1
"20927","1325","Ec_N",349,47,47,"Ec",32,1,1,1,1,1,1
"20928","1325","Ec_N",349,48,48,"Ec",32,1,1,1,1,1,1
"20929","1325","Ec_N",349,49,49,"Ec",32,1,1,1,1,1,1
"20930","1325","Ec_N",349,50,50,"Ec",32,1,1,1,1,1,1
"20931","1325","Ec_N",349,51,51,"Ec",32,1,1,1,1,1,1
"20932","1325","Ec_N",349,52,52,"Ec",32,1,1,1,1,1,1
"20933","1325","Ec_N",349,53,53,"Ec",32,1,1,1,1,1,1
"20934","1325","Ec_N",349,54,54,"Ec",32,1,1,1,1,1,1
"20935","1325","Ec_N",349,55,55,"Ec",32,1,1,1,1,1,1
"20936","1325","Ec_N",349,56,56,"Ec",32,1,1,1,1,1,1
"20937","1325","Ec_N",349,57,57,"Ec",32,1,1,1,1,1,1
"20938","1325","Ec_N",349,58,58,"Ec",32,1,1,1,1,1,1
"20939","1325","Ec_N",349,59,59,"Ec",32,1,1,1,1,1,1
"20940","1325","Ec_N",349,60,60,"Ec",32,1,1,1,1,1,1
"20941","1325","Ec_N",350,1,1,"Ec",1,0,0,0,0,0,0
"20942","1325","Ec_N",350,2,2,"Ec",9,0,0,0,1,0,0.0490244839602376
"20943","1325","Ec_N",350,3,3,"Ec",9,0,0,0,1,0,0.0490244839602376
"20944","1325","Ec_N",350,4,4,"Ec",9,0,0,0,1,0,0.0490244839602376
"20945","1325","Ec_N",350,5,5,"Ec",9,0,0,0,1,0,0.0490244839602376
"20946","1325","Ec_N",350,6,6,"Ec",9,0,0,0,1,0,0.0490244839602376
"20947","1325","Ec_N",350,7,7,"Ec",13,0,0,1,1,0,0.208653512412432
"20948","1325","Ec_N",350,8,8,"Ec",13,0,0,1,1,0,0.208653512412432
"20949","1325","Ec_N",350,9,9,"Ec",13,0,0,1,1,0,0.208653512412432
"20950","1325","Ec_N",350,10,10,"Ec",13,0,0,1,1,0,0.208653512412432
"20951","1325","Ec_N",350,11,11,"Ec",13,0,0,1,1,0,0.208653512412432
"20952","1325","Ec_N",350,12,12,"Ec",13,0,0,1,1,0,0.208653512412432
"20953","1325","Ec_N",350,13,13,"Ec",13,0,0,1,1,0,0.208653512412432
"20954","1325","Ec_N",350,14,14,"Ec",13,0,0,1,1,0,0.208653512412432
"20955","1325","Ec_N",350,15,15,"Ec",13,0,0,1,1,0,0.208653512412432
"20956","1325","Ec_N",350,16,16,"Ec",13,0,0,1,1,0,0.208653512412432
"20957","1325","Ec_N",350,17,17,"Ec",13,0,0,1,1,0,0.208653512412432
"20958","1325","Ec_N",350,18,18,"Ec",13,0,0,1,1,0,0.208653512412432
"20959","1325","Ec_N",350,19,19,"Ec",13,0,0,1,1,0,0.208653512412432
"20960","1325","Ec_N",350,20,20,"Ec",29,0,0,1,1,1,0.272339457647783
"20961","1325","Ec_N",350,21,21,"Ec",29,0,0,1,1,1,0.272339457647783
"20962","1325","Ec_N",350,22,22,"Ec",29,0,0,1,1,1,0.272339457647783
"20963","1325","Ec_N",350,23,23,"Ec",29,0,0,1,1,1,0.272339457647783
"20964","1325","Ec_N",350,24,24,"Ec",29,0,0,1,1,1,0.272339457647783
"20965","1325","Ec_N",350,25,25,"Ec",29,0,0,1,1,1,0.272339457647783
"20966","1325","Ec_N",350,26,26,"Ec",31,0,1,1,1,1,0.6927777538956
"20967","1325","Ec_N",350,27,27,"Ec",31,0,1,1,1,1,0.6927777538956
"20968","1325","Ec_N",350,28,28,"Ec",32,1,1,1,1,1,1
"20969","1325","Ec_N",350,29,29,"Ec",32,1,1,1,1,1,1
"20970","1325","Ec_N",350,30,30,"Ec",32,1,1,1,1,1,1
"20971","1325","Ec_N",350,31,31,"Ec",32,1,1,1,1,1,1
"20972","1325","Ec_N",350,32,32,"Ec",32,1,1,1,1,1,1
"20973","1325","Ec_N",350,33,33,"Ec",32,1,1,1,1,1,1
"20974","1325","Ec_N",350,34,34,"Ec",32,1,1,1,1,1,1
"20975","1325","Ec_N",350,35,35,"Ec",32,1,1,1,1,1,1
"20976","1325","Ec_N",350,36,36,"Ec",32,1,1,1,1,1,1
"20977","1325","Ec_N",350,37,37,"Ec",32,1,1,1,1,1,1
"20978","1325","Ec_N",350,38,38,"Ec",32,1,1,1,1,1,1
"20979","1325","Ec_N",350,39,39,"Ec",32,1,1,1,1,1,1
"20980","1325","Ec_N",350,40,40,"Ec",32,1,1,1,1,1,1
"20981","1325","Ec_N",350,41,41,"Ec",32,1,1,1,1,1,1
"20982","1325","Ec_N",350,42,42,"Ec",32,1,1,1,1,1,1
"20983","1325","Ec_N",350,43,43,"Ec",32,1,1,1,1,1,1
"20984","1325","Ec_N",350,44,44,"Ec",32,1,1,1,1,1,1
"20985","1325","Ec_N",350,45,45,"Ec",32,1,1,1,1,1,1
"20986","1325","Ec_N",350,46,46,"Ec",32,1,1,1,1,1,1
"20987","1325","Ec_N",350,47,47,"Ec",32,1,1,1,1,1,1
"20988","1325","Ec_N",350,48,48,"Ec",32,1,1,1,1,1,1
"20989","1325","Ec_N",350,49,49,"Ec",32,1,1,1,1,1,1
"20990","1325","Ec_N",350,50,50,"Ec",32,1,1,1,1,1,1
"20991","1325","Ec_N",350,51,51,"Ec",32,1,1,1,1,1,1
"20992","1325","Ec_N",350,52,52,"Ec",32,1,1,1,1,1,1
"20993","1325","Ec_N",350,53,53,"Ec",32,1,1,1,1,1,1
"20994","1325","Ec_N",350,54,54,"Ec",32,1,1,1,1,1,1
"20995","1325","Ec_N",350,55,55,"Ec",32,1,1,1,1,1,1
"20996","1325","Ec_N",350,56,56,"Ec",32,1,1,1,1,1,1
"20997","1325","Ec_N",350,57,57,"Ec",32,1,1,1,1,1,1
"20998","1325","Ec_N",350,58,58,"Ec",32,1,1,1,1,1,1
"20999","1325","Ec_N",350,59,59,"Ec",32,1,1,1,1,1,1
"21000","1325","Ec_N",350,60,60,"Ec",32,1,1,1,1,1,1
"21001","1325","Ec_N",351,1,1,"Ec",1,0,0,0,0,0,0
"21002","1325","Ec_N",351,2,2,"Ec",1,0,0,0,0,0,0
"21003","1325","Ec_N",351,3,3,"Ec",1,0,0,0,0,0,0
"21004","1325","Ec_N",351,4,4,"Ec",3,0,1,0,0,0,0.420438296247818
"21005","1325","Ec_N",351,5,5,"Ec",3,0,1,0,0,0,0.420438296247818
"21006","1325","Ec_N",351,6,6,"Ec",3,0,1,0,0,0,0.420438296247818
"21007","1325","Ec_N",351,7,7,"Ec",3,0,1,0,0,0,0.420438296247818
"21008","1325","Ec_N",351,8,8,"Ec",11,0,1,0,1,0,0.503461616060769
"21009","1325","Ec_N",351,9,9,"Ec",27,0,1,0,1,1,0.533148725443406
"21010","1325","Ec_N",351,10,10,"Ec",27,0,1,0,1,1,0.533148725443406
"21011","1325","Ec_N",351,11,11,"Ec",27,0,1,0,1,1,0.533148725443406
"21012","1325","Ec_N",351,12,12,"Ec",28,1,1,0,1,1,0.815884725734249
"21013","1325","Ec_N",351,13,13,"Ec",28,1,1,0,1,1,0.815884725734249
"21014","1325","Ec_N",351,14,14,"Ec",28,1,1,0,1,1,0.815884725734249
"21015","1325","Ec_N",351,15,15,"Ec",28,1,1,0,1,1,0.815884725734249
"21016","1325","Ec_N",351,16,16,"Ec",28,1,1,0,1,1,0.815884725734249
"21017","1325","Ec_N",351,17,17,"Ec",28,1,1,0,1,1,0.815884725734249
"21018","1325","Ec_N",351,18,18,"Ec",32,1,1,1,1,1,1
"21019","1325","Ec_N",351,19,19,"Ec",32,1,1,1,1,1,1
"21020","1325","Ec_N",351,20,20,"Ec",32,1,1,1,1,1,1
"21021","1325","Ec_N",351,21,21,"Ec",32,1,1,1,1,1,1
"21022","1325","Ec_N",351,22,22,"Ec",32,1,1,1,1,1,1
"21023","1325","Ec_N",351,23,23,"Ec",32,1,1,1,1,1,1
"21024","1325","Ec_N",351,24,24,"Ec",32,1,1,1,1,1,1
"21025","1325","Ec_N",351,25,25,"Ec",32,1,1,1,1,1,1
"21026","1325","Ec_N",351,26,26,"Ec",32,1,1,1,1,1,1
"21027","1325","Ec_N",351,27,27,"Ec",32,1,1,1,1,1,1
"21028","1325","Ec_N",351,28,28,"Ec",32,1,1,1,1,1,1
"21029","1325","Ec_N",351,29,29,"Ec",32,1,1,1,1,1,1
"21030","1325","Ec_N",351,30,30,"Ec",32,1,1,1,1,1,1
"21031","1325","Ec_N",351,31,31,"Ec",32,1,1,1,1,1,1
"21032","1325","Ec_N",351,32,32,"Ec",32,1,1,1,1,1,1
"21033","1325","Ec_N",351,33,33,"Ec",32,1,1,1,1,1,1
"21034","1325","Ec_N",351,34,34,"Ec",32,1,1,1,1,1,1
"21035","1325","Ec_N",351,35,35,"Ec",32,1,1,1,1,1,1
"21036","1325","Ec_N",351,36,36,"Ec",32,1,1,1,1,1,1
"21037","1325","Ec_N",351,37,37,"Ec",32,1,1,1,1,1,1
"21038","1325","Ec_N",351,38,38,"Ec",32,1,1,1,1,1,1
"21039","1325","Ec_N",351,39,39,"Ec",32,1,1,1,1,1,1
"21040","1325","Ec_N",351,40,40,"Ec",32,1,1,1,1,1,1
"21041","1325","Ec_N",351,41,41,"Ec",32,1,1,1,1,1,1
"21042","1325","Ec_N",351,42,42,"Ec",32,1,1,1,1,1,1
"21043","1325","Ec_N",351,43,43,"Ec",32,1,1,1,1,1,1
"21044","1325","Ec_N",351,44,44,"Ec",32,1,1,1,1,1,1
"21045","1325","Ec_N",351,45,45,"Ec",32,1,1,1,1,1,1
"21046","1325","Ec_N",351,46,46,"Ec",32,1,1,1,1,1,1
"21047","1325","Ec_N",351,47,47,"Ec",32,1,1,1,1,1,1
"21048","1325","Ec_N",351,48,48,"Ec",32,1,1,1,1,1,1
"21049","1325","Ec_N",351,49,49,"Ec",32,1,1,1,1,1,1
"21050","1325","Ec_N",351,50,50,"Ec",32,1,1,1,1,1,1
"21051","1325","Ec_N",351,51,51,"Ec",32,1,1,1,1,1,1
"21052","1325","Ec_N",351,52,52,"Ec",32,1,1,1,1,1,1
"21053","1325","Ec_N",351,53,53,"Ec",32,1,1,1,1,1,1
"21054","1325","Ec_N",351,54,54,"Ec",32,1,1,1,1,1,1
"21055","1325","Ec_N",351,55,55,"Ec",32,1,1,1,1,1,1
"21056","1325","Ec_N",351,56,56,"Ec",32,1,1,1,1,1,1
"21057","1325","Ec_N",351,57,57,"Ec",32,1,1,1,1,1,1
"21058","1325","Ec_N",351,58,58,"Ec",32,1,1,1,1,1,1
"21059","1325","Ec_N",351,59,59,"Ec",32,1,1,1,1,1,1
"21060","1325","Ec_N",351,60,60,"Ec",32,1,1,1,1,1,1
"21061","1325","Ec_N",352,1,1,"Ec",1,0,0,0,0,0,0
"21062","1325","Ec_N",352,2,2,"Ec",1,0,0,0,0,0,0
"21063","1325","Ec_N",352,3,3,"Ec",1,0,0,0,0,0,0
"21064","1325","Ec_N",352,4,4,"Ec",17,0,0,0,0,1,0.0636859452353503
"21065","1325","Ec_N",352,5,5,"Ec",17,0,0,0,0,1,0.0636859452353503
"21066","1325","Ec_N",352,6,6,"Ec",19,0,1,0,0,1,0.484124241483168
"21067","1325","Ec_N",352,7,7,"Ec",19,0,1,0,0,1,0.484124241483168
"21068","1325","Ec_N",352,8,8,"Ec",19,0,1,0,0,1,0.484124241483168
"21069","1325","Ec_N",352,9,9,"Ec",19,0,1,0,0,1,0.484124241483168
"21070","1325","Ec_N",352,10,10,"Ec",19,0,1,0,0,1,0.484124241483168
"21071","1325","Ec_N",352,11,11,"Ec",19,0,1,0,0,1,0.484124241483168
"21072","1325","Ec_N",352,12,12,"Ec",19,0,1,0,0,1,0.484124241483168
"21073","1325","Ec_N",352,13,13,"Ec",19,0,1,0,0,1,0.484124241483168
"21074","1325","Ec_N",352,14,14,"Ec",19,0,1,0,0,1,0.484124241483168
"21075","1325","Ec_N",352,15,15,"Ec",19,0,1,0,0,1,0.484124241483168
"21076","1325","Ec_N",352,16,16,"Ec",19,0,1,0,0,1,0.484124241483168
"21077","1325","Ec_N",352,17,17,"Ec",19,0,1,0,0,1,0.484124241483168
"21078","1325","Ec_N",352,18,18,"Ec",20,1,1,0,0,1,0.791346487587567
"21079","1325","Ec_N",352,19,19,"Ec",20,1,1,0,0,1,0.791346487587567
"21080","1325","Ec_N",352,20,20,"Ec",20,1,1,0,0,1,0.791346487587567
"21081","1325","Ec_N",352,21,21,"Ec",20,1,1,0,0,1,0.791346487587567
"21082","1325","Ec_N",352,22,22,"Ec",24,1,1,1,0,1,0.872975948786018
"21083","1325","Ec_N",352,23,23,"Ec",8,1,1,1,0,0,0.887289570804412
"21084","1325","Ec_N",352,24,24,"Ec",8,1,1,1,0,0,0.887289570804412
"21085","1325","Ec_N",352,25,25,"Ec",8,1,1,1,0,0,0.887289570804412
"21086","1325","Ec_N",352,26,26,"Ec",8,1,1,1,0,0,0.887289570804412
"21087","1325","Ec_N",352,27,27,"Ec",8,1,1,1,0,0,0.887289570804412
"21088","1325","Ec_N",352,28,28,"Ec",16,1,1,1,1,0,0.93631405476465
"21089","1325","Ec_N",352,29,29,"Ec",16,1,1,1,1,0,0.93631405476465
"21090","1325","Ec_N",352,30,30,"Ec",16,1,1,1,1,0,0.93631405476465
"21091","1325","Ec_N",352,31,31,"Ec",32,1,1,1,1,1,1
"21092","1325","Ec_N",352,32,32,"Ec",32,1,1,1,1,1,1
"21093","1325","Ec_N",352,33,33,"Ec",32,1,1,1,1,1,1
"21094","1325","Ec_N",352,34,34,"Ec",32,1,1,1,1,1,1
"21095","1325","Ec_N",352,35,35,"Ec",32,1,1,1,1,1,1
"21096","1325","Ec_N",352,36,36,"Ec",32,1,1,1,1,1,1
"21097","1325","Ec_N",352,37,37,"Ec",32,1,1,1,1,1,1
"21098","1325","Ec_N",352,38,38,"Ec",32,1,1,1,1,1,1
"21099","1325","Ec_N",352,39,39,"Ec",32,1,1,1,1,1,1
"21100","1325","Ec_N",352,40,40,"Ec",32,1,1,1,1,1,1
"21101","1325","Ec_N",352,41,41,"Ec",32,1,1,1,1,1,1
"21102","1325","Ec_N",352,42,42,"Ec",32,1,1,1,1,1,1
"21103","1325","Ec_N",352,43,43,"Ec",32,1,1,1,1,1,1
"21104","1325","Ec_N",352,44,44,"Ec",32,1,1,1,1,1,1
"21105","1325","Ec_N",352,45,45,"Ec",32,1,1,1,1,1,1
"21106","1325","Ec_N",352,46,46,"Ec",32,1,1,1,1,1,1
"21107","1325","Ec_N",352,47,47,"Ec",32,1,1,1,1,1,1
"21108","1325","Ec_N",352,48,48,"Ec",32,1,1,1,1,1,1
"21109","1325","Ec_N",352,49,49,"Ec",32,1,1,1,1,1,1
"21110","1325","Ec_N",352,50,50,"Ec",32,1,1,1,1,1,1
"21111","1325","Ec_N",352,51,51,"Ec",32,1,1,1,1,1,1
"21112","1325","Ec_N",352,52,52,"Ec",32,1,1,1,1,1,1
"21113","1325","Ec_N",352,53,53,"Ec",32,1,1,1,1,1,1
"21114","1325","Ec_N",352,54,54,"Ec",32,1,1,1,1,1,1
"21115","1325","Ec_N",352,55,55,"Ec",32,1,1,1,1,1,1
"21116","1325","Ec_N",352,56,56,"Ec",32,1,1,1,1,1,1
"21117","1325","Ec_N",352,57,57,"Ec",32,1,1,1,1,1,1
"21118","1325","Ec_N",352,58,58,"Ec",32,1,1,1,1,1,1
"21119","1325","Ec_N",352,59,59,"Ec",32,1,1,1,1,1,1
"21120","1325","Ec_N",352,60,60,"Ec",32,1,1,1,1,1,1
"21121","1325","Ec_N",353,1,1,"Ec",1,0,0,0,0,0,0
"21122","1325","Ec_N",353,2,2,"Ec",1,0,0,0,0,0,0
"21123","1325","Ec_N",353,3,3,"Ec",1,0,0,0,0,0,0
"21124","1325","Ec_N",353,4,4,"Ec",1,0,0,0,0,0,0
"21125","1325","Ec_N",353,5,5,"Ec",1,0,0,0,0,0,0
"21126","1325","Ec_N",353,6,6,"Ec",1,0,0,0,0,0,0
"21127","1325","Ec_N",353,7,7,"Ec",1,0,0,0,0,0,0
"21128","1325","Ec_N",353,8,8,"Ec",1,0,0,0,0,0,0
"21129","1325","Ec_N",353,9,9,"Ec",3,0,1,0,0,0,0.420438296247818
"21130","1325","Ec_N",353,10,10,"Ec",3,0,1,0,0,0,0.420438296247818
"21131","1325","Ec_N",353,11,11,"Ec",7,0,1,1,0,0,0.580067324700012
"21132","1325","Ec_N",353,12,12,"Ec",7,0,1,1,0,0,0.580067324700012
"21133","1325","Ec_N",353,13,13,"Ec",7,0,1,1,0,0,0.580067324700012
"21134","1325","Ec_N",353,14,14,"Ec",8,1,1,1,0,0,0.887289570804412
"21135","1325","Ec_N",353,15,15,"Ec",8,1,1,1,0,0,0.887289570804412
"21136","1325","Ec_N",353,16,16,"Ec",8,1,1,1,0,0,0.887289570804412
"21137","1325","Ec_N",353,17,17,"Ec",8,1,1,1,0,0,0.887289570804412
"21138","1325","Ec_N",353,18,18,"Ec",8,1,1,1,0,0,0.887289570804412
"21139","1325","Ec_N",353,19,19,"Ec",8,1,1,1,0,0,0.887289570804412
"21140","1325","Ec_N",353,20,20,"Ec",8,1,1,1,0,0,0.887289570804412
"21141","1325","Ec_N",353,21,21,"Ec",8,1,1,1,0,0,0.887289570804412
"21142","1325","Ec_N",353,22,22,"Ec",8,1,1,1,0,0,0.887289570804412
"21143","1325","Ec_N",353,23,23,"Ec",8,1,1,1,0,0,0.887289570804412
"21144","1325","Ec_N",353,24,24,"Ec",8,1,1,1,0,0,0.887289570804412
"21145","1325","Ec_N",353,25,25,"Ec",8,1,1,1,0,0,0.887289570804412
"21146","1325","Ec_N",353,26,26,"Ec",8,1,1,1,0,0,0.887289570804412
"21147","1325","Ec_N",353,27,27,"Ec",8,1,1,1,0,0,0.887289570804412
"21148","1325","Ec_N",353,28,28,"Ec",8,1,1,1,0,0,0.887289570804412
"21149","1325","Ec_N",353,29,29,"Ec",8,1,1,1,0,0,0.887289570804412
"21150","1325","Ec_N",353,30,30,"Ec",8,1,1,1,0,0,0.887289570804412
"21151","1325","Ec_N",353,31,31,"Ec",8,1,1,1,0,0,0.887289570804412
"21152","1325","Ec_N",353,32,32,"Ec",8,1,1,1,0,0,0.887289570804412
"21153","1325","Ec_N",353,33,33,"Ec",8,1,1,1,0,0,0.887289570804412
"21154","1325","Ec_N",353,34,34,"Ec",8,1,1,1,0,0,0.887289570804412
"21155","1325","Ec_N",353,35,35,"Ec",8,1,1,1,0,0,0.887289570804412
"21156","1325","Ec_N",353,36,36,"Ec",8,1,1,1,0,0,0.887289570804412
"21157","1325","Ec_N",353,37,37,"Ec",8,1,1,1,0,0,0.887289570804412
"21158","1325","Ec_N",353,38,38,"Ec",8,1,1,1,0,0,0.887289570804412
"21159","1325","Ec_N",353,39,39,"Ec",8,1,1,1,0,0,0.887289570804412
"21160","1325","Ec_N",353,40,40,"Ec",8,1,1,1,0,0,0.887289570804412
"21161","1325","Ec_N",353,41,41,"Ec",8,1,1,1,0,0,0.887289570804412
"21162","1325","Ec_N",353,42,42,"Ec",8,1,1,1,0,0,0.887289570804412
"21163","1325","Ec_N",353,43,43,"Ec",8,1,1,1,0,0,0.887289570804412
"21164","1325","Ec_N",353,44,44,"Ec",16,1,1,1,1,0,0.93631405476465
"21165","1325","Ec_N",353,45,45,"Ec",16,1,1,1,1,0,0.93631405476465
"21166","1325","Ec_N",353,46,46,"Ec",16,1,1,1,1,0,0.93631405476465
"21167","1325","Ec_N",353,47,47,"Ec",16,1,1,1,1,0,0.93631405476465
"21168","1325","Ec_N",353,48,48,"Ec",16,1,1,1,1,0,0.93631405476465
"21169","1325","Ec_N",353,49,49,"Ec",16,1,1,1,1,0,0.93631405476465
"21170","1325","Ec_N",353,50,50,"Ec",16,1,1,1,1,0,0.93631405476465
"21171","1325","Ec_N",353,51,51,"Ec",16,1,1,1,1,0,0.93631405476465
"21172","1325","Ec_N",353,52,52,"Ec",16,1,1,1,1,0,0.93631405476465
"21173","1325","Ec_N",353,53,53,"Ec",16,1,1,1,1,0,0.93631405476465
"21174","1325","Ec_N",353,54,54,"Ec",16,1,1,1,1,0,0.93631405476465
"21175","1325","Ec_N",353,55,55,"Ec",16,1,1,1,1,0,0.93631405476465
"21176","1325","Ec_N",353,56,56,"Ec",16,1,1,1,1,0,0.93631405476465
"21177","1325","Ec_N",353,57,57,"Ec",16,1,1,1,1,0,0.93631405476465
"21178","1325","Ec_N",353,58,58,"Ec",16,1,1,1,1,0,0.93631405476465
"21179","1325","Ec_N",353,59,59,"Ec",16,1,1,1,1,0,0.93631405476465
"21180","1325","Ec_N",353,60,60,"Ec",16,1,1,1,1,0,0.93631405476465
"21181","1325","Ec_N",354,1,1,"Ec",1,0,0,0,0,0,0
"21182","1325","Ec_N",354,2,2,"Ec",1,0,0,0,0,0,0
"21183","1325","Ec_N",354,3,3,"Ec",9,0,0,0,1,0,0.0490244839602376
"21184","1325","Ec_N",354,4,4,"Ec",9,0,0,0,1,0,0.0490244839602376
"21185","1325","Ec_N",354,5,5,"Ec",9,0,0,0,1,0,0.0490244839602376
"21186","1325","Ec_N",354,6,6,"Ec",11,0,1,0,1,0,0.503461616060769
"21187","1325","Ec_N",354,7,7,"Ec",11,0,1,0,1,0,0.503461616060769
"21188","1325","Ec_N",354,8,8,"Ec",11,0,1,0,1,0,0.503461616060769
"21189","1325","Ec_N",354,9,9,"Ec",11,0,1,0,1,0,0.503461616060769
"21190","1325","Ec_N",354,10,10,"Ec",15,0,1,1,1,0,0.62909180866025
"21191","1325","Ec_N",354,11,11,"Ec",15,0,1,1,1,0,0.62909180866025
"21192","1325","Ec_N",354,12,12,"Ec",15,0,1,1,1,0,0.62909180866025
"21193","1325","Ec_N",354,13,13,"Ec",15,0,1,1,1,0,0.62909180866025
"21194","1325","Ec_N",354,14,14,"Ec",15,0,1,1,1,0,0.62909180866025
"21195","1325","Ec_N",354,15,15,"Ec",16,1,1,1,1,0,0.93631405476465
"21196","1325","Ec_N",354,16,16,"Ec",16,1,1,1,1,0,0.93631405476465
"21197","1325","Ec_N",354,17,17,"Ec",16,1,1,1,1,0,0.93631405476465
"21198","1325","Ec_N",354,18,18,"Ec",16,1,1,1,1,0,0.93631405476465
"21199","1325","Ec_N",354,19,19,"Ec",16,1,1,1,1,0,0.93631405476465
"21200","1325","Ec_N",354,20,20,"Ec",16,1,1,1,1,0,0.93631405476465
"21201","1325","Ec_N",354,21,21,"Ec",16,1,1,1,1,0,0.93631405476465
"21202","1325","Ec_N",354,22,22,"Ec",16,1,1,1,1,0,0.93631405476465
"21203","1325","Ec_N",354,23,23,"Ec",16,1,1,1,1,0,0.93631405476465
"21204","1325","Ec_N",354,24,24,"Ec",16,1,1,1,1,0,0.93631405476465
"21205","1325","Ec_N",354,25,25,"Ec",16,1,1,1,1,0,0.93631405476465
"21206","1325","Ec_N",354,26,26,"Ec",16,1,1,1,1,0,0.93631405476465
"21207","1325","Ec_N",354,27,27,"Ec",32,1,1,1,1,1,1
"21208","1325","Ec_N",354,28,28,"Ec",32,1,1,1,1,1,1
"21209","1325","Ec_N",354,29,29,"Ec",32,1,1,1,1,1,1
"21210","1325","Ec_N",354,30,30,"Ec",32,1,1,1,1,1,1
"21211","1325","Ec_N",354,31,31,"Ec",32,1,1,1,1,1,1
"21212","1325","Ec_N",354,32,32,"Ec",32,1,1,1,1,1,1
"21213","1325","Ec_N",354,33,33,"Ec",32,1,1,1,1,1,1
"21214","1325","Ec_N",354,34,34,"Ec",32,1,1,1,1,1,1
"21215","1325","Ec_N",354,35,35,"Ec",32,1,1,1,1,1,1
"21216","1325","Ec_N",354,36,36,"Ec",32,1,1,1,1,1,1
"21217","1325","Ec_N",354,37,37,"Ec",32,1,1,1,1,1,1
"21218","1325","Ec_N",354,38,38,"Ec",32,1,1,1,1,1,1
"21219","1325","Ec_N",354,39,39,"Ec",32,1,1,1,1,1,1
"21220","1325","Ec_N",354,40,40,"Ec",32,1,1,1,1,1,1
"21221","1325","Ec_N",354,41,41,"Ec",32,1,1,1,1,1,1
"21222","1325","Ec_N",354,42,42,"Ec",32,1,1,1,1,1,1
"21223","1325","Ec_N",354,43,43,"Ec",32,1,1,1,1,1,1
"21224","1325","Ec_N",354,44,44,"Ec",32,1,1,1,1,1,1
"21225","1325","Ec_N",354,45,45,"Ec",32,1,1,1,1,1,1
"21226","1325","Ec_N",354,46,46,"Ec",32,1,1,1,1,1,1
"21227","1325","Ec_N",354,47,47,"Ec",32,1,1,1,1,1,1
"21228","1325","Ec_N",354,48,48,"Ec",32,1,1,1,1,1,1
"21229","1325","Ec_N",354,49,49,"Ec",32,1,1,1,1,1,1
"21230","1325","Ec_N",354,50,50,"Ec",32,1,1,1,1,1,1
"21231","1325","Ec_N",354,51,51,"Ec",32,1,1,1,1,1,1
"21232","1325","Ec_N",354,52,52,"Ec",32,1,1,1,1,1,1
"21233","1325","Ec_N",354,53,53,"Ec",32,1,1,1,1,1,1
"21234","1325","Ec_N",354,54,54,"Ec",32,1,1,1,1,1,1
"21235","1325","Ec_N",354,55,55,"Ec",32,1,1,1,1,1,1
"21236","1325","Ec_N",354,56,56,"Ec",32,1,1,1,1,1,1
"21237","1325","Ec_N",354,57,57,"Ec",32,1,1,1,1,1,1
"21238","1325","Ec_N",354,58,58,"Ec",32,1,1,1,1,1,1
"21239","1325","Ec_N",354,59,59,"Ec",32,1,1,1,1,1,1
"21240","1325","Ec_N",354,60,60,"Ec",32,1,1,1,1,1,1
"21241","1325","Ec_N",355,1,1,"Ec",1,0,0,0,0,0,0
"21242","1325","Ec_N",355,2,2,"Ec",1,0,0,0,0,0,0
"21243","1325","Ec_N",355,3,3,"Ec",1,0,0,0,0,0,0
"21244","1325","Ec_N",355,4,4,"Ec",1,0,0,0,0,0,0
"21245","1325","Ec_N",355,5,5,"Ec",1,0,0,0,0,0,0
"21246","1325","Ec_N",355,6,6,"Ec",1,0,0,0,0,0,0
"21247","1325","Ec_N",355,7,7,"Ec",1,0,0,0,0,0,0
"21248","1325","Ec_N",355,8,8,"Ec",1,0,0,0,0,0,0
"21249","1325","Ec_N",355,9,9,"Ec",2,1,0,0,0,0,0.3072222461044
"21250","1325","Ec_N",355,10,10,"Ec",2,1,0,0,0,0,0.3072222461044
"21251","1325","Ec_N",355,11,11,"Ec",2,1,0,0,0,0,0.3072222461044
"21252","1325","Ec_N",355,12,12,"Ec",6,1,0,1,0,0,0.466851274556594
"21253","1325","Ec_N",355,13,13,"Ec",14,1,0,1,1,0,0.479175264165032
"21254","1325","Ec_N",355,14,14,"Ec",14,1,0,1,1,0,0.479175264165032
"21255","1325","Ec_N",355,15,15,"Ec",14,1,0,1,1,0,0.479175264165032
"21256","1325","Ec_N",355,16,16,"Ec",14,1,0,1,1,0,0.479175264165032
"21257","1325","Ec_N",355,17,17,"Ec",14,1,0,1,1,0,0.479175264165032
"21258","1325","Ec_N",355,18,18,"Ec",14,1,0,1,1,0,0.479175264165032
"21259","1325","Ec_N",355,19,19,"Ec",14,1,0,1,1,0,0.479175264165032
"21260","1325","Ec_N",355,20,20,"Ec",14,1,0,1,1,0,0.479175264165032
"21261","1325","Ec_N",355,21,21,"Ec",14,1,0,1,1,0,0.479175264165032
"21262","1325","Ec_N",355,22,22,"Ec",14,1,0,1,1,0,0.479175264165032
"21263","1325","Ec_N",355,23,23,"Ec",14,1,0,1,1,0,0.479175264165032
"21264","1325","Ec_N",355,24,24,"Ec",14,1,0,1,1,0,0.479175264165032
"21265","1325","Ec_N",355,25,25,"Ec",14,1,0,1,1,0,0.479175264165032
"21266","1325","Ec_N",355,26,26,"Ec",14,1,0,1,1,0,0.479175264165032
"21267","1325","Ec_N",355,27,27,"Ec",14,1,0,1,1,0,0.479175264165032
"21268","1325","Ec_N",355,28,28,"Ec",30,1,0,1,1,1,0.579561703752182
"21269","1325","Ec_N",355,29,29,"Ec",30,1,0,1,1,1,0.579561703752182
"21270","1325","Ec_N",355,30,30,"Ec",30,1,0,1,1,1,0.579561703752182
"21271","1325","Ec_N",355,31,31,"Ec",30,1,0,1,1,1,0.579561703752182
"21272","1325","Ec_N",355,32,32,"Ec",30,1,0,1,1,1,0.579561703752182
"21273","1325","Ec_N",355,33,33,"Ec",30,1,0,1,1,1,0.579561703752182
"21274","1325","Ec_N",355,34,34,"Ec",30,1,0,1,1,1,0.579561703752182
"21275","1325","Ec_N",355,35,35,"Ec",30,1,0,1,1,1,0.579561703752182
"21276","1325","Ec_N",355,36,36,"Ec",30,1,0,1,1,1,0.579561703752182
"21277","1325","Ec_N",355,37,37,"Ec",30,1,0,1,1,1,0.579561703752182
"21278","1325","Ec_N",355,38,38,"Ec",30,1,0,1,1,1,0.579561703752182
"21279","1325","Ec_N",355,39,39,"Ec",30,1,0,1,1,1,0.579561703752182
"21280","1325","Ec_N",355,40,40,"Ec",30,1,0,1,1,1,0.579561703752182
"21281","1325","Ec_N",355,41,41,"Ec",30,1,0,1,1,1,0.579561703752182
"21282","1325","Ec_N",355,42,42,"Ec",30,1,0,1,1,1,0.579561703752182
"21283","1325","Ec_N",355,43,43,"Ec",30,1,0,1,1,1,0.579561703752182
"21284","1325","Ec_N",355,44,44,"Ec",30,1,0,1,1,1,0.579561703752182
"21285","1325","Ec_N",355,45,45,"Ec",30,1,0,1,1,1,0.579561703752182
"21286","1325","Ec_N",355,46,46,"Ec",30,1,0,1,1,1,0.579561703752182
"21287","1325","Ec_N",355,47,47,"Ec",30,1,0,1,1,1,0.579561703752182
"21288","1325","Ec_N",355,48,48,"Ec",30,1,0,1,1,1,0.579561703752182
"21289","1325","Ec_N",355,49,49,"Ec",30,1,0,1,1,1,0.579561703752182
"21290","1325","Ec_N",355,50,50,"Ec",30,1,0,1,1,1,0.579561703752182
"21291","1325","Ec_N",355,51,51,"Ec",30,1,0,1,1,1,0.579561703752182
"21292","1325","Ec_N",355,52,52,"Ec",30,1,0,1,1,1,0.579561703752182
"21293","1325","Ec_N",355,53,53,"Ec",30,1,0,1,1,1,0.579561703752182
"21294","1325","Ec_N",355,54,54,"Ec",30,1,0,1,1,1,0.579561703752182
"21295","1325","Ec_N",355,55,55,"Ec",30,1,0,1,1,1,0.579561703752182
"21296","1325","Ec_N",355,56,56,"Ec",30,1,0,1,1,1,0.579561703752182
"21297","1325","Ec_N",355,57,57,"Ec",30,1,0,1,1,1,0.579561703752182
"21298","1325","Ec_N",355,58,58,"Ec",30,1,0,1,1,1,0.579561703752182
"21299","1325","Ec_N",355,59,59,"Ec",30,1,0,1,1,1,0.579561703752182
"21300","1325","Ec_N",355,60,60,"Ec",32,1,1,1,1,1,1
"21301","1325","Ec_N",356,1,1,"Ec",1,0,0,0,0,0,0
"21302","1325","Ec_N",356,2,2,"Ec",1,0,0,0,0,0,0
"21303","1325","Ec_N",356,3,3,"Ec",1,0,0,0,0,0,0
"21304","1325","Ec_N",356,4,4,"Ec",1,0,0,0,0,0,0
"21305","1325","Ec_N",356,5,5,"Ec",1,0,0,0,0,0,0
"21306","1325","Ec_N",356,6,6,"Ec",9,0,0,0,1,0,0.0490244839602376
"21307","1325","Ec_N",356,7,7,"Ec",9,0,0,0,1,0,0.0490244839602376
"21308","1325","Ec_N",356,8,8,"Ec",9,0,0,0,1,0,0.0490244839602376
"21309","1325","Ec_N",356,9,9,"Ec",9,0,0,0,1,0,0.0490244839602376
"21310","1325","Ec_N",356,10,10,"Ec",9,0,0,0,1,0,0.0490244839602376
"21311","1325","Ec_N",356,11,11,"Ec",9,0,0,0,1,0,0.0490244839602376
"21312","1325","Ec_N",356,12,12,"Ec",9,0,0,0,1,0,0.0490244839602376
"21313","1325","Ec_N",356,13,13,"Ec",9,0,0,0,1,0,0.0490244839602376
"21314","1325","Ec_N",356,14,14,"Ec",9,0,0,0,1,0,0.0490244839602376
"21315","1325","Ec_N",356,15,15,"Ec",9,0,0,0,1,0,0.0490244839602376
"21316","1325","Ec_N",356,16,16,"Ec",9,0,0,0,1,0,0.0490244839602376
"21317","1325","Ec_N",356,17,17,"Ec",9,0,0,0,1,0,0.0490244839602376
"21318","1325","Ec_N",356,18,18,"Ec",9,0,0,0,1,0,0.0490244839602376
"21319","1325","Ec_N",356,19,19,"Ec",9,0,0,0,1,0,0.0490244839602376
"21320","1325","Ec_N",356,20,20,"Ec",9,0,0,0,1,0,0.0490244839602376
"21321","1325","Ec_N",356,21,21,"Ec",9,0,0,0,1,0,0.0490244839602376
"21322","1325","Ec_N",356,22,22,"Ec",9,0,0,0,1,0,0.0490244839602376
"21323","1325","Ec_N",356,23,23,"Ec",11,0,1,0,1,0,0.503461616060769
"21324","1325","Ec_N",356,24,24,"Ec",11,0,1,0,1,0,0.503461616060769
"21325","1325","Ec_N",356,25,25,"Ec",27,0,1,0,1,1,0.533148725443406
"21326","1325","Ec_N",356,26,26,"Ec",27,0,1,0,1,1,0.533148725443406
"21327","1325","Ec_N",356,27,27,"Ec",27,0,1,0,1,1,0.533148725443406
"21328","1325","Ec_N",356,28,28,"Ec",27,0,1,0,1,1,0.533148725443406
"21329","1325","Ec_N",356,29,29,"Ec",28,1,1,0,1,1,0.815884725734249
"21330","1325","Ec_N",356,30,30,"Ec",28,1,1,0,1,1,0.815884725734249
"21331","1325","Ec_N",356,31,31,"Ec",28,1,1,0,1,1,0.815884725734249
"21332","1325","Ec_N",356,32,32,"Ec",28,1,1,0,1,1,0.815884725734249
"21333","1325","Ec_N",356,33,33,"Ec",32,1,1,1,1,1,1
"21334","1325","Ec_N",356,34,34,"Ec",32,1,1,1,1,1,1
"21335","1325","Ec_N",356,35,35,"Ec",32,1,1,1,1,1,1
"21336","1325","Ec_N",356,36,36,"Ec",32,1,1,1,1,1,1
"21337","1325","Ec_N",356,37,37,"Ec",32,1,1,1,1,1,1
"21338","1325","Ec_N",356,38,38,"Ec",32,1,1,1,1,1,1
"21339","1325","Ec_N",356,39,39,"Ec",32,1,1,1,1,1,1
"21340","1325","Ec_N",356,40,40,"Ec",32,1,1,1,1,1,1
"21341","1325","Ec_N",356,41,41,"Ec",32,1,1,1,1,1,1
"21342","1325","Ec_N",356,42,42,"Ec",32,1,1,1,1,1,1
"21343","1325","Ec_N",356,43,43,"Ec",32,1,1,1,1,1,1
"21344","1325","Ec_N",356,44,44,"Ec",32,1,1,1,1,1,1
"21345","1325","Ec_N",356,45,45,"Ec",32,1,1,1,1,1,1
"21346","1325","Ec_N",356,46,46,"Ec",32,1,1,1,1,1,1
"21347","1325","Ec_N",356,47,47,"Ec",32,1,1,1,1,1,1
"21348","1325","Ec_N",356,48,48,"Ec",32,1,1,1,1,1,1
"21349","1325","Ec_N",356,49,49,"Ec",32,1,1,1,1,1,1
"21350","1325","Ec_N",356,50,50,"Ec",32,1,1,1,1,1,1
"21351","1325","Ec_N",356,51,51,"Ec",32,1,1,1,1,1,1
"21352","1325","Ec_N",356,52,52,"Ec",32,1,1,1,1,1,1
"21353","1325","Ec_N",356,53,53,"Ec",32,1,1,1,1,1,1
"21354","1325","Ec_N",356,54,54,"Ec",32,1,1,1,1,1,1
"21355","1325","Ec_N",356,55,55,"Ec",32,1,1,1,1,1,1
"21356","1325","Ec_N",356,56,56,"Ec",32,1,1,1,1,1,1
"21357","1325","Ec_N",356,57,57,"Ec",32,1,1,1,1,1,1
"21358","1325","Ec_N",356,58,58,"Ec",32,1,1,1,1,1,1
"21359","1325","Ec_N",356,59,59,"Ec",32,1,1,1,1,1,1
"21360","1325","Ec_N",356,60,60,"Ec",32,1,1,1,1,1,1
"21361","1325","Ec_N",357,1,1,"Ec",1,0,0,0,0,0,0
"21362","1325","Ec_N",357,2,2,"Ec",1,0,0,0,0,0,0
"21363","1325","Ec_N",357,3,3,"Ec",1,0,0,0,0,0,0
"21364","1325","Ec_N",357,4,4,"Ec",3,0,1,0,0,0,0.420438296247818
"21365","1325","Ec_N",357,5,5,"Ec",7,0,1,1,0,0,0.580067324700012
"21366","1325","Ec_N",357,6,6,"Ec",7,0,1,1,0,0,0.580067324700012
"21367","1325","Ec_N",357,7,7,"Ec",7,0,1,1,0,0,0.580067324700012
"21368","1325","Ec_N",357,8,8,"Ec",7,0,1,1,0,0,0.580067324700012
"21369","1325","Ec_N",357,9,9,"Ec",7,0,1,1,0,0,0.580067324700012
"21370","1325","Ec_N",357,10,10,"Ec",7,0,1,1,0,0,0.580067324700012
"21371","1325","Ec_N",357,11,11,"Ec",15,0,1,1,1,0,0.62909180866025
"21372","1325","Ec_N",357,12,12,"Ec",15,0,1,1,1,0,0.62909180866025
"21373","1325","Ec_N",357,13,13,"Ec",15,0,1,1,1,0,0.62909180866025
"21374","1325","Ec_N",357,14,14,"Ec",31,0,1,1,1,1,0.6927777538956
"21375","1325","Ec_N",357,15,15,"Ec",31,0,1,1,1,1,0.6927777538956
"21376","1325","Ec_N",357,16,16,"Ec",31,0,1,1,1,1,0.6927777538956
"21377","1325","Ec_N",357,17,17,"Ec",31,0,1,1,1,1,0.6927777538956
"21378","1325","Ec_N",357,18,18,"Ec",31,0,1,1,1,1,0.6927777538956
"21379","1325","Ec_N",357,19,19,"Ec",31,0,1,1,1,1,0.6927777538956
"21380","1325","Ec_N",357,20,20,"Ec",31,0,1,1,1,1,0.6927777538956
"21381","1325","Ec_N",357,21,21,"Ec",31,0,1,1,1,1,0.6927777538956
"21382","1325","Ec_N",357,22,22,"Ec",31,0,1,1,1,1,0.6927777538956
"21383","1325","Ec_N",357,23,23,"Ec",31,0,1,1,1,1,0.6927777538956
"21384","1325","Ec_N",357,24,24,"Ec",31,0,1,1,1,1,0.6927777538956
"21385","1325","Ec_N",357,25,25,"Ec",31,0,1,1,1,1,0.6927777538956
"21386","1325","Ec_N",357,26,26,"Ec",31,0,1,1,1,1,0.6927777538956
"21387","1325","Ec_N",357,27,27,"Ec",31,0,1,1,1,1,0.6927777538956
"21388","1325","Ec_N",357,28,28,"Ec",31,0,1,1,1,1,0.6927777538956
"21389","1325","Ec_N",357,29,29,"Ec",31,0,1,1,1,1,0.6927777538956
"21390","1325","Ec_N",357,30,30,"Ec",31,0,1,1,1,1,0.6927777538956
"21391","1325","Ec_N",357,31,31,"Ec",31,0,1,1,1,1,0.6927777538956
"21392","1325","Ec_N",357,32,32,"Ec",31,0,1,1,1,1,0.6927777538956
"21393","1325","Ec_N",357,33,33,"Ec",31,0,1,1,1,1,0.6927777538956
"21394","1325","Ec_N",357,34,34,"Ec",31,0,1,1,1,1,0.6927777538956
"21395","1325","Ec_N",357,35,35,"Ec",31,0,1,1,1,1,0.6927777538956
"21396","1325","Ec_N",357,36,36,"Ec",31,0,1,1,1,1,0.6927777538956
"21397","1325","Ec_N",357,37,37,"Ec",31,0,1,1,1,1,0.6927777538956
"21398","1325","Ec_N",357,38,38,"Ec",31,0,1,1,1,1,0.6927777538956
"21399","1325","Ec_N",357,39,39,"Ec",31,0,1,1,1,1,0.6927777538956
"21400","1325","Ec_N",357,40,40,"Ec",31,0,1,1,1,1,0.6927777538956
"21401","1325","Ec_N",357,41,41,"Ec",31,0,1,1,1,1,0.6927777538956
"21402","1325","Ec_N",357,42,42,"Ec",31,0,1,1,1,1,0.6927777538956
"21403","1325","Ec_N",357,43,43,"Ec",31,0,1,1,1,1,0.6927777538956
"21404","1325","Ec_N",357,44,44,"Ec",31,0,1,1,1,1,0.6927777538956
"21405","1325","Ec_N",357,45,45,"Ec",31,0,1,1,1,1,0.6927777538956
"21406","1325","Ec_N",357,46,46,"Ec",31,0,1,1,1,1,0.6927777538956
"21407","1325","Ec_N",357,47,47,"Ec",31,0,1,1,1,1,0.6927777538956
"21408","1325","Ec_N",357,48,48,"Ec",31,0,1,1,1,1,0.6927777538956
"21409","1325","Ec_N",357,49,49,"Ec",32,1,1,1,1,1,1
"21410","1325","Ec_N",357,50,50,"Ec",32,1,1,1,1,1,1
"21411","1325","Ec_N",357,51,51,"Ec",32,1,1,1,1,1,1
"21412","1325","Ec_N",357,52,52,"Ec",32,1,1,1,1,1,1
"21413","1325","Ec_N",357,53,53,"Ec",32,1,1,1,1,1,1
"21414","1325","Ec_N",357,54,54,"Ec",32,1,1,1,1,1,1
"21415","1325","Ec_N",357,55,55,"Ec",32,1,1,1,1,1,1
"21416","1325","Ec_N",357,56,56,"Ec",32,1,1,1,1,1,1
"21417","1325","Ec_N",357,57,57,"Ec",32,1,1,1,1,1,1
"21418","1325","Ec_N",357,58,58,"Ec",32,1,1,1,1,1,1
"21419","1325","Ec_N",357,59,59,"Ec",32,1,1,1,1,1,1
"21420","1325","Ec_N",357,60,60,"Ec",32,1,1,1,1,1,1
"21421","1325","Ec_N",358,1,1,"Ec",1,0,0,0,0,0,0
"21422","1325","Ec_N",358,2,2,"Ec",1,0,0,0,0,0,0
"21423","1325","Ec_N",358,3,3,"Ec",1,0,0,0,0,0,0
"21424","1325","Ec_N",358,4,4,"Ec",9,0,0,0,1,0,0.0490244839602376
"21425","1325","Ec_N",358,5,5,"Ec",9,0,0,0,1,0,0.0490244839602376
"21426","1325","Ec_N",358,6,6,"Ec",9,0,0,0,1,0,0.0490244839602376
"21427","1325","Ec_N",358,7,7,"Ec",9,0,0,0,1,0,0.0490244839602376
"21428","1325","Ec_N",358,8,8,"Ec",9,0,0,0,1,0,0.0490244839602376
"21429","1325","Ec_N",358,9,9,"Ec",25,0,0,0,1,1,0.112710429195588
"21430","1325","Ec_N",358,10,10,"Ec",25,0,0,0,1,1,0.112710429195588
"21431","1325","Ec_N",358,11,11,"Ec",25,0,0,0,1,1,0.112710429195588
"21432","1325","Ec_N",358,12,12,"Ec",27,0,1,0,1,1,0.533148725443406
"21433","1325","Ec_N",358,13,13,"Ec",27,0,1,0,1,1,0.533148725443406
"21434","1325","Ec_N",358,14,14,"Ec",27,0,1,0,1,1,0.533148725443406
"21435","1325","Ec_N",358,15,15,"Ec",27,0,1,0,1,1,0.533148725443406
"21436","1325","Ec_N",358,16,16,"Ec",27,0,1,0,1,1,0.533148725443406
"21437","1325","Ec_N",358,17,17,"Ec",27,0,1,0,1,1,0.533148725443406
"21438","1325","Ec_N",358,18,18,"Ec",27,0,1,0,1,1,0.533148725443406
"21439","1325","Ec_N",358,19,19,"Ec",27,0,1,0,1,1,0.533148725443406
"21440","1325","Ec_N",358,20,20,"Ec",27,0,1,0,1,1,0.533148725443406
"21441","1325","Ec_N",358,21,21,"Ec",27,0,1,0,1,1,0.533148725443406
"21442","1325","Ec_N",358,22,22,"Ec",27,0,1,0,1,1,0.533148725443406
"21443","1325","Ec_N",358,23,23,"Ec",27,0,1,0,1,1,0.533148725443406
"21444","1325","Ec_N",358,24,24,"Ec",27,0,1,0,1,1,0.533148725443406
"21445","1325","Ec_N",358,25,25,"Ec",27,0,1,0,1,1,0.533148725443406
"21446","1325","Ec_N",358,26,26,"Ec",27,0,1,0,1,1,0.533148725443406
"21447","1325","Ec_N",358,27,27,"Ec",27,0,1,0,1,1,0.533148725443406
"21448","1325","Ec_N",358,28,28,"Ec",27,0,1,0,1,1,0.533148725443406
"21449","1325","Ec_N",358,29,29,"Ec",27,0,1,0,1,1,0.533148725443406
"21450","1325","Ec_N",358,30,30,"Ec",27,0,1,0,1,1,0.533148725443406
"21451","1325","Ec_N",358,31,31,"Ec",27,0,1,0,1,1,0.533148725443406
"21452","1325","Ec_N",358,32,32,"Ec",27,0,1,0,1,1,0.533148725443406
"21453","1325","Ec_N",358,33,33,"Ec",27,0,1,0,1,1,0.533148725443406
"21454","1325","Ec_N",358,34,34,"Ec",27,0,1,0,1,1,0.533148725443406
"21455","1325","Ec_N",358,35,35,"Ec",27,0,1,0,1,1,0.533148725443406
"21456","1325","Ec_N",358,36,36,"Ec",31,0,1,1,1,1,0.6927777538956
"21457","1325","Ec_N",358,37,37,"Ec",31,0,1,1,1,1,0.6927777538956
"21458","1325","Ec_N",358,38,38,"Ec",31,0,1,1,1,1,0.6927777538956
"21459","1325","Ec_N",358,39,39,"Ec",31,0,1,1,1,1,0.6927777538956
"21460","1325","Ec_N",358,40,40,"Ec",31,0,1,1,1,1,0.6927777538956
"21461","1325","Ec_N",358,41,41,"Ec",31,0,1,1,1,1,0.6927777538956
"21462","1325","Ec_N",358,42,42,"Ec",31,0,1,1,1,1,0.6927777538956
"21463","1325","Ec_N",358,43,43,"Ec",31,0,1,1,1,1,0.6927777538956
"21464","1325","Ec_N",358,44,44,"Ec",31,0,1,1,1,1,0.6927777538956
"21465","1325","Ec_N",358,45,45,"Ec",31,0,1,1,1,1,0.6927777538956
"21466","1325","Ec_N",358,46,46,"Ec",31,0,1,1,1,1,0.6927777538956
"21467","1325","Ec_N",358,47,47,"Ec",31,0,1,1,1,1,0.6927777538956
"21468","1325","Ec_N",358,48,48,"Ec",31,0,1,1,1,1,0.6927777538956
"21469","1325","Ec_N",358,49,49,"Ec",31,0,1,1,1,1,0.6927777538956
"21470","1325","Ec_N",358,50,50,"Ec",31,0,1,1,1,1,0.6927777538956
"21471","1325","Ec_N",358,51,51,"Ec",31,0,1,1,1,1,0.6927777538956
"21472","1325","Ec_N",358,52,52,"Ec",31,0,1,1,1,1,0.6927777538956
"21473","1325","Ec_N",358,53,53,"Ec",31,0,1,1,1,1,0.6927777538956
"21474","1325","Ec_N",358,54,54,"Ec",31,0,1,1,1,1,0.6927777538956
"21475","1325","Ec_N",358,55,55,"Ec",31,0,1,1,1,1,0.6927777538956
"21476","1325","Ec_N",358,56,56,"Ec",31,0,1,1,1,1,0.6927777538956
"21477","1325","Ec_N",358,57,57,"Ec",31,0,1,1,1,1,0.6927777538956
"21478","1325","Ec_N",358,58,58,"Ec",31,0,1,1,1,1,0.6927777538956
"21479","1325","Ec_N",358,59,59,"Ec",31,0,1,1,1,1,0.6927777538956
"21480","1325","Ec_N",358,60,60,"Ec",31,0,1,1,1,1,0.6927777538956
"21481","1325","Ec_N",359,1,1,"Ec",1,0,0,0,0,0,0
"21482","1325","Ec_N",359,2,2,"Ec",5,0,0,1,0,0,0.159629028452195
"21483","1325","Ec_N",359,3,3,"Ec",5,0,0,1,0,0,0.159629028452195
"21484","1325","Ec_N",359,4,4,"Ec",5,0,0,1,0,0,0.159629028452195
"21485","1325","Ec_N",359,5,5,"Ec",5,0,0,1,0,0,0.159629028452195
"21486","1325","Ec_N",359,6,6,"Ec",5,0,0,1,0,0,0.159629028452195
"21487","1325","Ec_N",359,7,7,"Ec",5,0,0,1,0,0,0.159629028452195
"21488","1325","Ec_N",359,8,8,"Ec",5,0,0,1,0,0,0.159629028452195
"21489","1325","Ec_N",359,9,9,"Ec",5,0,0,1,0,0,0.159629028452195
"21490","1325","Ec_N",359,10,10,"Ec",5,0,0,1,0,0,0.159629028452195
"21491","1325","Ec_N",359,11,11,"Ec",5,0,0,1,0,0,0.159629028452195
"21492","1325","Ec_N",359,12,12,"Ec",5,0,0,1,0,0,0.159629028452195
"21493","1325","Ec_N",359,13,13,"Ec",5,0,0,1,0,0,0.159629028452195
"21494","1325","Ec_N",359,14,14,"Ec",5,0,0,1,0,0,0.159629028452195
"21495","1325","Ec_N",359,15,15,"Ec",5,0,0,1,0,0,0.159629028452195
"21496","1325","Ec_N",359,16,16,"Ec",5,0,0,1,0,0,0.159629028452195
"21497","1325","Ec_N",359,17,17,"Ec",5,0,0,1,0,0,0.159629028452195
"21498","1325","Ec_N",359,18,18,"Ec",5,0,0,1,0,0,0.159629028452195
"21499","1325","Ec_N",359,19,19,"Ec",5,0,0,1,0,0,0.159629028452195
"21500","1325","Ec_N",359,20,20,"Ec",5,0,0,1,0,0,0.159629028452195
"21501","1325","Ec_N",359,21,21,"Ec",6,1,0,1,0,0,0.466851274556594
"21502","1325","Ec_N",359,22,22,"Ec",6,1,0,1,0,0,0.466851274556594
"21503","1325","Ec_N",359,23,23,"Ec",22,1,0,1,0,1,0.530537219791945
"21504","1325","Ec_N",359,24,24,"Ec",22,1,0,1,0,1,0.530537219791945
"21505","1325","Ec_N",359,25,25,"Ec",22,1,0,1,0,1,0.530537219791945
"21506","1325","Ec_N",359,26,26,"Ec",22,1,0,1,0,1,0.530537219791945
"21507","1325","Ec_N",359,27,27,"Ec",22,1,0,1,0,1,0.530537219791945
"21508","1325","Ec_N",359,28,28,"Ec",22,1,0,1,0,1,0.530537219791945
"21509","1325","Ec_N",359,29,29,"Ec",24,1,1,1,0,1,0.872975948786018
"21510","1325","Ec_N",359,30,30,"Ec",24,1,1,1,0,1,0.872975948786018
"21511","1325","Ec_N",359,31,31,"Ec",24,1,1,1,0,1,0.872975948786018
"21512","1325","Ec_N",359,32,32,"Ec",32,1,1,1,1,1,1
"21513","1325","Ec_N",359,33,33,"Ec",32,1,1,1,1,1,1
"21514","1325","Ec_N",359,34,34,"Ec",32,1,1,1,1,1,1
"21515","1325","Ec_N",359,35,35,"Ec",32,1,1,1,1,1,1
"21516","1325","Ec_N",359,36,36,"Ec",32,1,1,1,1,1,1
"21517","1325","Ec_N",359,37,37,"Ec",32,1,1,1,1,1,1
"21518","1325","Ec_N",359,38,38,"Ec",32,1,1,1,1,1,1
"21519","1325","Ec_N",359,39,39,"Ec",32,1,1,1,1,1,1
"21520","1325","Ec_N",359,40,40,"Ec",32,1,1,1,1,1,1
"21521","1325","Ec_N",359,41,41,"Ec",32,1,1,1,1,1,1
"21522","1325","Ec_N",359,42,42,"Ec",32,1,1,1,1,1,1
"21523","1325","Ec_N",359,43,43,"Ec",32,1,1,1,1,1,1
"21524","1325","Ec_N",359,44,44,"Ec",32,1,1,1,1,1,1
"21525","1325","Ec_N",359,45,45,"Ec",32,1,1,1,1,1,1
"21526","1325","Ec_N",359,46,46,"Ec",32,1,1,1,1,1,1
"21527","1325","Ec_N",359,47,47,"Ec",32,1,1,1,1,1,1
"21528","1325","Ec_N",359,48,48,"Ec",32,1,1,1,1,1,1
"21529","1325","Ec_N",359,49,49,"Ec",32,1,1,1,1,1,1
"21530","1325","Ec_N",359,50,50,"Ec",32,1,1,1,1,1,1
"21531","1325","Ec_N",359,51,51,"Ec",32,1,1,1,1,1,1
"21532","1325","Ec_N",359,52,52,"Ec",32,1,1,1,1,1,1
"21533","1325","Ec_N",359,53,53,"Ec",32,1,1,1,1,1,1
"21534","1325","Ec_N",359,54,54,"Ec",32,1,1,1,1,1,1
"21535","1325","Ec_N",359,55,55,"Ec",32,1,1,1,1,1,1
"21536","1325","Ec_N",359,56,56,"Ec",32,1,1,1,1,1,1
"21537","1325","Ec_N",359,57,57,"Ec",32,1,1,1,1,1,1
"21538","1325","Ec_N",359,58,58,"Ec",32,1,1,1,1,1,1
"21539","1325","Ec_N",359,59,59,"Ec",32,1,1,1,1,1,1
"21540","1325","Ec_N",359,60,60,"Ec",32,1,1,1,1,1,1
"21541","1325","Ec_N",360,1,1,"Ec",1,0,0,0,0,0,0
"21542","1325","Ec_N",360,2,2,"Ec",1,0,0,0,0,0,0
"21543","1325","Ec_N",360,3,3,"Ec",1,0,0,0,0,0,0
"21544","1325","Ec_N",360,4,4,"Ec",1,0,0,0,0,0,0
"21545","1325","Ec_N",360,5,5,"Ec",1,0,0,0,0,0,0
"21546","1325","Ec_N",360,6,6,"Ec",1,0,0,0,0,0,0
"21547","1325","Ec_N",360,7,7,"Ec",1,0,0,0,0,0,0
"21548","1325","Ec_N",360,8,8,"Ec",1,0,0,0,0,0,0
"21549","1325","Ec_N",360,9,9,"Ec",1,0,0,0,0,0,0
"21550","1325","Ec_N",360,10,10,"Ec",1,0,0,0,0,0,0
"21551","1325","Ec_N",360,11,11,"Ec",1,0,0,0,0,0,0
"21552","1325","Ec_N",360,12,12,"Ec",1,0,0,0,0,0,0
"21553","1325","Ec_N",360,13,13,"Ec",1,0,0,0,0,0,0
"21554","1325","Ec_N",360,14,14,"Ec",1,0,0,0,0,0,0
"21555","1325","Ec_N",360,15,15,"Ec",1,0,0,0,0,0,0
"21556","1325","Ec_N",360,16,16,"Ec",1,0,0,0,0,0,0
"21557","1325","Ec_N",360,17,17,"Ec",1,0,0,0,0,0,0
"21558","1325","Ec_N",360,18,18,"Ec",1,0,0,0,0,0,0
"21559","1325","Ec_N",360,19,19,"Ec",1,0,0,0,0,0,0
"21560","1325","Ec_N",360,20,20,"Ec",5,0,0,1,0,0,0.159629028452195
"21561","1325","Ec_N",360,21,21,"Ec",6,1,0,1,0,0,0.466851274556594
"21562","1325","Ec_N",360,22,22,"Ec",6,1,0,1,0,0,0.466851274556594
"21563","1325","Ec_N",360,23,23,"Ec",6,1,0,1,0,0,0.466851274556594
"21564","1325","Ec_N",360,24,24,"Ec",6,1,0,1,0,0,0.466851274556594
"21565","1325","Ec_N",360,25,25,"Ec",6,1,0,1,0,0,0.466851274556594
"21566","1325","Ec_N",360,26,26,"Ec",6,1,0,1,0,0,0.466851274556594
"21567","1325","Ec_N",360,27,27,"Ec",8,1,1,1,0,0,0.887289570804412
"21568","1325","Ec_N",360,28,28,"Ec",8,1,1,1,0,0,0.887289570804412
"21569","1325","Ec_N",360,29,29,"Ec",8,1,1,1,0,0,0.887289570804412
"21570","1325","Ec_N",360,30,30,"Ec",8,1,1,1,0,0,0.887289570804412
"21571","1325","Ec_N",360,31,31,"Ec",8,1,1,1,0,0,0.887289570804412
"21572","1325","Ec_N",360,32,32,"Ec",8,1,1,1,0,0,0.887289570804412
"21573","1325","Ec_N",360,33,33,"Ec",8,1,1,1,0,0,0.887289570804412
"21574","1325","Ec_N",360,34,34,"Ec",8,1,1,1,0,0,0.887289570804412
"21575","1325","Ec_N",360,35,35,"Ec",8,1,1,1,0,0,0.887289570804412
"21576","1325","Ec_N",360,36,36,"Ec",8,1,1,1,0,0,0.887289570804412
"21577","1325","Ec_N",360,37,37,"Ec",8,1,1,1,0,0,0.887289570804412
"21578","1325","Ec_N",360,38,38,"Ec",8,1,1,1,0,0,0.887289570804412
"21579","1325","Ec_N",360,39,39,"Ec",8,1,1,1,0,0,0.887289570804412
"21580","1325","Ec_N",360,40,40,"Ec",8,1,1,1,0,0,0.887289570804412
"21581","1325","Ec_N",360,41,41,"Ec",8,1,1,1,0,0,0.887289570804412
"21582","1325","Ec_N",360,42,42,"Ec",8,1,1,1,0,0,0.887289570804412
"21583","1325","Ec_N",360,43,43,"Ec",8,1,1,1,0,0,0.887289570804412
"21584","1325","Ec_N",360,44,44,"Ec",8,1,1,1,0,0,0.887289570804412
"21585","1325","Ec_N",360,45,45,"Ec",8,1,1,1,0,0,0.887289570804412
"21586","1325","Ec_N",360,46,46,"Ec",8,1,1,1,0,0,0.887289570804412
"21587","1325","Ec_N",360,47,47,"Ec",8,1,1,1,0,0,0.887289570804412
"21588","1325","Ec_N",360,48,48,"Ec",8,1,1,1,0,0,0.887289570804412
"21589","1325","Ec_N",360,49,49,"Ec",8,1,1,1,0,0,0.887289570804412
"21590","1325","Ec_N",360,50,50,"Ec",8,1,1,1,0,0,0.887289570804412
"21591","1325","Ec_N",360,51,51,"Ec",8,1,1,1,0,0,0.887289570804412
"21592","1325","Ec_N",360,52,52,"Ec",8,1,1,1,0,0,0.887289570804412
"21593","1325","Ec_N",360,53,53,"Ec",8,1,1,1,0,0,0.887289570804412
"21594","1325","Ec_N",360,54,54,"Ec",8,1,1,1,0,0,0.887289570804412
"21595","1325","Ec_N",360,55,55,"Ec",8,1,1,1,0,0,0.887289570804412
"21596","1325","Ec_N",360,56,56,"Ec",8,1,1,1,0,0,0.887289570804412
"21597","1325","Ec_N",360,57,57,"Ec",8,1,1,1,0,0,0.887289570804412
"21598","1325","Ec_N",360,58,58,"Ec",8,1,1,1,0,0,0.887289570804412
"21599","1325","Ec_N",360,59,59,"Ec",8,1,1,1,0,0,0.887289570804412
"21600","1325","Ec_N",360,60,60,"Ec",8,1,1,1,0,0,0.887289570804412
"21601","1325","Ec_N",361,1,1,"Ec",1,0,0,0,0,0,0
"21602","1325","Ec_N",361,2,2,"Ec",1,0,0,0,0,0,0
"21603","1325","Ec_N",361,3,3,"Ec",9,0,0,0,1,0,0.0490244839602376
"21604","1325","Ec_N",361,4,4,"Ec",9,0,0,0,1,0,0.0490244839602376
"21605","1325","Ec_N",361,5,5,"Ec",9,0,0,0,1,0,0.0490244839602376
"21606","1325","Ec_N",361,6,6,"Ec",9,0,0,0,1,0,0.0490244839602376
"21607","1325","Ec_N",361,7,7,"Ec",9,0,0,0,1,0,0.0490244839602376
"21608","1325","Ec_N",361,8,8,"Ec",9,0,0,0,1,0,0.0490244839602376
"21609","1325","Ec_N",361,9,9,"Ec",25,0,0,0,1,1,0.112710429195588
"21610","1325","Ec_N",361,10,10,"Ec",25,0,0,0,1,1,0.112710429195588
"21611","1325","Ec_N",361,11,11,"Ec",25,0,0,0,1,1,0.112710429195588
"21612","1325","Ec_N",361,12,12,"Ec",25,0,0,0,1,1,0.112710429195588
"21613","1325","Ec_N",361,13,13,"Ec",25,0,0,0,1,1,0.112710429195588
"21614","1325","Ec_N",361,14,14,"Ec",25,0,0,0,1,1,0.112710429195588
"21615","1325","Ec_N",361,15,15,"Ec",25,0,0,0,1,1,0.112710429195588
"21616","1325","Ec_N",361,16,16,"Ec",27,0,1,0,1,1,0.533148725443406
"21617","1325","Ec_N",361,17,17,"Ec",27,0,1,0,1,1,0.533148725443406
"21618","1325","Ec_N",361,18,18,"Ec",27,0,1,0,1,1,0.533148725443406
"21619","1325","Ec_N",361,19,19,"Ec",27,0,1,0,1,1,0.533148725443406
"21620","1325","Ec_N",361,20,20,"Ec",27,0,1,0,1,1,0.533148725443406
"21621","1325","Ec_N",361,21,21,"Ec",27,0,1,0,1,1,0.533148725443406
"21622","1325","Ec_N",361,22,22,"Ec",27,0,1,0,1,1,0.533148725443406
"21623","1325","Ec_N",361,23,23,"Ec",28,1,1,0,1,1,0.815884725734249
"21624","1325","Ec_N",361,24,24,"Ec",32,1,1,1,1,1,1
"21625","1325","Ec_N",361,25,25,"Ec",32,1,1,1,1,1,1
"21626","1325","Ec_N",361,26,26,"Ec",32,1,1,1,1,1,1
"21627","1325","Ec_N",361,27,27,"Ec",32,1,1,1,1,1,1
"21628","1325","Ec_N",361,28,28,"Ec",32,1,1,1,1,1,1
"21629","1325","Ec_N",361,29,29,"Ec",32,1,1,1,1,1,1
"21630","1325","Ec_N",361,30,30,"Ec",32,1,1,1,1,1,1
"21631","1325","Ec_N",361,31,31,"Ec",32,1,1,1,1,1,1
"21632","1325","Ec_N",361,32,32,"Ec",32,1,1,1,1,1,1
"21633","1325","Ec_N",361,33,33,"Ec",32,1,1,1,1,1,1
"21634","1325","Ec_N",361,34,34,"Ec",32,1,1,1,1,1,1
"21635","1325","Ec_N",361,35,35,"Ec",32,1,1,1,1,1,1
"21636","1325","Ec_N",361,36,36,"Ec",32,1,1,1,1,1,1
"21637","1325","Ec_N",361,37,37,"Ec",32,1,1,1,1,1,1
"21638","1325","Ec_N",361,38,38,"Ec",32,1,1,1,1,1,1
"21639","1325","Ec_N",361,39,39,"Ec",32,1,1,1,1,1,1
"21640","1325","Ec_N",361,40,40,"Ec",32,1,1,1,1,1,1
"21641","1325","Ec_N",361,41,41,"Ec",32,1,1,1,1,1,1
"21642","1325","Ec_N",361,42,42,"Ec",32,1,1,1,1,1,1
"21643","1325","Ec_N",361,43,43,"Ec",32,1,1,1,1,1,1
"21644","1325","Ec_N",361,44,44,"Ec",32,1,1,1,1,1,1
"21645","1325","Ec_N",361,45,45,"Ec",32,1,1,1,1,1,1
"21646","1325","Ec_N",361,46,46,"Ec",32,1,1,1,1,1,1
"21647","1325","Ec_N",361,47,47,"Ec",32,1,1,1,1,1,1
"21648","1325","Ec_N",361,48,48,"Ec",32,1,1,1,1,1,1
"21649","1325","Ec_N",361,49,49,"Ec",32,1,1,1,1,1,1
"21650","1325","Ec_N",361,50,50,"Ec",32,1,1,1,1,1,1
"21651","1325","Ec_N",361,51,51,"Ec",32,1,1,1,1,1,1
"21652","1325","Ec_N",361,52,52,"Ec",32,1,1,1,1,1,1
"21653","1325","Ec_N",361,53,53,"Ec",32,1,1,1,1,1,1
"21654","1325","Ec_N",361,54,54,"Ec",32,1,1,1,1,1,1
"21655","1325","Ec_N",361,55,55,"Ec",32,1,1,1,1,1,1
"21656","1325","Ec_N",361,56,56,"Ec",32,1,1,1,1,1,1
"21657","1325","Ec_N",361,57,57,"Ec",32,1,1,1,1,1,1
"21658","1325","Ec_N",361,58,58,"Ec",32,1,1,1,1,1,1
"21659","1325","Ec_N",361,59,59,"Ec",32,1,1,1,1,1,1
"21660","1325","Ec_N",361,60,60,"Ec",32,1,1,1,1,1,1
"21661","1325","Ec_N",362,1,1,"Ec",1,0,0,0,0,0,0
"21662","1325","Ec_N",362,2,2,"Ec",1,0,0,0,0,0,0
"21663","1325","Ec_N",362,3,3,"Ec",17,0,0,0,0,1,0.0636859452353503
"21664","1325","Ec_N",362,4,4,"Ec",17,0,0,0,0,1,0.0636859452353503
"21665","1325","Ec_N",362,5,5,"Ec",17,0,0,0,0,1,0.0636859452353503
"21666","1325","Ec_N",362,6,6,"Ec",17,0,0,0,0,1,0.0636859452353503
"21667","1325","Ec_N",362,7,7,"Ec",17,0,0,0,0,1,0.0636859452353503
"21668","1325","Ec_N",362,8,8,"Ec",17,0,0,0,0,1,0.0636859452353503
"21669","1325","Ec_N",362,9,9,"Ec",17,0,0,0,0,1,0.0636859452353503
"21670","1325","Ec_N",362,10,10,"Ec",17,0,0,0,0,1,0.0636859452353503
"21671","1325","Ec_N",362,11,11,"Ec",17,0,0,0,0,1,0.0636859452353503
"21672","1325","Ec_N",362,12,12,"Ec",17,0,0,0,0,1,0.0636859452353503
"21673","1325","Ec_N",362,13,13,"Ec",21,0,0,1,0,1,0.223314973687545
"21674","1325","Ec_N",362,14,14,"Ec",23,0,1,1,0,1,0.57389469344254
"21675","1325","Ec_N",362,15,15,"Ec",23,0,1,1,0,1,0.57389469344254
"21676","1325","Ec_N",362,16,16,"Ec",23,0,1,1,0,1,0.57389469344254
"21677","1325","Ec_N",362,17,17,"Ec",23,0,1,1,0,1,0.57389469344254
"21678","1325","Ec_N",362,18,18,"Ec",23,0,1,1,0,1,0.57389469344254
"21679","1325","Ec_N",362,19,19,"Ec",23,0,1,1,0,1,0.57389469344254
"21680","1325","Ec_N",362,20,20,"Ec",23,0,1,1,0,1,0.57389469344254
"21681","1325","Ec_N",362,21,21,"Ec",23,0,1,1,0,1,0.57389469344254
"21682","1325","Ec_N",362,22,22,"Ec",23,0,1,1,0,1,0.57389469344254
"21683","1325","Ec_N",362,23,23,"Ec",23,0,1,1,0,1,0.57389469344254
"21684","1325","Ec_N",362,24,24,"Ec",23,0,1,1,0,1,0.57389469344254
"21685","1325","Ec_N",362,25,25,"Ec",23,0,1,1,0,1,0.57389469344254
"21686","1325","Ec_N",362,26,26,"Ec",23,0,1,1,0,1,0.57389469344254
"21687","1325","Ec_N",362,27,27,"Ec",23,0,1,1,0,1,0.57389469344254
"21688","1325","Ec_N",362,28,28,"Ec",23,0,1,1,0,1,0.57389469344254
"21689","1325","Ec_N",362,29,29,"Ec",23,0,1,1,0,1,0.57389469344254
"21690","1325","Ec_N",362,30,30,"Ec",23,0,1,1,0,1,0.57389469344254
"21691","1325","Ec_N",362,31,31,"Ec",23,0,1,1,0,1,0.57389469344254
"21692","1325","Ec_N",362,32,32,"Ec",23,0,1,1,0,1,0.57389469344254
"21693","1325","Ec_N",362,33,33,"Ec",23,0,1,1,0,1,0.57389469344254
"21694","1325","Ec_N",362,34,34,"Ec",23,0,1,1,0,1,0.57389469344254
"21695","1325","Ec_N",362,35,35,"Ec",23,0,1,1,0,1,0.57389469344254
"21696","1325","Ec_N",362,36,36,"Ec",23,0,1,1,0,1,0.57389469344254
"21697","1325","Ec_N",362,37,37,"Ec",23,0,1,1,0,1,0.57389469344254
"21698","1325","Ec_N",362,38,38,"Ec",23,0,1,1,0,1,0.57389469344254
"21699","1325","Ec_N",362,39,39,"Ec",23,0,1,1,0,1,0.57389469344254
"21700","1325","Ec_N",362,40,40,"Ec",23,0,1,1,0,1,0.57389469344254
"21701","1325","Ec_N",362,41,41,"Ec",23,0,1,1,0,1,0.57389469344254
"21702","1325","Ec_N",362,42,42,"Ec",23,0,1,1,0,1,0.57389469344254
"21703","1325","Ec_N",362,43,43,"Ec",23,0,1,1,0,1,0.57389469344254
"21704","1325","Ec_N",362,44,44,"Ec",7,0,1,1,0,0,0.580067324700012
"21705","1325","Ec_N",362,45,45,"Ec",8,1,1,1,0,0,0.887289570804412
"21706","1325","Ec_N",362,46,46,"Ec",8,1,1,1,0,0,0.887289570804412
"21707","1325","Ec_N",362,47,47,"Ec",8,1,1,1,0,0,0.887289570804412
"21708","1325","Ec_N",362,48,48,"Ec",16,1,1,1,1,0,0.93631405476465
"21709","1325","Ec_N",362,49,49,"Ec",16,1,1,1,1,0,0.93631405476465
"21710","1325","Ec_N",362,50,50,"Ec",16,1,1,1,1,0,0.93631405476465
"21711","1325","Ec_N",362,51,51,"Ec",16,1,1,1,1,0,0.93631405476465
"21712","1325","Ec_N",362,52,52,"Ec",16,1,1,1,1,0,0.93631405476465
"21713","1325","Ec_N",362,53,53,"Ec",16,1,1,1,1,0,0.93631405476465
"21714","1325","Ec_N",362,54,54,"Ec",16,1,1,1,1,0,0.93631405476465
"21715","1325","Ec_N",362,55,55,"Ec",16,1,1,1,1,0,0.93631405476465
"21716","1325","Ec_N",362,56,56,"Ec",16,1,1,1,1,0,0.93631405476465
"21717","1325","Ec_N",362,57,57,"Ec",16,1,1,1,1,0,0.93631405476465
"21718","1325","Ec_N",362,58,58,"Ec",16,1,1,1,1,0,0.93631405476465
"21719","1325","Ec_N",362,59,59,"Ec",16,1,1,1,1,0,0.93631405476465
"21720","1325","Ec_N",362,60,60,"Ec",16,1,1,1,1,0,0.93631405476465
"21721","1325","Ec_N",363,1,1,"Ec",1,0,0,0,0,0,0
"21722","1325","Ec_N",363,2,2,"Ec",1,0,0,0,0,0,0
"21723","1325","Ec_N",363,3,3,"Ec",1,0,0,0,0,0,0
"21724","1325","Ec_N",363,4,4,"Ec",1,0,0,0,0,0,0
"21725","1325","Ec_N",363,5,5,"Ec",2,1,0,0,0,0,0.3072222461044
"21726","1325","Ec_N",363,6,6,"Ec",2,1,0,0,0,0,0.3072222461044
"21727","1325","Ec_N",363,7,7,"Ec",6,1,0,1,0,0,0.466851274556594
"21728","1325","Ec_N",363,8,8,"Ec",6,1,0,1,0,0,0.466851274556594
"21729","1325","Ec_N",363,9,9,"Ec",14,1,0,1,1,0,0.479175264165032
"21730","1325","Ec_N",363,10,10,"Ec",14,1,0,1,1,0,0.479175264165032
"21731","1325","Ec_N",363,11,11,"Ec",14,1,0,1,1,0,0.479175264165032
"21732","1325","Ec_N",363,12,12,"Ec",14,1,0,1,1,0,0.479175264165032
"21733","1325","Ec_N",363,13,13,"Ec",14,1,0,1,1,0,0.479175264165032
"21734","1325","Ec_N",363,14,14,"Ec",14,1,0,1,1,0,0.479175264165032
"21735","1325","Ec_N",363,15,15,"Ec",14,1,0,1,1,0,0.479175264165032
"21736","1325","Ec_N",363,16,16,"Ec",14,1,0,1,1,0,0.479175264165032
"21737","1325","Ec_N",363,17,17,"Ec",14,1,0,1,1,0,0.479175264165032
"21738","1325","Ec_N",363,18,18,"Ec",14,1,0,1,1,0,0.479175264165032
"21739","1325","Ec_N",363,19,19,"Ec",14,1,0,1,1,0,0.479175264165032
"21740","1325","Ec_N",363,20,20,"Ec",14,1,0,1,1,0,0.479175264165032
"21741","1325","Ec_N",363,21,21,"Ec",30,1,0,1,1,1,0.579561703752182
"21742","1325","Ec_N",363,22,22,"Ec",30,1,0,1,1,1,0.579561703752182
"21743","1325","Ec_N",363,23,23,"Ec",30,1,0,1,1,1,0.579561703752182
"21744","1325","Ec_N",363,24,24,"Ec",30,1,0,1,1,1,0.579561703752182
"21745","1325","Ec_N",363,25,25,"Ec",32,1,1,1,1,1,1
"21746","1325","Ec_N",363,26,26,"Ec",32,1,1,1,1,1,1
"21747","1325","Ec_N",363,27,27,"Ec",32,1,1,1,1,1,1
"21748","1325","Ec_N",363,28,28,"Ec",32,1,1,1,1,1,1
"21749","1325","Ec_N",363,29,29,"Ec",32,1,1,1,1,1,1
"21750","1325","Ec_N",363,30,30,"Ec",32,1,1,1,1,1,1
"21751","1325","Ec_N",363,31,31,"Ec",32,1,1,1,1,1,1
"21752","1325","Ec_N",363,32,32,"Ec",32,1,1,1,1,1,1
"21753","1325","Ec_N",363,33,33,"Ec",32,1,1,1,1,1,1
"21754","1325","Ec_N",363,34,34,"Ec",32,1,1,1,1,1,1
"21755","1325","Ec_N",363,35,35,"Ec",32,1,1,1,1,1,1
"21756","1325","Ec_N",363,36,36,"Ec",32,1,1,1,1,1,1
"21757","1325","Ec_N",363,37,37,"Ec",32,1,1,1,1,1,1
"21758","1325","Ec_N",363,38,38,"Ec",32,1,1,1,1,1,1
"21759","1325","Ec_N",363,39,39,"Ec",32,1,1,1,1,1,1
"21760","1325","Ec_N",363,40,40,"Ec",32,1,1,1,1,1,1
"21761","1325","Ec_N",363,41,41,"Ec",32,1,1,1,1,1,1
"21762","1325","Ec_N",363,42,42,"Ec",32,1,1,1,1,1,1
"21763","1325","Ec_N",363,43,43,"Ec",32,1,1,1,1,1,1
"21764","1325","Ec_N",363,44,44,"Ec",32,1,1,1,1,1,1
"21765","1325","Ec_N",363,45,45,"Ec",32,1,1,1,1,1,1
"21766","1325","Ec_N",363,46,46,"Ec",32,1,1,1,1,1,1
"21767","1325","Ec_N",363,47,47,"Ec",32,1,1,1,1,1,1
"21768","1325","Ec_N",363,48,48,"Ec",32,1,1,1,1,1,1
"21769","1325","Ec_N",363,49,49,"Ec",32,1,1,1,1,1,1
"21770","1325","Ec_N",363,50,50,"Ec",32,1,1,1,1,1,1
"21771","1325","Ec_N",363,51,51,"Ec",32,1,1,1,1,1,1
"21772","1325","Ec_N",363,52,52,"Ec",32,1,1,1,1,1,1
"21773","1325","Ec_N",363,53,53,"Ec",32,1,1,1,1,1,1
"21774","1325","Ec_N",363,54,54,"Ec",32,1,1,1,1,1,1
"21775","1325","Ec_N",363,55,55,"Ec",32,1,1,1,1,1,1
"21776","1325","Ec_N",363,56,56,"Ec",32,1,1,1,1,1,1
"21777","1325","Ec_N",363,57,57,"Ec",32,1,1,1,1,1,1
"21778","1325","Ec_N",363,58,58,"Ec",32,1,1,1,1,1,1
"21779","1325","Ec_N",363,59,59,"Ec",32,1,1,1,1,1,1
"21780","1325","Ec_N",363,60,60,"Ec",32,1,1,1,1,1,1
"21781","1325","Ec_N",364,1,1,"Ec",1,0,0,0,0,0,0
"21782","1325","Ec_N",364,2,2,"Ec",17,0,0,0,0,1,0.0636859452353503
"21783","1325","Ec_N",364,3,3,"Ec",17,0,0,0,0,1,0.0636859452353503
"21784","1325","Ec_N",364,4,4,"Ec",17,0,0,0,0,1,0.0636859452353503
"21785","1325","Ec_N",364,5,5,"Ec",17,0,0,0,0,1,0.0636859452353503
"21786","1325","Ec_N",364,6,6,"Ec",17,0,0,0,0,1,0.0636859452353503
"21787","1325","Ec_N",364,7,7,"Ec",19,0,1,0,0,1,0.484124241483168
"21788","1325","Ec_N",364,8,8,"Ec",19,0,1,0,0,1,0.484124241483168
"21789","1325","Ec_N",364,9,9,"Ec",19,0,1,0,0,1,0.484124241483168
"21790","1325","Ec_N",364,10,10,"Ec",19,0,1,0,0,1,0.484124241483168
"21791","1325","Ec_N",364,11,11,"Ec",19,0,1,0,0,1,0.484124241483168
"21792","1325","Ec_N",364,12,12,"Ec",19,0,1,0,0,1,0.484124241483168
"21793","1325","Ec_N",364,13,13,"Ec",19,0,1,0,0,1,0.484124241483168
"21794","1325","Ec_N",364,14,14,"Ec",19,0,1,0,0,1,0.484124241483168
"21795","1325","Ec_N",364,15,15,"Ec",19,0,1,0,0,1,0.484124241483168
"21796","1325","Ec_N",364,16,16,"Ec",27,0,1,0,1,1,0.533148725443406
"21797","1325","Ec_N",364,17,17,"Ec",27,0,1,0,1,1,0.533148725443406
"21798","1325","Ec_N",364,18,18,"Ec",27,0,1,0,1,1,0.533148725443406
"21799","1325","Ec_N",364,19,19,"Ec",27,0,1,0,1,1,0.533148725443406
"21800","1325","Ec_N",364,20,20,"Ec",27,0,1,0,1,1,0.533148725443406
"21801","1325","Ec_N",364,21,21,"Ec",27,0,1,0,1,1,0.533148725443406
"21802","1325","Ec_N",364,22,22,"Ec",27,0,1,0,1,1,0.533148725443406
"21803","1325","Ec_N",364,23,23,"Ec",27,0,1,0,1,1,0.533148725443406
"21804","1325","Ec_N",364,24,24,"Ec",27,0,1,0,1,1,0.533148725443406
"21805","1325","Ec_N",364,25,25,"Ec",27,0,1,0,1,1,0.533148725443406
"21806","1325","Ec_N",364,26,26,"Ec",27,0,1,0,1,1,0.533148725443406
"21807","1325","Ec_N",364,27,27,"Ec",27,0,1,0,1,1,0.533148725443406
"21808","1325","Ec_N",364,28,28,"Ec",27,0,1,0,1,1,0.533148725443406
"21809","1325","Ec_N",364,29,29,"Ec",27,0,1,0,1,1,0.533148725443406
"21810","1325","Ec_N",364,30,30,"Ec",27,0,1,0,1,1,0.533148725443406
"21811","1325","Ec_N",364,31,31,"Ec",27,0,1,0,1,1,0.533148725443406
"21812","1325","Ec_N",364,32,32,"Ec",27,0,1,0,1,1,0.533148725443406
"21813","1325","Ec_N",364,33,33,"Ec",27,0,1,0,1,1,0.533148725443406
"21814","1325","Ec_N",364,34,34,"Ec",27,0,1,0,1,1,0.533148725443406
"21815","1325","Ec_N",364,35,35,"Ec",27,0,1,0,1,1,0.533148725443406
"21816","1325","Ec_N",364,36,36,"Ec",27,0,1,0,1,1,0.533148725443406
"21817","1325","Ec_N",364,37,37,"Ec",28,1,1,0,1,1,0.815884725734249
"21818","1325","Ec_N",364,38,38,"Ec",28,1,1,0,1,1,0.815884725734249
"21819","1325","Ec_N",364,39,39,"Ec",28,1,1,0,1,1,0.815884725734249
"21820","1325","Ec_N",364,40,40,"Ec",28,1,1,0,1,1,0.815884725734249
"21821","1325","Ec_N",364,41,41,"Ec",28,1,1,0,1,1,0.815884725734249
"21822","1325","Ec_N",364,42,42,"Ec",32,1,1,1,1,1,1
"21823","1325","Ec_N",364,43,43,"Ec",32,1,1,1,1,1,1
"21824","1325","Ec_N",364,44,44,"Ec",32,1,1,1,1,1,1
"21825","1325","Ec_N",364,45,45,"Ec",32,1,1,1,1,1,1
"21826","1325","Ec_N",364,46,46,"Ec",32,1,1,1,1,1,1
"21827","1325","Ec_N",364,47,47,"Ec",32,1,1,1,1,1,1
"21828","1325","Ec_N",364,48,48,"Ec",32,1,1,1,1,1,1
"21829","1325","Ec_N",364,49,49,"Ec",32,1,1,1,1,1,1
"21830","1325","Ec_N",364,50,50,"Ec",32,1,1,1,1,1,1
"21831","1325","Ec_N",364,51,51,"Ec",32,1,1,1,1,1,1
"21832","1325","Ec_N",364,52,52,"Ec",32,1,1,1,1,1,1
"21833","1325","Ec_N",364,53,53,"Ec",32,1,1,1,1,1,1
"21834","1325","Ec_N",364,54,54,"Ec",32,1,1,1,1,1,1
"21835","1325","Ec_N",364,55,55,"Ec",32,1,1,1,1,1,1
"21836","1325","Ec_N",364,56,56,"Ec",32,1,1,1,1,1,1
"21837","1325","Ec_N",364,57,57,"Ec",32,1,1,1,1,1,1
"21838","1325","Ec_N",364,58,58,"Ec",32,1,1,1,1,1,1
"21839","1325","Ec_N",364,59,59,"Ec",32,1,1,1,1,1,1
"21840","1325","Ec_N",364,60,60,"Ec",32,1,1,1,1,1,1
"21841","1325","Ec_N",365,1,1,"Ec",1,0,0,0,0,0,0
"21842","1325","Ec_N",365,2,2,"Ec",1,0,0,0,0,0,0
"21843","1325","Ec_N",365,3,3,"Ec",1,0,0,0,0,0,0
"21844","1325","Ec_N",365,4,4,"Ec",1,0,0,0,0,0,0
"21845","1325","Ec_N",365,5,5,"Ec",1,0,0,0,0,0,0
"21846","1325","Ec_N",365,6,6,"Ec",1,0,0,0,0,0,0
"21847","1325","Ec_N",365,7,7,"Ec",1,0,0,0,0,0,0
"21848","1325","Ec_N",365,8,8,"Ec",1,0,0,0,0,0,0
"21849","1325","Ec_N",365,9,9,"Ec",1,0,0,0,0,0,0
"21850","1325","Ec_N",365,10,10,"Ec",17,0,0,0,0,1,0.0636859452353503
"21851","1325","Ec_N",365,11,11,"Ec",17,0,0,0,0,1,0.0636859452353503
"21852","1325","Ec_N",365,12,12,"Ec",17,0,0,0,0,1,0.0636859452353503
"21853","1325","Ec_N",365,13,13,"Ec",17,0,0,0,0,1,0.0636859452353503
"21854","1325","Ec_N",365,14,14,"Ec",17,0,0,0,0,1,0.0636859452353503
"21855","1325","Ec_N",365,15,15,"Ec",17,0,0,0,0,1,0.0636859452353503
"21856","1325","Ec_N",365,16,16,"Ec",25,0,0,0,1,1,0.112710429195588
"21857","1325","Ec_N",365,17,17,"Ec",25,0,0,0,1,1,0.112710429195588
"21858","1325","Ec_N",365,18,18,"Ec",25,0,0,0,1,1,0.112710429195588
"21859","1325","Ec_N",365,19,19,"Ec",25,0,0,0,1,1,0.112710429195588
"21860","1325","Ec_N",365,20,20,"Ec",25,0,0,0,1,1,0.112710429195588
"21861","1325","Ec_N",365,21,21,"Ec",25,0,0,0,1,1,0.112710429195588
"21862","1325","Ec_N",365,22,22,"Ec",25,0,0,0,1,1,0.112710429195588
"21863","1325","Ec_N",365,23,23,"Ec",27,0,1,0,1,1,0.533148725443406
"21864","1325","Ec_N",365,24,24,"Ec",27,0,1,0,1,1,0.533148725443406
"21865","1325","Ec_N",365,25,25,"Ec",27,0,1,0,1,1,0.533148725443406
"21866","1325","Ec_N",365,26,26,"Ec",31,0,1,1,1,1,0.6927777538956
"21867","1325","Ec_N",365,27,27,"Ec",31,0,1,1,1,1,0.6927777538956
"21868","1325","Ec_N",365,28,28,"Ec",31,0,1,1,1,1,0.6927777538956
"21869","1325","Ec_N",365,29,29,"Ec",31,0,1,1,1,1,0.6927777538956
"21870","1325","Ec_N",365,30,30,"Ec",31,0,1,1,1,1,0.6927777538956
"21871","1325","Ec_N",365,31,31,"Ec",31,0,1,1,1,1,0.6927777538956
"21872","1325","Ec_N",365,32,32,"Ec",31,0,1,1,1,1,0.6927777538956
"21873","1325","Ec_N",365,33,33,"Ec",31,0,1,1,1,1,0.6927777538956
"21874","1325","Ec_N",365,34,34,"Ec",31,0,1,1,1,1,0.6927777538956
"21875","1325","Ec_N",365,35,35,"Ec",31,0,1,1,1,1,0.6927777538956
"21876","1325","Ec_N",365,36,36,"Ec",32,1,1,1,1,1,1
"21877","1325","Ec_N",365,37,37,"Ec",32,1,1,1,1,1,1
"21878","1325","Ec_N",365,38,38,"Ec",32,1,1,1,1,1,1
"21879","1325","Ec_N",365,39,39,"Ec",32,1,1,1,1,1,1
"21880","1325","Ec_N",365,40,40,"Ec",32,1,1,1,1,1,1
"21881","1325","Ec_N",365,41,41,"Ec",32,1,1,1,1,1,1
"21882","1325","Ec_N",365,42,42,"Ec",32,1,1,1,1,1,1
"21883","1325","Ec_N",365,43,43,"Ec",32,1,1,1,1,1,1
"21884","1325","Ec_N",365,44,44,"Ec",32,1,1,1,1,1,1
"21885","1325","Ec_N",365,45,45,"Ec",32,1,1,1,1,1,1
"21886","1325","Ec_N",365,46,46,"Ec",32,1,1,1,1,1,1
"21887","1325","Ec_N",365,47,47,"Ec",32,1,1,1,1,1,1
"21888","1325","Ec_N",365,48,48,"Ec",32,1,1,1,1,1,1
"21889","1325","Ec_N",365,49,49,"Ec",32,1,1,1,1,1,1
"21890","1325","Ec_N",365,50,50,"Ec",32,1,1,1,1,1,1
"21891","1325","Ec_N",365,51,51,"Ec",32,1,1,1,1,1,1
"21892","1325","Ec_N",365,52,52,"Ec",32,1,1,1,1,1,1
"21893","1325","Ec_N",365,53,53,"Ec",32,1,1,1,1,1,1
"21894","1325","Ec_N",365,54,54,"Ec",32,1,1,1,1,1,1
"21895","1325","Ec_N",365,55,55,"Ec",32,1,1,1,1,1,1
"21896","1325","Ec_N",365,56,56,"Ec",32,1,1,1,1,1,1
"21897","1325","Ec_N",365,57,57,"Ec",32,1,1,1,1,1,1
"21898","1325","Ec_N",365,58,58,"Ec",32,1,1,1,1,1,1
"21899","1325","Ec_N",365,59,59,"Ec",32,1,1,1,1,1,1
"21900","1325","Ec_N",365,60,60,"Ec",32,1,1,1,1,1,1
"21901","1325","Ec_N",366,1,1,"Ec",1,0,0,0,0,0,0
"21902","1325","Ec_N",366,2,2,"Ec",1,0,0,0,0,0,0
"21903","1325","Ec_N",366,3,3,"Ec",5,0,0,1,0,0,0.159629028452195
"21904","1325","Ec_N",366,4,4,"Ec",5,0,0,1,0,0,0.159629028452195
"21905","1325","Ec_N",366,5,5,"Ec",5,0,0,1,0,0,0.159629028452195
"21906","1325","Ec_N",366,6,6,"Ec",5,0,0,1,0,0,0.159629028452195
"21907","1325","Ec_N",366,7,7,"Ec",13,0,0,1,1,0,0.208653512412432
"21908","1325","Ec_N",366,8,8,"Ec",13,0,0,1,1,0,0.208653512412432
"21909","1325","Ec_N",366,9,9,"Ec",13,0,0,1,1,0,0.208653512412432
"21910","1325","Ec_N",366,10,10,"Ec",13,0,0,1,1,0,0.208653512412432
"21911","1325","Ec_N",366,11,11,"Ec",13,0,0,1,1,0,0.208653512412432
"21912","1325","Ec_N",366,12,12,"Ec",13,0,0,1,1,0,0.208653512412432
"21913","1325","Ec_N",366,13,13,"Ec",13,0,0,1,1,0,0.208653512412432
"21914","1325","Ec_N",366,14,14,"Ec",13,0,0,1,1,0,0.208653512412432
"21915","1325","Ec_N",366,15,15,"Ec",13,0,0,1,1,0,0.208653512412432
"21916","1325","Ec_N",366,16,16,"Ec",13,0,0,1,1,0,0.208653512412432
"21917","1325","Ec_N",366,17,17,"Ec",13,0,0,1,1,0,0.208653512412432
"21918","1325","Ec_N",366,18,18,"Ec",14,1,0,1,1,0,0.479175264165032
"21919","1325","Ec_N",366,19,19,"Ec",14,1,0,1,1,0,0.479175264165032
"21920","1325","Ec_N",366,20,20,"Ec",14,1,0,1,1,0,0.479175264165032
"21921","1325","Ec_N",366,21,21,"Ec",14,1,0,1,1,0,0.479175264165032
"21922","1325","Ec_N",366,22,22,"Ec",14,1,0,1,1,0,0.479175264165032
"21923","1325","Ec_N",366,23,23,"Ec",14,1,0,1,1,0,0.479175264165032
"21924","1325","Ec_N",366,24,24,"Ec",14,1,0,1,1,0,0.479175264165032
"21925","1325","Ec_N",366,25,25,"Ec",14,1,0,1,1,0,0.479175264165032
"21926","1325","Ec_N",366,26,26,"Ec",14,1,0,1,1,0,0.479175264165032
"21927","1325","Ec_N",366,27,27,"Ec",14,1,0,1,1,0,0.479175264165032
"21928","1325","Ec_N",366,28,28,"Ec",14,1,0,1,1,0,0.479175264165032
"21929","1325","Ec_N",366,29,29,"Ec",14,1,0,1,1,0,0.479175264165032
"21930","1325","Ec_N",366,30,30,"Ec",14,1,0,1,1,0,0.479175264165032
"21931","1325","Ec_N",366,31,31,"Ec",14,1,0,1,1,0,0.479175264165032
"21932","1325","Ec_N",366,32,32,"Ec",16,1,1,1,1,0,0.93631405476465
"21933","1325","Ec_N",366,33,33,"Ec",16,1,1,1,1,0,0.93631405476465
"21934","1325","Ec_N",366,34,34,"Ec",16,1,1,1,1,0,0.93631405476465
"21935","1325","Ec_N",366,35,35,"Ec",16,1,1,1,1,0,0.93631405476465
"21936","1325","Ec_N",366,36,36,"Ec",16,1,1,1,1,0,0.93631405476465
"21937","1325","Ec_N",366,37,37,"Ec",16,1,1,1,1,0,0.93631405476465
"21938","1325","Ec_N",366,38,38,"Ec",16,1,1,1,1,0,0.93631405476465
"21939","1325","Ec_N",366,39,39,"Ec",16,1,1,1,1,0,0.93631405476465
"21940","1325","Ec_N",366,40,40,"Ec",16,1,1,1,1,0,0.93631405476465
"21941","1325","Ec_N",366,41,41,"Ec",16,1,1,1,1,0,0.93631405476465
"21942","1325","Ec_N",366,42,42,"Ec",16,1,1,1,1,0,0.93631405476465
"21943","1325","Ec_N",366,43,43,"Ec",16,1,1,1,1,0,0.93631405476465
"21944","1325","Ec_N",366,44,44,"Ec",16,1,1,1,1,0,0.93631405476465
"21945","1325","Ec_N",366,45,45,"Ec",16,1,1,1,1,0,0.93631405476465
"21946","1325","Ec_N",366,46,46,"Ec",16,1,1,1,1,0,0.93631405476465
"21947","1325","Ec_N",366,47,47,"Ec",16,1,1,1,1,0,0.93631405476465
"21948","1325","Ec_N",366,48,48,"Ec",16,1,1,1,1,0,0.93631405476465
"21949","1325","Ec_N",366,49,49,"Ec",16,1,1,1,1,0,0.93631405476465
"21950","1325","Ec_N",366,50,50,"Ec",16,1,1,1,1,0,0.93631405476465
"21951","1325","Ec_N",366,51,51,"Ec",16,1,1,1,1,0,0.93631405476465
"21952","1325","Ec_N",366,52,52,"Ec",16,1,1,1,1,0,0.93631405476465
"21953","1325","Ec_N",366,53,53,"Ec",16,1,1,1,1,0,0.93631405476465
"21954","1325","Ec_N",366,54,54,"Ec",16,1,1,1,1,0,0.93631405476465
"21955","1325","Ec_N",366,55,55,"Ec",16,1,1,1,1,0,0.93631405476465
"21956","1325","Ec_N",366,56,56,"Ec",16,1,1,1,1,0,0.93631405476465
"21957","1325","Ec_N",366,57,57,"Ec",16,1,1,1,1,0,0.93631405476465
"21958","1325","Ec_N",366,58,58,"Ec",16,1,1,1,1,0,0.93631405476465
"21959","1325","Ec_N",366,59,59,"Ec",16,1,1,1,1,0,0.93631405476465
"21960","1325","Ec_N",366,60,60,"Ec",16,1,1,1,1,0,0.93631405476465
"21961","1325","Ec_N",367,1,1,"Ec",1,0,0,0,0,0,0
"21962","1325","Ec_N",367,2,2,"Ec",17,0,0,0,0,1,0.0636859452353503
"21963","1325","Ec_N",367,3,3,"Ec",19,0,1,0,0,1,0.484124241483168
"21964","1325","Ec_N",367,4,4,"Ec",19,0,1,0,0,1,0.484124241483168
"21965","1325","Ec_N",367,5,5,"Ec",19,0,1,0,0,1,0.484124241483168
"21966","1325","Ec_N",367,6,6,"Ec",19,0,1,0,0,1,0.484124241483168
"21967","1325","Ec_N",367,7,7,"Ec",19,0,1,0,0,1,0.484124241483168
"21968","1325","Ec_N",367,8,8,"Ec",27,0,1,0,1,1,0.533148725443406
"21969","1325","Ec_N",367,9,9,"Ec",27,0,1,0,1,1,0.533148725443406
"21970","1325","Ec_N",367,10,10,"Ec",27,0,1,0,1,1,0.533148725443406
"21971","1325","Ec_N",367,11,11,"Ec",27,0,1,0,1,1,0.533148725443406
"21972","1325","Ec_N",367,12,12,"Ec",27,0,1,0,1,1,0.533148725443406
"21973","1325","Ec_N",367,13,13,"Ec",28,1,1,0,1,1,0.815884725734249
"21974","1325","Ec_N",367,14,14,"Ec",28,1,1,0,1,1,0.815884725734249
"21975","1325","Ec_N",367,15,15,"Ec",28,1,1,0,1,1,0.815884725734249
"21976","1325","Ec_N",367,16,16,"Ec",28,1,1,0,1,1,0.815884725734249
"21977","1325","Ec_N",367,17,17,"Ec",28,1,1,0,1,1,0.815884725734249
"21978","1325","Ec_N",367,18,18,"Ec",28,1,1,0,1,1,0.815884725734249
"21979","1325","Ec_N",367,19,19,"Ec",28,1,1,0,1,1,0.815884725734249
"21980","1325","Ec_N",367,20,20,"Ec",28,1,1,0,1,1,0.815884725734249
"21981","1325","Ec_N",367,21,21,"Ec",28,1,1,0,1,1,0.815884725734249
"21982","1325","Ec_N",367,22,22,"Ec",28,1,1,0,1,1,0.815884725734249
"21983","1325","Ec_N",367,23,23,"Ec",28,1,1,0,1,1,0.815884725734249
"21984","1325","Ec_N",367,24,24,"Ec",28,1,1,0,1,1,0.815884725734249
"21985","1325","Ec_N",367,25,25,"Ec",28,1,1,0,1,1,0.815884725734249
"21986","1325","Ec_N",367,26,26,"Ec",28,1,1,0,1,1,0.815884725734249
"21987","1325","Ec_N",367,27,27,"Ec",28,1,1,0,1,1,0.815884725734249
"21988","1325","Ec_N",367,28,28,"Ec",28,1,1,0,1,1,0.815884725734249
"21989","1325","Ec_N",367,29,29,"Ec",28,1,1,0,1,1,0.815884725734249
"21990","1325","Ec_N",367,30,30,"Ec",28,1,1,0,1,1,0.815884725734249
"21991","1325","Ec_N",367,31,31,"Ec",28,1,1,0,1,1,0.815884725734249
"21992","1325","Ec_N",367,32,32,"Ec",28,1,1,0,1,1,0.815884725734249
"21993","1325","Ec_N",367,33,33,"Ec",28,1,1,0,1,1,0.815884725734249
"21994","1325","Ec_N",367,34,34,"Ec",28,1,1,0,1,1,0.815884725734249
"21995","1325","Ec_N",367,35,35,"Ec",28,1,1,0,1,1,0.815884725734249
"21996","1325","Ec_N",367,36,36,"Ec",28,1,1,0,1,1,0.815884725734249
"21997","1325","Ec_N",367,37,37,"Ec",28,1,1,0,1,1,0.815884725734249
"21998","1325","Ec_N",367,38,38,"Ec",28,1,1,0,1,1,0.815884725734249
"21999","1325","Ec_N",367,39,39,"Ec",28,1,1,0,1,1,0.815884725734249
"22000","1325","Ec_N",367,40,40,"Ec",28,1,1,0,1,1,0.815884725734249
"22001","1325","Ec_N",367,41,41,"Ec",28,1,1,0,1,1,0.815884725734249
"22002","1325","Ec_N",367,42,42,"Ec",28,1,1,0,1,1,0.815884725734249
"22003","1325","Ec_N",367,43,43,"Ec",28,1,1,0,1,1,0.815884725734249
"22004","1325","Ec_N",367,44,44,"Ec",28,1,1,0,1,1,0.815884725734249
"22005","1325","Ec_N",367,45,45,"Ec",28,1,1,0,1,1,0.815884725734249
"22006","1325","Ec_N",367,46,46,"Ec",28,1,1,0,1,1,0.815884725734249
"22007","1325","Ec_N",367,47,47,"Ec",28,1,1,0,1,1,0.815884725734249
"22008","1325","Ec_N",367,48,48,"Ec",28,1,1,0,1,1,0.815884725734249
"22009","1325","Ec_N",367,49,49,"Ec",28,1,1,0,1,1,0.815884725734249
"22010","1325","Ec_N",367,50,50,"Ec",28,1,1,0,1,1,0.815884725734249
"22011","1325","Ec_N",367,51,51,"Ec",28,1,1,0,1,1,0.815884725734249
"22012","1325","Ec_N",367,52,52,"Ec",28,1,1,0,1,1,0.815884725734249
"22013","1325","Ec_N",367,53,53,"Ec",28,1,1,0,1,1,0.815884725734249
"22014","1325","Ec_N",367,54,54,"Ec",28,1,1,0,1,1,0.815884725734249
"22015","1325","Ec_N",367,55,55,"Ec",28,1,1,0,1,1,0.815884725734249
"22016","1325","Ec_N",367,56,56,"Ec",28,1,1,0,1,1,0.815884725734249
"22017","1325","Ec_N",367,57,57,"Ec",28,1,1,0,1,1,0.815884725734249
"22018","1325","Ec_N",367,58,58,"Ec",28,1,1,0,1,1,0.815884725734249
"22019","1325","Ec_N",367,59,59,"Ec",28,1,1,0,1,1,0.815884725734249
"22020","1325","Ec_N",367,60,60,"Ec",28,1,1,0,1,1,0.815884725734249
"22021","1325","Ec_N",368,1,1,"Ec",1,0,0,0,0,0,0
"22022","1325","Ec_N",368,2,2,"Ec",9,0,0,0,1,0,0.0490244839602376
"22023","1325","Ec_N",368,3,3,"Ec",25,0,0,0,1,1,0.112710429195588
"22024","1325","Ec_N",368,4,4,"Ec",29,0,0,1,1,1,0.272339457647783
"22025","1325","Ec_N",368,5,5,"Ec",29,0,0,1,1,1,0.272339457647783
"22026","1325","Ec_N",368,6,6,"Ec",29,0,0,1,1,1,0.272339457647783
"22027","1325","Ec_N",368,7,7,"Ec",29,0,0,1,1,1,0.272339457647783
"22028","1325","Ec_N",368,8,8,"Ec",29,0,0,1,1,1,0.272339457647783
"22029","1325","Ec_N",368,9,9,"Ec",29,0,0,1,1,1,0.272339457647783
"22030","1325","Ec_N",368,10,10,"Ec",29,0,0,1,1,1,0.272339457647783
"22031","1325","Ec_N",368,11,11,"Ec",29,0,0,1,1,1,0.272339457647783
"22032","1325","Ec_N",368,12,12,"Ec",29,0,0,1,1,1,0.272339457647783
"22033","1325","Ec_N",368,13,13,"Ec",29,0,0,1,1,1,0.272339457647783
"22034","1325","Ec_N",368,14,14,"Ec",29,0,0,1,1,1,0.272339457647783
"22035","1325","Ec_N",368,15,15,"Ec",29,0,0,1,1,1,0.272339457647783
"22036","1325","Ec_N",368,16,16,"Ec",29,0,0,1,1,1,0.272339457647783
"22037","1325","Ec_N",368,17,17,"Ec",30,1,0,1,1,1,0.579561703752182
"22038","1325","Ec_N",368,18,18,"Ec",32,1,1,1,1,1,1
"22039","1325","Ec_N",368,19,19,"Ec",32,1,1,1,1,1,1
"22040","1325","Ec_N",368,20,20,"Ec",32,1,1,1,1,1,1
"22041","1325","Ec_N",368,21,21,"Ec",32,1,1,1,1,1,1
"22042","1325","Ec_N",368,22,22,"Ec",32,1,1,1,1,1,1
"22043","1325","Ec_N",368,23,23,"Ec",32,1,1,1,1,1,1
"22044","1325","Ec_N",368,24,24,"Ec",32,1,1,1,1,1,1
"22045","1325","Ec_N",368,25,25,"Ec",32,1,1,1,1,1,1
"22046","1325","Ec_N",368,26,26,"Ec",32,1,1,1,1,1,1
"22047","1325","Ec_N",368,27,27,"Ec",32,1,1,1,1,1,1
"22048","1325","Ec_N",368,28,28,"Ec",32,1,1,1,1,1,1
"22049","1325","Ec_N",368,29,29,"Ec",32,1,1,1,1,1,1
"22050","1325","Ec_N",368,30,30,"Ec",32,1,1,1,1,1,1
"22051","1325","Ec_N",368,31,31,"Ec",32,1,1,1,1,1,1
"22052","1325","Ec_N",368,32,32,"Ec",32,1,1,1,1,1,1
"22053","1325","Ec_N",368,33,33,"Ec",32,1,1,1,1,1,1
"22054","1325","Ec_N",368,34,34,"Ec",32,1,1,1,1,1,1
"22055","1325","Ec_N",368,35,35,"Ec",32,1,1,1,1,1,1
"22056","1325","Ec_N",368,36,36,"Ec",32,1,1,1,1,1,1
"22057","1325","Ec_N",368,37,37,"Ec",32,1,1,1,1,1,1
"22058","1325","Ec_N",368,38,38,"Ec",32,1,1,1,1,1,1
"22059","1325","Ec_N",368,39,39,"Ec",32,1,1,1,1,1,1
"22060","1325","Ec_N",368,40,40,"Ec",32,1,1,1,1,1,1
"22061","1325","Ec_N",368,41,41,"Ec",32,1,1,1,1,1,1
"22062","1325","Ec_N",368,42,42,"Ec",32,1,1,1,1,1,1
"22063","1325","Ec_N",368,43,43,"Ec",32,1,1,1,1,1,1
"22064","1325","Ec_N",368,44,44,"Ec",32,1,1,1,1,1,1
"22065","1325","Ec_N",368,45,45,"Ec",32,1,1,1,1,1,1
"22066","1325","Ec_N",368,46,46,"Ec",32,1,1,1,1,1,1
"22067","1325","Ec_N",368,47,47,"Ec",32,1,1,1,1,1,1
"22068","1325","Ec_N",368,48,48,"Ec",32,1,1,1,1,1,1
"22069","1325","Ec_N",368,49,49,"Ec",32,1,1,1,1,1,1
"22070","1325","Ec_N",368,50,50,"Ec",32,1,1,1,1,1,1
"22071","1325","Ec_N",368,51,51,"Ec",32,1,1,1,1,1,1
"22072","1325","Ec_N",368,52,52,"Ec",32,1,1,1,1,1,1
"22073","1325","Ec_N",368,53,53,"Ec",32,1,1,1,1,1,1
"22074","1325","Ec_N",368,54,54,"Ec",32,1,1,1,1,1,1
"22075","1325","Ec_N",368,55,55,"Ec",32,1,1,1,1,1,1
"22076","1325","Ec_N",368,56,56,"Ec",32,1,1,1,1,1,1
"22077","1325","Ec_N",368,57,57,"Ec",32,1,1,1,1,1,1
"22078","1325","Ec_N",368,58,58,"Ec",32,1,1,1,1,1,1
"22079","1325","Ec_N",368,59,59,"Ec",32,1,1,1,1,1,1
"22080","1325","Ec_N",368,60,60,"Ec",32,1,1,1,1,1,1
"22081","1325","Ec_N",369,1,1,"Ec",1,0,0,0,0,0,0
"22082","1325","Ec_N",369,2,2,"Ec",1,0,0,0,0,0,0
"22083","1325","Ec_N",369,3,3,"Ec",1,0,0,0,0,0,0
"22084","1325","Ec_N",369,4,4,"Ec",1,0,0,0,0,0,0
"22085","1325","Ec_N",369,5,5,"Ec",1,0,0,0,0,0,0
"22086","1325","Ec_N",369,6,6,"Ec",1,0,0,0,0,0,0
"22087","1325","Ec_N",369,7,7,"Ec",1,0,0,0,0,0,0
"22088","1325","Ec_N",369,8,8,"Ec",5,0,0,1,0,0,0.159629028452195
"22089","1325","Ec_N",369,9,9,"Ec",5,0,0,1,0,0,0.159629028452195
"22090","1325","Ec_N",369,10,10,"Ec",5,0,0,1,0,0,0.159629028452195
"22091","1325","Ec_N",369,11,11,"Ec",13,0,0,1,1,0,0.208653512412432
"22092","1325","Ec_N",369,12,12,"Ec",14,1,0,1,1,0,0.479175264165032
"22093","1325","Ec_N",369,13,13,"Ec",14,1,0,1,1,0,0.479175264165032
"22094","1325","Ec_N",369,14,14,"Ec",14,1,0,1,1,0,0.479175264165032
"22095","1325","Ec_N",369,15,15,"Ec",14,1,0,1,1,0,0.479175264165032
"22096","1325","Ec_N",369,16,16,"Ec",14,1,0,1,1,0,0.479175264165032
"22097","1325","Ec_N",369,17,17,"Ec",30,1,0,1,1,1,0.579561703752182
"22098","1325","Ec_N",369,18,18,"Ec",30,1,0,1,1,1,0.579561703752182
"22099","1325","Ec_N",369,19,19,"Ec",30,1,0,1,1,1,0.579561703752182
"22100","1325","Ec_N",369,20,20,"Ec",30,1,0,1,1,1,0.579561703752182
"22101","1325","Ec_N",369,21,21,"Ec",32,1,1,1,1,1,1
"22102","1325","Ec_N",369,22,22,"Ec",32,1,1,1,1,1,1
"22103","1325","Ec_N",369,23,23,"Ec",32,1,1,1,1,1,1
"22104","1325","Ec_N",369,24,24,"Ec",32,1,1,1,1,1,1
"22105","1325","Ec_N",369,25,25,"Ec",32,1,1,1,1,1,1
"22106","1325","Ec_N",369,26,26,"Ec",32,1,1,1,1,1,1
"22107","1325","Ec_N",369,27,27,"Ec",32,1,1,1,1,1,1
"22108","1325","Ec_N",369,28,28,"Ec",32,1,1,1,1,1,1
"22109","1325","Ec_N",369,29,29,"Ec",32,1,1,1,1,1,1
"22110","1325","Ec_N",369,30,30,"Ec",32,1,1,1,1,1,1
"22111","1325","Ec_N",369,31,31,"Ec",32,1,1,1,1,1,1
"22112","1325","Ec_N",369,32,32,"Ec",32,1,1,1,1,1,1
"22113","1325","Ec_N",369,33,33,"Ec",32,1,1,1,1,1,1
"22114","1325","Ec_N",369,34,34,"Ec",32,1,1,1,1,1,1
"22115","1325","Ec_N",369,35,35,"Ec",32,1,1,1,1,1,1
"22116","1325","Ec_N",369,36,36,"Ec",32,1,1,1,1,1,1
"22117","1325","Ec_N",369,37,37,"Ec",32,1,1,1,1,1,1
"22118","1325","Ec_N",369,38,38,"Ec",32,1,1,1,1,1,1
"22119","1325","Ec_N",369,39,39,"Ec",32,1,1,1,1,1,1
"22120","1325","Ec_N",369,40,40,"Ec",32,1,1,1,1,1,1
"22121","1325","Ec_N",369,41,41,"Ec",32,1,1,1,1,1,1
"22122","1325","Ec_N",369,42,42,"Ec",32,1,1,1,1,1,1
"22123","1325","Ec_N",369,43,43,"Ec",32,1,1,1,1,1,1
"22124","1325","Ec_N",369,44,44,"Ec",32,1,1,1,1,1,1
"22125","1325","Ec_N",369,45,45,"Ec",32,1,1,1,1,1,1
"22126","1325","Ec_N",369,46,46,"Ec",32,1,1,1,1,1,1
"22127","1325","Ec_N",369,47,47,"Ec",32,1,1,1,1,1,1
"22128","1325","Ec_N",369,48,48,"Ec",32,1,1,1,1,1,1
"22129","1325","Ec_N",369,49,49,"Ec",32,1,1,1,1,1,1
"22130","1325","Ec_N",369,50,50,"Ec",32,1,1,1,1,1,1
"22131","1325","Ec_N",369,51,51,"Ec",32,1,1,1,1,1,1
"22132","1325","Ec_N",369,52,52,"Ec",32,1,1,1,1,1,1
"22133","1325","Ec_N",369,53,53,"Ec",32,1,1,1,1,1,1
"22134","1325","Ec_N",369,54,54,"Ec",32,1,1,1,1,1,1
"22135","1325","Ec_N",369,55,55,"Ec",32,1,1,1,1,1,1
"22136","1325","Ec_N",369,56,56,"Ec",32,1,1,1,1,1,1
"22137","1325","Ec_N",369,57,57,"Ec",32,1,1,1,1,1,1
"22138","1325","Ec_N",369,58,58,"Ec",32,1,1,1,1,1,1
"22139","1325","Ec_N",369,59,59,"Ec",32,1,1,1,1,1,1
"22140","1325","Ec_N",369,60,60,"Ec",32,1,1,1,1,1,1
"22141","1325","Ec_N",370,1,1,"Ec",1,0,0,0,0,0,0
"22142","1325","Ec_N",370,2,2,"Ec",1,0,0,0,0,0,0
"22143","1325","Ec_N",370,3,3,"Ec",1,0,0,0,0,0,0
"22144","1325","Ec_N",370,4,4,"Ec",1,0,0,0,0,0,0
"22145","1325","Ec_N",370,5,5,"Ec",1,0,0,0,0,0,0
"22146","1325","Ec_N",370,6,6,"Ec",1,0,0,0,0,0,0
"22147","1325","Ec_N",370,7,7,"Ec",5,0,0,1,0,0,0.159629028452195
"22148","1325","Ec_N",370,8,8,"Ec",5,0,0,1,0,0,0.159629028452195
"22149","1325","Ec_N",370,9,9,"Ec",5,0,0,1,0,0,0.159629028452195
"22150","1325","Ec_N",370,10,10,"Ec",5,0,0,1,0,0,0.159629028452195
"22151","1325","Ec_N",370,11,11,"Ec",5,0,0,1,0,0,0.159629028452195
"22152","1325","Ec_N",370,12,12,"Ec",5,0,0,1,0,0,0.159629028452195
"22153","1325","Ec_N",370,13,13,"Ec",5,0,0,1,0,0,0.159629028452195
"22154","1325","Ec_N",370,14,14,"Ec",5,0,0,1,0,0,0.159629028452195
"22155","1325","Ec_N",370,15,15,"Ec",5,0,0,1,0,0,0.159629028452195
"22156","1325","Ec_N",370,16,16,"Ec",5,0,0,1,0,0,0.159629028452195
"22157","1325","Ec_N",370,17,17,"Ec",13,0,0,1,1,0,0.208653512412432
"22158","1325","Ec_N",370,18,18,"Ec",13,0,0,1,1,0,0.208653512412432
"22159","1325","Ec_N",370,19,19,"Ec",13,0,0,1,1,0,0.208653512412432
"22160","1325","Ec_N",370,20,20,"Ec",13,0,0,1,1,0,0.208653512412432
"22161","1325","Ec_N",370,21,21,"Ec",13,0,0,1,1,0,0.208653512412432
"22162","1325","Ec_N",370,22,22,"Ec",13,0,0,1,1,0,0.208653512412432
"22163","1325","Ec_N",370,23,23,"Ec",13,0,0,1,1,0,0.208653512412432
"22164","1325","Ec_N",370,24,24,"Ec",15,0,1,1,1,0,0.62909180866025
"22165","1325","Ec_N",370,25,25,"Ec",16,1,1,1,1,0,0.93631405476465
"22166","1325","Ec_N",370,26,26,"Ec",16,1,1,1,1,0,0.93631405476465
"22167","1325","Ec_N",370,27,27,"Ec",16,1,1,1,1,0,0.93631405476465
"22168","1325","Ec_N",370,28,28,"Ec",16,1,1,1,1,0,0.93631405476465
"22169","1325","Ec_N",370,29,29,"Ec",16,1,1,1,1,0,0.93631405476465
"22170","1325","Ec_N",370,30,30,"Ec",16,1,1,1,1,0,0.93631405476465
"22171","1325","Ec_N",370,31,31,"Ec",16,1,1,1,1,0,0.93631405476465
"22172","1325","Ec_N",370,32,32,"Ec",16,1,1,1,1,0,0.93631405476465
"22173","1325","Ec_N",370,33,33,"Ec",16,1,1,1,1,0,0.93631405476465
"22174","1325","Ec_N",370,34,34,"Ec",16,1,1,1,1,0,0.93631405476465
"22175","1325","Ec_N",370,35,35,"Ec",16,1,1,1,1,0,0.93631405476465
"22176","1325","Ec_N",370,36,36,"Ec",16,1,1,1,1,0,0.93631405476465
"22177","1325","Ec_N",370,37,37,"Ec",16,1,1,1,1,0,0.93631405476465
"22178","1325","Ec_N",370,38,38,"Ec",16,1,1,1,1,0,0.93631405476465
"22179","1325","Ec_N",370,39,39,"Ec",16,1,1,1,1,0,0.93631405476465
"22180","1325","Ec_N",370,40,40,"Ec",16,1,1,1,1,0,0.93631405476465
"22181","1325","Ec_N",370,41,41,"Ec",16,1,1,1,1,0,0.93631405476465
"22182","1325","Ec_N",370,42,42,"Ec",16,1,1,1,1,0,0.93631405476465
"22183","1325","Ec_N",370,43,43,"Ec",16,1,1,1,1,0,0.93631405476465
"22184","1325","Ec_N",370,44,44,"Ec",16,1,1,1,1,0,0.93631405476465
"22185","1325","Ec_N",370,45,45,"Ec",16,1,1,1,1,0,0.93631405476465
"22186","1325","Ec_N",370,46,46,"Ec",16,1,1,1,1,0,0.93631405476465
"22187","1325","Ec_N",370,47,47,"Ec",16,1,1,1,1,0,0.93631405476465
"22188","1325","Ec_N",370,48,48,"Ec",16,1,1,1,1,0,0.93631405476465
"22189","1325","Ec_N",370,49,49,"Ec",16,1,1,1,1,0,0.93631405476465
"22190","1325","Ec_N",370,50,50,"Ec",16,1,1,1,1,0,0.93631405476465
"22191","1325","Ec_N",370,51,51,"Ec",16,1,1,1,1,0,0.93631405476465
"22192","1325","Ec_N",370,52,52,"Ec",16,1,1,1,1,0,0.93631405476465
"22193","1325","Ec_N",370,53,53,"Ec",16,1,1,1,1,0,0.93631405476465
"22194","1325","Ec_N",370,54,54,"Ec",16,1,1,1,1,0,0.93631405476465
"22195","1325","Ec_N",370,55,55,"Ec",16,1,1,1,1,0,0.93631405476465
"22196","1325","Ec_N",370,56,56,"Ec",16,1,1,1,1,0,0.93631405476465
"22197","1325","Ec_N",370,57,57,"Ec",32,1,1,1,1,1,1
"22198","1325","Ec_N",370,58,58,"Ec",32,1,1,1,1,1,1
"22199","1325","Ec_N",370,59,59,"Ec",32,1,1,1,1,1,1
"22200","1325","Ec_N",370,60,60,"Ec",32,1,1,1,1,1,1
"22201","1325","Ec_N",371,1,1,"Ec",1,0,0,0,0,0,0
"22202","1325","Ec_N",371,2,2,"Ec",2,1,0,0,0,0,0.3072222461044
"22203","1325","Ec_N",371,3,3,"Ec",10,1,0,0,1,0,0.356246730064637
"22204","1325","Ec_N",371,4,4,"Ec",10,1,0,0,1,0,0.356246730064637
"22205","1325","Ec_N",371,5,5,"Ec",10,1,0,0,1,0,0.356246730064637
"22206","1325","Ec_N",371,6,6,"Ec",12,1,1,0,1,0,0.776685026312455
"22207","1325","Ec_N",371,7,7,"Ec",12,1,1,0,1,0,0.776685026312455
"22208","1325","Ec_N",371,8,8,"Ec",12,1,1,0,1,0,0.776685026312455
"22209","1325","Ec_N",371,9,9,"Ec",12,1,1,0,1,0,0.776685026312455
"22210","1325","Ec_N",371,10,10,"Ec",12,1,1,0,1,0,0.776685026312455
"22211","1325","Ec_N",371,11,11,"Ec",12,1,1,0,1,0,0.776685026312455
"22212","1325","Ec_N",371,12,12,"Ec",12,1,1,0,1,0,0.776685026312455
"22213","1325","Ec_N",371,13,13,"Ec",12,1,1,0,1,0,0.776685026312455
"22214","1325","Ec_N",371,14,14,"Ec",12,1,1,0,1,0,0.776685026312455
"22215","1325","Ec_N",371,15,15,"Ec",12,1,1,0,1,0,0.776685026312455
"22216","1325","Ec_N",371,16,16,"Ec",12,1,1,0,1,0,0.776685026312455
"22217","1325","Ec_N",371,17,17,"Ec",12,1,1,0,1,0,0.776685026312455
"22218","1325","Ec_N",371,18,18,"Ec",12,1,1,0,1,0,0.776685026312455
"22219","1325","Ec_N",371,19,19,"Ec",12,1,1,0,1,0,0.776685026312455
"22220","1325","Ec_N",371,20,20,"Ec",12,1,1,0,1,0,0.776685026312455
"22221","1325","Ec_N",371,21,21,"Ec",12,1,1,0,1,0,0.776685026312455
"22222","1325","Ec_N",371,22,22,"Ec",12,1,1,0,1,0,0.776685026312455
"22223","1325","Ec_N",371,23,23,"Ec",12,1,1,0,1,0,0.776685026312455
"22224","1325","Ec_N",371,24,24,"Ec",12,1,1,0,1,0,0.776685026312455
"22225","1325","Ec_N",371,25,25,"Ec",16,1,1,1,1,0,0.93631405476465
"22226","1325","Ec_N",371,26,26,"Ec",16,1,1,1,1,0,0.93631405476465
"22227","1325","Ec_N",371,27,27,"Ec",16,1,1,1,1,0,0.93631405476465
"22228","1325","Ec_N",371,28,28,"Ec",16,1,1,1,1,0,0.93631405476465
"22229","1325","Ec_N",371,29,29,"Ec",16,1,1,1,1,0,0.93631405476465
"22230","1325","Ec_N",371,30,30,"Ec",16,1,1,1,1,0,0.93631405476465
"22231","1325","Ec_N",371,31,31,"Ec",16,1,1,1,1,0,0.93631405476465
"22232","1325","Ec_N",371,32,32,"Ec",16,1,1,1,1,0,0.93631405476465
"22233","1325","Ec_N",371,33,33,"Ec",16,1,1,1,1,0,0.93631405476465
"22234","1325","Ec_N",371,34,34,"Ec",16,1,1,1,1,0,0.93631405476465
"22235","1325","Ec_N",371,35,35,"Ec",16,1,1,1,1,0,0.93631405476465
"22236","1325","Ec_N",371,36,36,"Ec",16,1,1,1,1,0,0.93631405476465
"22237","1325","Ec_N",371,37,37,"Ec",16,1,1,1,1,0,0.93631405476465
"22238","1325","Ec_N",371,38,38,"Ec",16,1,1,1,1,0,0.93631405476465
"22239","1325","Ec_N",371,39,39,"Ec",16,1,1,1,1,0,0.93631405476465
"22240","1325","Ec_N",371,40,40,"Ec",16,1,1,1,1,0,0.93631405476465
"22241","1325","Ec_N",371,41,41,"Ec",16,1,1,1,1,0,0.93631405476465
"22242","1325","Ec_N",371,42,42,"Ec",16,1,1,1,1,0,0.93631405476465
"22243","1325","Ec_N",371,43,43,"Ec",16,1,1,1,1,0,0.93631405476465
"22244","1325","Ec_N",371,44,44,"Ec",16,1,1,1,1,0,0.93631405476465
"22245","1325","Ec_N",371,45,45,"Ec",16,1,1,1,1,0,0.93631405476465
"22246","1325","Ec_N",371,46,46,"Ec",16,1,1,1,1,0,0.93631405476465
"22247","1325","Ec_N",371,47,47,"Ec",16,1,1,1,1,0,0.93631405476465
"22248","1325","Ec_N",371,48,48,"Ec",16,1,1,1,1,0,0.93631405476465
"22249","1325","Ec_N",371,49,49,"Ec",16,1,1,1,1,0,0.93631405476465
"22250","1325","Ec_N",371,50,50,"Ec",16,1,1,1,1,0,0.93631405476465
"22251","1325","Ec_N",371,51,51,"Ec",16,1,1,1,1,0,0.93631405476465
"22252","1325","Ec_N",371,52,52,"Ec",16,1,1,1,1,0,0.93631405476465
"22253","1325","Ec_N",371,53,53,"Ec",16,1,1,1,1,0,0.93631405476465
"22254","1325","Ec_N",371,54,54,"Ec",16,1,1,1,1,0,0.93631405476465
"22255","1325","Ec_N",371,55,55,"Ec",16,1,1,1,1,0,0.93631405476465
"22256","1325","Ec_N",371,56,56,"Ec",16,1,1,1,1,0,0.93631405476465
"22257","1325","Ec_N",371,57,57,"Ec",16,1,1,1,1,0,0.93631405476465
"22258","1325","Ec_N",371,58,58,"Ec",16,1,1,1,1,0,0.93631405476465
"22259","1325","Ec_N",371,59,59,"Ec",16,1,1,1,1,0,0.93631405476465
"22260","1325","Ec_N",371,60,60,"Ec",16,1,1,1,1,0,0.93631405476465
"22261","1325","Ec_N",372,1,1,"Ec",1,0,0,0,0,0,0
"22262","1325","Ec_N",372,2,2,"Ec",1,0,0,0,0,0,0
"22263","1325","Ec_N",372,3,3,"Ec",3,0,1,0,0,0,0.420438296247818
"22264","1325","Ec_N",372,4,4,"Ec",3,0,1,0,0,0,0.420438296247818
"22265","1325","Ec_N",372,5,5,"Ec",3,0,1,0,0,0,0.420438296247818
"22266","1325","Ec_N",372,6,6,"Ec",3,0,1,0,0,0,0.420438296247818
"22267","1325","Ec_N",372,7,7,"Ec",3,0,1,0,0,0,0.420438296247818
"22268","1325","Ec_N",372,8,8,"Ec",3,0,1,0,0,0,0.420438296247818
"22269","1325","Ec_N",372,9,9,"Ec",3,0,1,0,0,0,0.420438296247818
"22270","1325","Ec_N",372,10,10,"Ec",3,0,1,0,0,0,0.420438296247818
"22271","1325","Ec_N",372,11,11,"Ec",19,0,1,0,0,1,0.484124241483168
"22272","1325","Ec_N",372,12,12,"Ec",19,0,1,0,0,1,0.484124241483168
"22273","1325","Ec_N",372,13,13,"Ec",19,0,1,0,0,1,0.484124241483168
"22274","1325","Ec_N",372,14,14,"Ec",19,0,1,0,0,1,0.484124241483168
"22275","1325","Ec_N",372,15,15,"Ec",19,0,1,0,0,1,0.484124241483168
"22276","1325","Ec_N",372,16,16,"Ec",19,0,1,0,0,1,0.484124241483168
"22277","1325","Ec_N",372,17,17,"Ec",19,0,1,0,0,1,0.484124241483168
"22278","1325","Ec_N",372,18,18,"Ec",19,0,1,0,0,1,0.484124241483168
"22279","1325","Ec_N",372,19,19,"Ec",19,0,1,0,0,1,0.484124241483168
"22280","1325","Ec_N",372,20,20,"Ec",19,0,1,0,0,1,0.484124241483168
"22281","1325","Ec_N",372,21,21,"Ec",19,0,1,0,0,1,0.484124241483168
"22282","1325","Ec_N",372,22,22,"Ec",19,0,1,0,0,1,0.484124241483168
"22283","1325","Ec_N",372,23,23,"Ec",19,0,1,0,0,1,0.484124241483168
"22284","1325","Ec_N",372,24,24,"Ec",19,0,1,0,0,1,0.484124241483168
"22285","1325","Ec_N",372,25,25,"Ec",19,0,1,0,0,1,0.484124241483168
"22286","1325","Ec_N",372,26,26,"Ec",23,0,1,1,0,1,0.57389469344254
"22287","1325","Ec_N",372,27,27,"Ec",23,0,1,1,0,1,0.57389469344254
"22288","1325","Ec_N",372,28,28,"Ec",23,0,1,1,0,1,0.57389469344254
"22289","1325","Ec_N",372,29,29,"Ec",23,0,1,1,0,1,0.57389469344254
"22290","1325","Ec_N",372,30,30,"Ec",23,0,1,1,0,1,0.57389469344254
"22291","1325","Ec_N",372,31,31,"Ec",23,0,1,1,0,1,0.57389469344254
"22292","1325","Ec_N",372,32,32,"Ec",23,0,1,1,0,1,0.57389469344254
"22293","1325","Ec_N",372,33,33,"Ec",31,0,1,1,1,1,0.6927777538956
"22294","1325","Ec_N",372,34,34,"Ec",31,0,1,1,1,1,0.6927777538956
"22295","1325","Ec_N",372,35,35,"Ec",31,0,1,1,1,1,0.6927777538956
"22296","1325","Ec_N",372,36,36,"Ec",31,0,1,1,1,1,0.6927777538956
"22297","1325","Ec_N",372,37,37,"Ec",32,1,1,1,1,1,1
"22298","1325","Ec_N",372,38,38,"Ec",32,1,1,1,1,1,1
"22299","1325","Ec_N",372,39,39,"Ec",32,1,1,1,1,1,1
"22300","1325","Ec_N",372,40,40,"Ec",32,1,1,1,1,1,1
"22301","1325","Ec_N",372,41,41,"Ec",32,1,1,1,1,1,1
"22302","1325","Ec_N",372,42,42,"Ec",32,1,1,1,1,1,1
"22303","1325","Ec_N",372,43,43,"Ec",32,1,1,1,1,1,1
"22304","1325","Ec_N",372,44,44,"Ec",32,1,1,1,1,1,1
"22305","1325","Ec_N",372,45,45,"Ec",32,1,1,1,1,1,1
"22306","1325","Ec_N",372,46,46,"Ec",32,1,1,1,1,1,1
"22307","1325","Ec_N",372,47,47,"Ec",32,1,1,1,1,1,1
"22308","1325","Ec_N",372,48,48,"Ec",32,1,1,1,1,1,1
"22309","1325","Ec_N",372,49,49,"Ec",32,1,1,1,1,1,1
"22310","1325","Ec_N",372,50,50,"Ec",32,1,1,1,1,1,1
"22311","1325","Ec_N",372,51,51,"Ec",32,1,1,1,1,1,1
"22312","1325","Ec_N",372,52,52,"Ec",32,1,1,1,1,1,1
"22313","1325","Ec_N",372,53,53,"Ec",32,1,1,1,1,1,1
"22314","1325","Ec_N",372,54,54,"Ec",32,1,1,1,1,1,1
"22315","1325","Ec_N",372,55,55,"Ec",32,1,1,1,1,1,1
"22316","1325","Ec_N",372,56,56,"Ec",32,1,1,1,1,1,1
"22317","1325","Ec_N",372,57,57,"Ec",32,1,1,1,1,1,1
"22318","1325","Ec_N",372,58,58,"Ec",32,1,1,1,1,1,1
"22319","1325","Ec_N",372,59,59,"Ec",32,1,1,1,1,1,1
"22320","1325","Ec_N",372,60,60,"Ec",32,1,1,1,1,1,1
"22321","1325","Ec_N",373,1,1,"Ec",1,0,0,0,0,0,0
"22322","1325","Ec_N",373,2,2,"Ec",1,0,0,0,0,0,0
"22323","1325","Ec_N",373,3,3,"Ec",1,0,0,0,0,0,0
"22324","1325","Ec_N",373,4,4,"Ec",1,0,0,0,0,0,0
"22325","1325","Ec_N",373,5,5,"Ec",17,0,0,0,0,1,0.0636859452353503
"22326","1325","Ec_N",373,6,6,"Ec",17,0,0,0,0,1,0.0636859452353503
"22327","1325","Ec_N",373,7,7,"Ec",17,0,0,0,0,1,0.0636859452353503
"22328","1325","Ec_N",373,8,8,"Ec",17,0,0,0,0,1,0.0636859452353503
"22329","1325","Ec_N",373,9,9,"Ec",17,0,0,0,0,1,0.0636859452353503
"22330","1325","Ec_N",373,10,10,"Ec",17,0,0,0,0,1,0.0636859452353503
"22331","1325","Ec_N",373,11,11,"Ec",17,0,0,0,0,1,0.0636859452353503
"22332","1325","Ec_N",373,12,12,"Ec",17,0,0,0,0,1,0.0636859452353503
"22333","1325","Ec_N",373,13,13,"Ec",17,0,0,0,0,1,0.0636859452353503
"22334","1325","Ec_N",373,14,14,"Ec",17,0,0,0,0,1,0.0636859452353503
"22335","1325","Ec_N",373,15,15,"Ec",17,0,0,0,0,1,0.0636859452353503
"22336","1325","Ec_N",373,16,16,"Ec",25,0,0,0,1,1,0.112710429195588
"22337","1325","Ec_N",373,17,17,"Ec",25,0,0,0,1,1,0.112710429195588
"22338","1325","Ec_N",373,18,18,"Ec",26,1,0,0,1,1,0.419932675299988
"22339","1325","Ec_N",373,19,19,"Ec",26,1,0,0,1,1,0.419932675299988
"22340","1325","Ec_N",373,20,20,"Ec",26,1,0,0,1,1,0.419932675299988
"22341","1325","Ec_N",373,21,21,"Ec",26,1,0,0,1,1,0.419932675299988
"22342","1325","Ec_N",373,22,22,"Ec",26,1,0,0,1,1,0.419932675299988
"22343","1325","Ec_N",373,23,23,"Ec",26,1,0,0,1,1,0.419932675299988
"22344","1325","Ec_N",373,24,24,"Ec",26,1,0,0,1,1,0.419932675299988
"22345","1325","Ec_N",373,25,25,"Ec",26,1,0,0,1,1,0.419932675299988
"22346","1325","Ec_N",373,26,26,"Ec",26,1,0,0,1,1,0.419932675299988
"22347","1325","Ec_N",373,27,27,"Ec",26,1,0,0,1,1,0.419932675299988
"22348","1325","Ec_N",373,28,28,"Ec",26,1,0,0,1,1,0.419932675299988
"22349","1325","Ec_N",373,29,29,"Ec",26,1,0,0,1,1,0.419932675299988
"22350","1325","Ec_N",373,30,30,"Ec",26,1,0,0,1,1,0.419932675299988
"22351","1325","Ec_N",373,31,31,"Ec",26,1,0,0,1,1,0.419932675299988
"22352","1325","Ec_N",373,32,32,"Ec",26,1,0,0,1,1,0.419932675299988
"22353","1325","Ec_N",373,33,33,"Ec",26,1,0,0,1,1,0.419932675299988
"22354","1325","Ec_N",373,34,34,"Ec",26,1,0,0,1,1,0.419932675299988
"22355","1325","Ec_N",373,35,35,"Ec",26,1,0,0,1,1,0.419932675299988
"22356","1325","Ec_N",373,36,36,"Ec",26,1,0,0,1,1,0.419932675299988
"22357","1325","Ec_N",373,37,37,"Ec",26,1,0,0,1,1,0.419932675299988
"22358","1325","Ec_N",373,38,38,"Ec",28,1,1,0,1,1,0.815884725734249
"22359","1325","Ec_N",373,39,39,"Ec",28,1,1,0,1,1,0.815884725734249
"22360","1325","Ec_N",373,40,40,"Ec",32,1,1,1,1,1,1
"22361","1325","Ec_N",373,41,41,"Ec",32,1,1,1,1,1,1
"22362","1325","Ec_N",373,42,42,"Ec",32,1,1,1,1,1,1
"22363","1325","Ec_N",373,43,43,"Ec",32,1,1,1,1,1,1
"22364","1325","Ec_N",373,44,44,"Ec",32,1,1,1,1,1,1
"22365","1325","Ec_N",373,45,45,"Ec",32,1,1,1,1,1,1
"22366","1325","Ec_N",373,46,46,"Ec",32,1,1,1,1,1,1
"22367","1325","Ec_N",373,47,47,"Ec",32,1,1,1,1,1,1
"22368","1325","Ec_N",373,48,48,"Ec",32,1,1,1,1,1,1
"22369","1325","Ec_N",373,49,49,"Ec",32,1,1,1,1,1,1
"22370","1325","Ec_N",373,50,50,"Ec",32,1,1,1,1,1,1
"22371","1325","Ec_N",373,51,51,"Ec",32,1,1,1,1,1,1
"22372","1325","Ec_N",373,52,52,"Ec",32,1,1,1,1,1,1
"22373","1325","Ec_N",373,53,53,"Ec",32,1,1,1,1,1,1
"22374","1325","Ec_N",373,54,54,"Ec",32,1,1,1,1,1,1
"22375","1325","Ec_N",373,55,55,"Ec",32,1,1,1,1,1,1
"22376","1325","Ec_N",373,56,56,"Ec",32,1,1,1,1,1,1
"22377","1325","Ec_N",373,57,57,"Ec",32,1,1,1,1,1,1
"22378","1325","Ec_N",373,58,58,"Ec",32,1,1,1,1,1,1
"22379","1325","Ec_N",373,59,59,"Ec",32,1,1,1,1,1,1
"22380","1325","Ec_N",373,60,60,"Ec",32,1,1,1,1,1,1
"22381","1325","Ec_N",374,1,1,"Ec",1,0,0,0,0,0,0
"22382","1325","Ec_N",374,2,2,"Ec",1,0,0,0,0,0,0
"22383","1325","Ec_N",374,3,3,"Ec",3,0,1,0,0,0,0.420438296247818
"22384","1325","Ec_N",374,4,4,"Ec",3,0,1,0,0,0,0.420438296247818
"22385","1325","Ec_N",374,5,5,"Ec",3,0,1,0,0,0,0.420438296247818
"22386","1325","Ec_N",374,6,6,"Ec",3,0,1,0,0,0,0.420438296247818
"22387","1325","Ec_N",374,7,7,"Ec",3,0,1,0,0,0,0.420438296247818
"22388","1325","Ec_N",374,8,8,"Ec",3,0,1,0,0,0,0.420438296247818
"22389","1325","Ec_N",374,9,9,"Ec",3,0,1,0,0,0,0.420438296247818
"22390","1325","Ec_N",374,10,10,"Ec",3,0,1,0,0,0,0.420438296247818
"22391","1325","Ec_N",374,11,11,"Ec",3,0,1,0,0,0,0.420438296247818
"22392","1325","Ec_N",374,12,12,"Ec",3,0,1,0,0,0,0.420438296247818
"22393","1325","Ec_N",374,13,13,"Ec",3,0,1,0,0,0,0.420438296247818
"22394","1325","Ec_N",374,14,14,"Ec",3,0,1,0,0,0,0.420438296247818
"22395","1325","Ec_N",374,15,15,"Ec",3,0,1,0,0,0,0.420438296247818
"22396","1325","Ec_N",374,16,16,"Ec",3,0,1,0,0,0,0.420438296247818
"22397","1325","Ec_N",374,17,17,"Ec",3,0,1,0,0,0,0.420438296247818
"22398","1325","Ec_N",374,18,18,"Ec",3,0,1,0,0,0,0.420438296247818
"22399","1325","Ec_N",374,19,19,"Ec",3,0,1,0,0,0,0.420438296247818
"22400","1325","Ec_N",374,20,20,"Ec",3,0,1,0,0,0,0.420438296247818
"22401","1325","Ec_N",374,21,21,"Ec",3,0,1,0,0,0,0.420438296247818
"22402","1325","Ec_N",374,22,22,"Ec",3,0,1,0,0,0,0.420438296247818
"22403","1325","Ec_N",374,23,23,"Ec",3,0,1,0,0,0,0.420438296247818
"22404","1325","Ec_N",374,24,24,"Ec",4,1,1,0,0,0,0.727660542352217
"22405","1325","Ec_N",374,25,25,"Ec",4,1,1,0,0,0,0.727660542352217
"22406","1325","Ec_N",374,26,26,"Ec",8,1,1,1,0,0,0.887289570804412
"22407","1325","Ec_N",374,27,27,"Ec",8,1,1,1,0,0,0.887289570804412
"22408","1325","Ec_N",374,28,28,"Ec",8,1,1,1,0,0,0.887289570804412
"22409","1325","Ec_N",374,29,29,"Ec",8,1,1,1,0,0,0.887289570804412
"22410","1325","Ec_N",374,30,30,"Ec",8,1,1,1,0,0,0.887289570804412
"22411","1325","Ec_N",374,31,31,"Ec",8,1,1,1,0,0,0.887289570804412
"22412","1325","Ec_N",374,32,32,"Ec",8,1,1,1,0,0,0.887289570804412
"22413","1325","Ec_N",374,33,33,"Ec",8,1,1,1,0,0,0.887289570804412
"22414","1325","Ec_N",374,34,34,"Ec",8,1,1,1,0,0,0.887289570804412
"22415","1325","Ec_N",374,35,35,"Ec",8,1,1,1,0,0,0.887289570804412
"22416","1325","Ec_N",374,36,36,"Ec",8,1,1,1,0,0,0.887289570804412
"22417","1325","Ec_N",374,37,37,"Ec",8,1,1,1,0,0,0.887289570804412
"22418","1325","Ec_N",374,38,38,"Ec",8,1,1,1,0,0,0.887289570804412
"22419","1325","Ec_N",374,39,39,"Ec",8,1,1,1,0,0,0.887289570804412
"22420","1325","Ec_N",374,40,40,"Ec",8,1,1,1,0,0,0.887289570804412
"22421","1325","Ec_N",374,41,41,"Ec",8,1,1,1,0,0,0.887289570804412
"22422","1325","Ec_N",374,42,42,"Ec",8,1,1,1,0,0,0.887289570804412
"22423","1325","Ec_N",374,43,43,"Ec",16,1,1,1,1,0,0.93631405476465
"22424","1325","Ec_N",374,44,44,"Ec",16,1,1,1,1,0,0.93631405476465
"22425","1325","Ec_N",374,45,45,"Ec",16,1,1,1,1,0,0.93631405476465
"22426","1325","Ec_N",374,46,46,"Ec",16,1,1,1,1,0,0.93631405476465
"22427","1325","Ec_N",374,47,47,"Ec",16,1,1,1,1,0,0.93631405476465
"22428","1325","Ec_N",374,48,48,"Ec",32,1,1,1,1,1,1
"22429","1325","Ec_N",374,49,49,"Ec",32,1,1,1,1,1,1
"22430","1325","Ec_N",374,50,50,"Ec",32,1,1,1,1,1,1
"22431","1325","Ec_N",374,51,51,"Ec",32,1,1,1,1,1,1
"22432","1325","Ec_N",374,52,52,"Ec",32,1,1,1,1,1,1
"22433","1325","Ec_N",374,53,53,"Ec",32,1,1,1,1,1,1
"22434","1325","Ec_N",374,54,54,"Ec",32,1,1,1,1,1,1
"22435","1325","Ec_N",374,55,55,"Ec",32,1,1,1,1,1,1
"22436","1325","Ec_N",374,56,56,"Ec",32,1,1,1,1,1,1
"22437","1325","Ec_N",374,57,57,"Ec",32,1,1,1,1,1,1
"22438","1325","Ec_N",374,58,58,"Ec",32,1,1,1,1,1,1
"22439","1325","Ec_N",374,59,59,"Ec",32,1,1,1,1,1,1
"22440","1325","Ec_N",374,60,60,"Ec",32,1,1,1,1,1,1
"22441","1325","Ec_N",375,1,1,"Ec",1,0,0,0,0,0,0
"22442","1325","Ec_N",375,2,2,"Ec",1,0,0,0,0,0,0
"22443","1325","Ec_N",375,3,3,"Ec",1,0,0,0,0,0,0
"22444","1325","Ec_N",375,4,4,"Ec",1,0,0,0,0,0,0
"22445","1325","Ec_N",375,5,5,"Ec",1,0,0,0,0,0,0
"22446","1325","Ec_N",375,6,6,"Ec",1,0,0,0,0,0,0
"22447","1325","Ec_N",375,7,7,"Ec",1,0,0,0,0,0,0
"22448","1325","Ec_N",375,8,8,"Ec",1,0,0,0,0,0,0
"22449","1325","Ec_N",375,9,9,"Ec",1,0,0,0,0,0,0
"22450","1325","Ec_N",375,10,10,"Ec",5,0,0,1,0,0,0.159629028452195
"22451","1325","Ec_N",375,11,11,"Ec",5,0,0,1,0,0,0.159629028452195
"22452","1325","Ec_N",375,12,12,"Ec",5,0,0,1,0,0,0.159629028452195
"22453","1325","Ec_N",375,13,13,"Ec",5,0,0,1,0,0,0.159629028452195
"22454","1325","Ec_N",375,14,14,"Ec",5,0,0,1,0,0,0.159629028452195
"22455","1325","Ec_N",375,15,15,"Ec",13,0,0,1,1,0,0.208653512412432
"22456","1325","Ec_N",375,16,16,"Ec",13,0,0,1,1,0,0.208653512412432
"22457","1325","Ec_N",375,17,17,"Ec",13,0,0,1,1,0,0.208653512412432
"22458","1325","Ec_N",375,18,18,"Ec",13,0,0,1,1,0,0.208653512412432
"22459","1325","Ec_N",375,19,19,"Ec",13,0,0,1,1,0,0.208653512412432
"22460","1325","Ec_N",375,20,20,"Ec",13,0,0,1,1,0,0.208653512412432
"22461","1325","Ec_N",375,21,21,"Ec",13,0,0,1,1,0,0.208653512412432
"22462","1325","Ec_N",375,22,22,"Ec",13,0,0,1,1,0,0.208653512412432
"22463","1325","Ec_N",375,23,23,"Ec",13,0,0,1,1,0,0.208653512412432
"22464","1325","Ec_N",375,24,24,"Ec",13,0,0,1,1,0,0.208653512412432
"22465","1325","Ec_N",375,25,25,"Ec",13,0,0,1,1,0,0.208653512412432
"22466","1325","Ec_N",375,26,26,"Ec",13,0,0,1,1,0,0.208653512412432
"22467","1325","Ec_N",375,27,27,"Ec",13,0,0,1,1,0,0.208653512412432
"22468","1325","Ec_N",375,28,28,"Ec",13,0,0,1,1,0,0.208653512412432
"22469","1325","Ec_N",375,29,29,"Ec",13,0,0,1,1,0,0.208653512412432
"22470","1325","Ec_N",375,30,30,"Ec",13,0,0,1,1,0,0.208653512412432
"22471","1325","Ec_N",375,31,31,"Ec",13,0,0,1,1,0,0.208653512412432
"22472","1325","Ec_N",375,32,32,"Ec",29,0,0,1,1,1,0.272339457647783
"22473","1325","Ec_N",375,33,33,"Ec",29,0,0,1,1,1,0.272339457647783
"22474","1325","Ec_N",375,34,34,"Ec",29,0,0,1,1,1,0.272339457647783
"22475","1325","Ec_N",375,35,35,"Ec",30,1,0,1,1,1,0.579561703752182
"22476","1325","Ec_N",375,36,36,"Ec",30,1,0,1,1,1,0.579561703752182
"22477","1325","Ec_N",375,37,37,"Ec",30,1,0,1,1,1,0.579561703752182
"22478","1325","Ec_N",375,38,38,"Ec",30,1,0,1,1,1,0.579561703752182
"22479","1325","Ec_N",375,39,39,"Ec",30,1,0,1,1,1,0.579561703752182
"22480","1325","Ec_N",375,40,40,"Ec",30,1,0,1,1,1,0.579561703752182
"22481","1325","Ec_N",375,41,41,"Ec",30,1,0,1,1,1,0.579561703752182
"22482","1325","Ec_N",375,42,42,"Ec",30,1,0,1,1,1,0.579561703752182
"22483","1325","Ec_N",375,43,43,"Ec",30,1,0,1,1,1,0.579561703752182
"22484","1325","Ec_N",375,44,44,"Ec",30,1,0,1,1,1,0.579561703752182
"22485","1325","Ec_N",375,45,45,"Ec",30,1,0,1,1,1,0.579561703752182
"22486","1325","Ec_N",375,46,46,"Ec",30,1,0,1,1,1,0.579561703752182
"22487","1325","Ec_N",375,47,47,"Ec",30,1,0,1,1,1,0.579561703752182
"22488","1325","Ec_N",375,48,48,"Ec",32,1,1,1,1,1,1
"22489","1325","Ec_N",375,49,49,"Ec",32,1,1,1,1,1,1
"22490","1325","Ec_N",375,50,50,"Ec",32,1,1,1,1,1,1
"22491","1325","Ec_N",375,51,51,"Ec",32,1,1,1,1,1,1
"22492","1325","Ec_N",375,52,52,"Ec",32,1,1,1,1,1,1
"22493","1325","Ec_N",375,53,53,"Ec",32,1,1,1,1,1,1
"22494","1325","Ec_N",375,54,54,"Ec",32,1,1,1,1,1,1
"22495","1325","Ec_N",375,55,55,"Ec",32,1,1,1,1,1,1
"22496","1325","Ec_N",375,56,56,"Ec",32,1,1,1,1,1,1
"22497","1325","Ec_N",375,57,57,"Ec",32,1,1,1,1,1,1
"22498","1325","Ec_N",375,58,58,"Ec",32,1,1,1,1,1,1
"22499","1325","Ec_N",375,59,59,"Ec",32,1,1,1,1,1,1
"22500","1325","Ec_N",375,60,60,"Ec",32,1,1,1,1,1,1
"22501","1325","Ec_N",376,1,1,"Ec",1,0,0,0,0,0,0
"22502","1325","Ec_N",376,2,2,"Ec",17,0,0,0,0,1,0.0636859452353503
"22503","1325","Ec_N",376,3,3,"Ec",17,0,0,0,0,1,0.0636859452353503
"22504","1325","Ec_N",376,4,4,"Ec",17,0,0,0,0,1,0.0636859452353503
"22505","1325","Ec_N",376,5,5,"Ec",17,0,0,0,0,1,0.0636859452353503
"22506","1325","Ec_N",376,6,6,"Ec",17,0,0,0,0,1,0.0636859452353503
"22507","1325","Ec_N",376,7,7,"Ec",19,0,1,0,0,1,0.484124241483168
"22508","1325","Ec_N",376,8,8,"Ec",19,0,1,0,0,1,0.484124241483168
"22509","1325","Ec_N",376,9,9,"Ec",19,0,1,0,0,1,0.484124241483168
"22510","1325","Ec_N",376,10,10,"Ec",19,0,1,0,0,1,0.484124241483168
"22511","1325","Ec_N",376,11,11,"Ec",19,0,1,0,0,1,0.484124241483168
"22512","1325","Ec_N",376,12,12,"Ec",19,0,1,0,0,1,0.484124241483168
"22513","1325","Ec_N",376,13,13,"Ec",19,0,1,0,0,1,0.484124241483168
"22514","1325","Ec_N",376,14,14,"Ec",19,0,1,0,0,1,0.484124241483168
"22515","1325","Ec_N",376,15,15,"Ec",19,0,1,0,0,1,0.484124241483168
"22516","1325","Ec_N",376,16,16,"Ec",19,0,1,0,0,1,0.484124241483168
"22517","1325","Ec_N",376,17,17,"Ec",20,1,1,0,0,1,0.791346487587567
"22518","1325","Ec_N",376,18,18,"Ec",20,1,1,0,0,1,0.791346487587567
"22519","1325","Ec_N",376,19,19,"Ec",20,1,1,0,0,1,0.791346487587567
"22520","1325","Ec_N",376,20,20,"Ec",20,1,1,0,0,1,0.791346487587567
"22521","1325","Ec_N",376,21,21,"Ec",20,1,1,0,0,1,0.791346487587567
"22522","1325","Ec_N",376,22,22,"Ec",20,1,1,0,0,1,0.791346487587567
"22523","1325","Ec_N",376,23,23,"Ec",20,1,1,0,0,1,0.791346487587567
"22524","1325","Ec_N",376,24,24,"Ec",20,1,1,0,0,1,0.791346487587567
"22525","1325","Ec_N",376,25,25,"Ec",28,1,1,0,1,1,0.815884725734249
"22526","1325","Ec_N",376,26,26,"Ec",28,1,1,0,1,1,0.815884725734249
"22527","1325","Ec_N",376,27,27,"Ec",28,1,1,0,1,1,0.815884725734249
"22528","1325","Ec_N",376,28,28,"Ec",28,1,1,0,1,1,0.815884725734249
"22529","1325","Ec_N",376,29,29,"Ec",28,1,1,0,1,1,0.815884725734249
"22530","1325","Ec_N",376,30,30,"Ec",28,1,1,0,1,1,0.815884725734249
"22531","1325","Ec_N",376,31,31,"Ec",28,1,1,0,1,1,0.815884725734249
"22532","1325","Ec_N",376,32,32,"Ec",28,1,1,0,1,1,0.815884725734249
"22533","1325","Ec_N",376,33,33,"Ec",28,1,1,0,1,1,0.815884725734249
"22534","1325","Ec_N",376,34,34,"Ec",28,1,1,0,1,1,0.815884725734249
"22535","1325","Ec_N",376,35,35,"Ec",28,1,1,0,1,1,0.815884725734249
"22536","1325","Ec_N",376,36,36,"Ec",28,1,1,0,1,1,0.815884725734249
"22537","1325","Ec_N",376,37,37,"Ec",28,1,1,0,1,1,0.815884725734249
"22538","1325","Ec_N",376,38,38,"Ec",28,1,1,0,1,1,0.815884725734249
"22539","1325","Ec_N",376,39,39,"Ec",28,1,1,0,1,1,0.815884725734249
"22540","1325","Ec_N",376,40,40,"Ec",28,1,1,0,1,1,0.815884725734249
"22541","1325","Ec_N",376,41,41,"Ec",28,1,1,0,1,1,0.815884725734249
"22542","1325","Ec_N",376,42,42,"Ec",28,1,1,0,1,1,0.815884725734249
"22543","1325","Ec_N",376,43,43,"Ec",28,1,1,0,1,1,0.815884725734249
"22544","1325","Ec_N",376,44,44,"Ec",28,1,1,0,1,1,0.815884725734249
"22545","1325","Ec_N",376,45,45,"Ec",28,1,1,0,1,1,0.815884725734249
"22546","1325","Ec_N",376,46,46,"Ec",28,1,1,0,1,1,0.815884725734249
"22547","1325","Ec_N",376,47,47,"Ec",28,1,1,0,1,1,0.815884725734249
"22548","1325","Ec_N",376,48,48,"Ec",28,1,1,0,1,1,0.815884725734249
"22549","1325","Ec_N",376,49,49,"Ec",28,1,1,0,1,1,0.815884725734249
"22550","1325","Ec_N",376,50,50,"Ec",28,1,1,0,1,1,0.815884725734249
"22551","1325","Ec_N",376,51,51,"Ec",28,1,1,0,1,1,0.815884725734249
"22552","1325","Ec_N",376,52,52,"Ec",28,1,1,0,1,1,0.815884725734249
"22553","1325","Ec_N",376,53,53,"Ec",28,1,1,0,1,1,0.815884725734249
"22554","1325","Ec_N",376,54,54,"Ec",28,1,1,0,1,1,0.815884725734249
"22555","1325","Ec_N",376,55,55,"Ec",28,1,1,0,1,1,0.815884725734249
"22556","1325","Ec_N",376,56,56,"Ec",28,1,1,0,1,1,0.815884725734249
"22557","1325","Ec_N",376,57,57,"Ec",28,1,1,0,1,1,0.815884725734249
"22558","1325","Ec_N",376,58,58,"Ec",28,1,1,0,1,1,0.815884725734249
"22559","1325","Ec_N",376,59,59,"Ec",28,1,1,0,1,1,0.815884725734249
"22560","1325","Ec_N",376,60,60,"Ec",28,1,1,0,1,1,0.815884725734249
"22561","1325","Ec_N",377,1,1,"Ec",1,0,0,0,0,0,0
"22562","1325","Ec_N",377,2,2,"Ec",1,0,0,0,0,0,0
"22563","1325","Ec_N",377,3,3,"Ec",17,0,0,0,0,1,0.0636859452353503
"22564","1325","Ec_N",377,4,4,"Ec",17,0,0,0,0,1,0.0636859452353503
"22565","1325","Ec_N",377,5,5,"Ec",17,0,0,0,0,1,0.0636859452353503
"22566","1325","Ec_N",377,6,6,"Ec",17,0,0,0,0,1,0.0636859452353503
"22567","1325","Ec_N",377,7,7,"Ec",17,0,0,0,0,1,0.0636859452353503
"22568","1325","Ec_N",377,8,8,"Ec",17,0,0,0,0,1,0.0636859452353503
"22569","1325","Ec_N",377,9,9,"Ec",17,0,0,0,0,1,0.0636859452353503
"22570","1325","Ec_N",377,10,10,"Ec",17,0,0,0,0,1,0.0636859452353503
"22571","1325","Ec_N",377,11,11,"Ec",17,0,0,0,0,1,0.0636859452353503
"22572","1325","Ec_N",377,12,12,"Ec",17,0,0,0,0,1,0.0636859452353503
"22573","1325","Ec_N",377,13,13,"Ec",21,0,0,1,0,1,0.223314973687545
"22574","1325","Ec_N",377,14,14,"Ec",21,0,0,1,0,1,0.223314973687545
"22575","1325","Ec_N",377,15,15,"Ec",21,0,0,1,0,1,0.223314973687545
"22576","1325","Ec_N",377,16,16,"Ec",21,0,0,1,0,1,0.223314973687545
"22577","1325","Ec_N",377,17,17,"Ec",21,0,0,1,0,1,0.223314973687545
"22578","1325","Ec_N",377,18,18,"Ec",21,0,0,1,0,1,0.223314973687545
"22579","1325","Ec_N",377,19,19,"Ec",21,0,0,1,0,1,0.223314973687545
"22580","1325","Ec_N",377,20,20,"Ec",21,0,0,1,0,1,0.223314973687545
"22581","1325","Ec_N",377,21,21,"Ec",21,0,0,1,0,1,0.223314973687545
"22582","1325","Ec_N",377,22,22,"Ec",21,0,0,1,0,1,0.223314973687545
"22583","1325","Ec_N",377,23,23,"Ec",21,0,0,1,0,1,0.223314973687545
"22584","1325","Ec_N",377,24,24,"Ec",21,0,0,1,0,1,0.223314973687545
"22585","1325","Ec_N",377,25,25,"Ec",21,0,0,1,0,1,0.223314973687545
"22586","1325","Ec_N",377,26,26,"Ec",23,0,1,1,0,1,0.57389469344254
"22587","1325","Ec_N",377,27,27,"Ec",23,0,1,1,0,1,0.57389469344254
"22588","1325","Ec_N",377,28,28,"Ec",23,0,1,1,0,1,0.57389469344254
"22589","1325","Ec_N",377,29,29,"Ec",23,0,1,1,0,1,0.57389469344254
"22590","1325","Ec_N",377,30,30,"Ec",23,0,1,1,0,1,0.57389469344254
"22591","1325","Ec_N",377,31,31,"Ec",23,0,1,1,0,1,0.57389469344254
"22592","1325","Ec_N",377,32,32,"Ec",23,0,1,1,0,1,0.57389469344254
"22593","1325","Ec_N",377,33,33,"Ec",24,1,1,1,0,1,0.872975948786018
"22594","1325","Ec_N",377,34,34,"Ec",24,1,1,1,0,1,0.872975948786018
"22595","1325","Ec_N",377,35,35,"Ec",24,1,1,1,0,1,0.872975948786018
"22596","1325","Ec_N",377,36,36,"Ec",24,1,1,1,0,1,0.872975948786018
"22597","1325","Ec_N",377,37,37,"Ec",24,1,1,1,0,1,0.872975948786018
"22598","1325","Ec_N",377,38,38,"Ec",32,1,1,1,1,1,1
"22599","1325","Ec_N",377,39,39,"Ec",32,1,1,1,1,1,1
"22600","1325","Ec_N",377,40,40,"Ec",32,1,1,1,1,1,1
"22601","1325","Ec_N",377,41,41,"Ec",32,1,1,1,1,1,1
"22602","1325","Ec_N",377,42,42,"Ec",32,1,1,1,1,1,1
"22603","1325","Ec_N",377,43,43,"Ec",32,1,1,1,1,1,1
"22604","1325","Ec_N",377,44,44,"Ec",32,1,1,1,1,1,1
"22605","1325","Ec_N",377,45,45,"Ec",32,1,1,1,1,1,1
"22606","1325","Ec_N",377,46,46,"Ec",32,1,1,1,1,1,1
"22607","1325","Ec_N",377,47,47,"Ec",32,1,1,1,1,1,1
"22608","1325","Ec_N",377,48,48,"Ec",32,1,1,1,1,1,1
"22609","1325","Ec_N",377,49,49,"Ec",32,1,1,1,1,1,1
"22610","1325","Ec_N",377,50,50,"Ec",32,1,1,1,1,1,1
"22611","1325","Ec_N",377,51,51,"Ec",32,1,1,1,1,1,1
"22612","1325","Ec_N",377,52,52,"Ec",32,1,1,1,1,1,1
"22613","1325","Ec_N",377,53,53,"Ec",32,1,1,1,1,1,1
"22614","1325","Ec_N",377,54,54,"Ec",32,1,1,1,1,1,1
"22615","1325","Ec_N",377,55,55,"Ec",32,1,1,1,1,1,1
"22616","1325","Ec_N",377,56,56,"Ec",32,1,1,1,1,1,1
"22617","1325","Ec_N",377,57,57,"Ec",32,1,1,1,1,1,1
"22618","1325","Ec_N",377,58,58,"Ec",32,1,1,1,1,1,1
"22619","1325","Ec_N",377,59,59,"Ec",32,1,1,1,1,1,1
"22620","1325","Ec_N",377,60,60,"Ec",32,1,1,1,1,1,1
"22621","1325","Ec_N",378,1,1,"Ec",1,0,0,0,0,0,0
"22622","1325","Ec_N",378,2,2,"Ec",1,0,0,0,0,0,0
"22623","1325","Ec_N",378,3,3,"Ec",1,0,0,0,0,0,0
"22624","1325","Ec_N",378,4,4,"Ec",1,0,0,0,0,0,0
"22625","1325","Ec_N",378,5,5,"Ec",3,0,1,0,0,0,0.420438296247818
"22626","1325","Ec_N",378,6,6,"Ec",3,0,1,0,0,0,0.420438296247818
"22627","1325","Ec_N",378,7,7,"Ec",3,0,1,0,0,0,0.420438296247818
"22628","1325","Ec_N",378,8,8,"Ec",3,0,1,0,0,0,0.420438296247818
"22629","1325","Ec_N",378,9,9,"Ec",3,0,1,0,0,0,0.420438296247818
"22630","1325","Ec_N",378,10,10,"Ec",7,0,1,1,0,0,0.580067324700012
"22631","1325","Ec_N",378,11,11,"Ec",7,0,1,1,0,0,0.580067324700012
"22632","1325","Ec_N",378,12,12,"Ec",7,0,1,1,0,0,0.580067324700012
"22633","1325","Ec_N",378,13,13,"Ec",7,0,1,1,0,0,0.580067324700012
"22634","1325","Ec_N",378,14,14,"Ec",7,0,1,1,0,0,0.580067324700012
"22635","1325","Ec_N",378,15,15,"Ec",7,0,1,1,0,0,0.580067324700012
"22636","1325","Ec_N",378,16,16,"Ec",7,0,1,1,0,0,0.580067324700012
"22637","1325","Ec_N",378,17,17,"Ec",7,0,1,1,0,0,0.580067324700012
"22638","1325","Ec_N",378,18,18,"Ec",7,0,1,1,0,0,0.580067324700012
"22639","1325","Ec_N",378,19,19,"Ec",7,0,1,1,0,0,0.580067324700012
"22640","1325","Ec_N",378,20,20,"Ec",7,0,1,1,0,0,0.580067324700012
"22641","1325","Ec_N",378,21,21,"Ec",7,0,1,1,0,0,0.580067324700012
"22642","1325","Ec_N",378,22,22,"Ec",8,1,1,1,0,0,0.887289570804412
"22643","1325","Ec_N",378,23,23,"Ec",8,1,1,1,0,0,0.887289570804412
"22644","1325","Ec_N",378,24,24,"Ec",8,1,1,1,0,0,0.887289570804412
"22645","1325","Ec_N",378,25,25,"Ec",8,1,1,1,0,0,0.887289570804412
"22646","1325","Ec_N",378,26,26,"Ec",8,1,1,1,0,0,0.887289570804412
"22647","1325","Ec_N",378,27,27,"Ec",8,1,1,1,0,0,0.887289570804412
"22648","1325","Ec_N",378,28,28,"Ec",8,1,1,1,0,0,0.887289570804412
"22649","1325","Ec_N",378,29,29,"Ec",8,1,1,1,0,0,0.887289570804412
"22650","1325","Ec_N",378,30,30,"Ec",8,1,1,1,0,0,0.887289570804412
"22651","1325","Ec_N",378,31,31,"Ec",8,1,1,1,0,0,0.887289570804412
"22652","1325","Ec_N",378,32,32,"Ec",8,1,1,1,0,0,0.887289570804412
"22653","1325","Ec_N",378,33,33,"Ec",8,1,1,1,0,0,0.887289570804412
"22654","1325","Ec_N",378,34,34,"Ec",8,1,1,1,0,0,0.887289570804412
"22655","1325","Ec_N",378,35,35,"Ec",8,1,1,1,0,0,0.887289570804412
"22656","1325","Ec_N",378,36,36,"Ec",8,1,1,1,0,0,0.887289570804412
"22657","1325","Ec_N",378,37,37,"Ec",8,1,1,1,0,0,0.887289570804412
"22658","1325","Ec_N",378,38,38,"Ec",16,1,1,1,1,0,0.93631405476465
"22659","1325","Ec_N",378,39,39,"Ec",16,1,1,1,1,0,0.93631405476465
"22660","1325","Ec_N",378,40,40,"Ec",16,1,1,1,1,0,0.93631405476465
"22661","1325","Ec_N",378,41,41,"Ec",32,1,1,1,1,1,1
"22662","1325","Ec_N",378,42,42,"Ec",32,1,1,1,1,1,1
"22663","1325","Ec_N",378,43,43,"Ec",32,1,1,1,1,1,1
"22664","1325","Ec_N",378,44,44,"Ec",32,1,1,1,1,1,1
"22665","1325","Ec_N",378,45,45,"Ec",32,1,1,1,1,1,1
"22666","1325","Ec_N",378,46,46,"Ec",32,1,1,1,1,1,1
"22667","1325","Ec_N",378,47,47,"Ec",32,1,1,1,1,1,1
"22668","1325","Ec_N",378,48,48,"Ec",32,1,1,1,1,1,1
"22669","1325","Ec_N",378,49,49,"Ec",32,1,1,1,1,1,1
"22670","1325","Ec_N",378,50,50,"Ec",32,1,1,1,1,1,1
"22671","1325","Ec_N",378,51,51,"Ec",32,1,1,1,1,1,1
"22672","1325","Ec_N",378,52,52,"Ec",32,1,1,1,1,1,1
"22673","1325","Ec_N",378,53,53,"Ec",32,1,1,1,1,1,1
"22674","1325","Ec_N",378,54,54,"Ec",32,1,1,1,1,1,1
"22675","1325","Ec_N",378,55,55,"Ec",32,1,1,1,1,1,1
"22676","1325","Ec_N",378,56,56,"Ec",32,1,1,1,1,1,1
"22677","1325","Ec_N",378,57,57,"Ec",32,1,1,1,1,1,1
"22678","1325","Ec_N",378,58,58,"Ec",32,1,1,1,1,1,1
"22679","1325","Ec_N",378,59,59,"Ec",32,1,1,1,1,1,1
"22680","1325","Ec_N",378,60,60,"Ec",32,1,1,1,1,1,1
"22681","1325","Ec_N",379,1,1,"Ec",1,0,0,0,0,0,0
"22682","1325","Ec_N",379,2,2,"Ec",1,0,0,0,0,0,0
"22683","1325","Ec_N",379,3,3,"Ec",1,0,0,0,0,0,0
"22684","1325","Ec_N",379,4,4,"Ec",1,0,0,0,0,0,0
"22685","1325","Ec_N",379,5,5,"Ec",1,0,0,0,0,0,0
"22686","1325","Ec_N",379,6,6,"Ec",1,0,0,0,0,0,0
"22687","1325","Ec_N",379,7,7,"Ec",1,0,0,0,0,0,0
"22688","1325","Ec_N",379,8,8,"Ec",1,0,0,0,0,0,0
"22689","1325","Ec_N",379,9,9,"Ec",17,0,0,0,0,1,0.0636859452353503
"22690","1325","Ec_N",379,10,10,"Ec",17,0,0,0,0,1,0.0636859452353503
"22691","1325","Ec_N",379,11,11,"Ec",17,0,0,0,0,1,0.0636859452353503
"22692","1325","Ec_N",379,12,12,"Ec",17,0,0,0,0,1,0.0636859452353503
"22693","1325","Ec_N",379,13,13,"Ec",18,1,0,0,0,1,0.37090819133975
"22694","1325","Ec_N",379,14,14,"Ec",18,1,0,0,0,1,0.37090819133975
"22695","1325","Ec_N",379,15,15,"Ec",26,1,0,0,1,1,0.419932675299988
"22696","1325","Ec_N",379,16,16,"Ec",26,1,0,0,1,1,0.419932675299988
"22697","1325","Ec_N",379,17,17,"Ec",26,1,0,0,1,1,0.419932675299988
"22698","1325","Ec_N",379,18,18,"Ec",26,1,0,0,1,1,0.419932675299988
"22699","1325","Ec_N",379,19,19,"Ec",26,1,0,0,1,1,0.419932675299988
"22700","1325","Ec_N",379,20,20,"Ec",26,1,0,0,1,1,0.419932675299988
"22701","1325","Ec_N",379,21,21,"Ec",26,1,0,0,1,1,0.419932675299988
"22702","1325","Ec_N",379,22,22,"Ec",26,1,0,0,1,1,0.419932675299988
"22703","1325","Ec_N",379,23,23,"Ec",26,1,0,0,1,1,0.419932675299988
"22704","1325","Ec_N",379,24,24,"Ec",26,1,0,0,1,1,0.419932675299988
"22705","1325","Ec_N",379,25,25,"Ec",26,1,0,0,1,1,0.419932675299988
"22706","1325","Ec_N",379,26,26,"Ec",26,1,0,0,1,1,0.419932675299988
"22707","1325","Ec_N",379,27,27,"Ec",26,1,0,0,1,1,0.419932675299988
"22708","1325","Ec_N",379,28,28,"Ec",30,1,0,1,1,1,0.579561703752182
"22709","1325","Ec_N",379,29,29,"Ec",30,1,0,1,1,1,0.579561703752182
"22710","1325","Ec_N",379,30,30,"Ec",30,1,0,1,1,1,0.579561703752182
"22711","1325","Ec_N",379,31,31,"Ec",30,1,0,1,1,1,0.579561703752182
"22712","1325","Ec_N",379,32,32,"Ec",30,1,0,1,1,1,0.579561703752182
"22713","1325","Ec_N",379,33,33,"Ec",30,1,0,1,1,1,0.579561703752182
"22714","1325","Ec_N",379,34,34,"Ec",30,1,0,1,1,1,0.579561703752182
"22715","1325","Ec_N",379,35,35,"Ec",32,1,1,1,1,1,1
"22716","1325","Ec_N",379,36,36,"Ec",32,1,1,1,1,1,1
"22717","1325","Ec_N",379,37,37,"Ec",32,1,1,1,1,1,1
"22718","1325","Ec_N",379,38,38,"Ec",32,1,1,1,1,1,1
"22719","1325","Ec_N",379,39,39,"Ec",32,1,1,1,1,1,1
"22720","1325","Ec_N",379,40,40,"Ec",32,1,1,1,1,1,1
"22721","1325","Ec_N",379,41,41,"Ec",32,1,1,1,1,1,1
"22722","1325","Ec_N",379,42,42,"Ec",32,1,1,1,1,1,1
"22723","1325","Ec_N",379,43,43,"Ec",32,1,1,1,1,1,1
"22724","1325","Ec_N",379,44,44,"Ec",32,1,1,1,1,1,1
"22725","1325","Ec_N",379,45,45,"Ec",32,1,1,1,1,1,1
"22726","1325","Ec_N",379,46,46,"Ec",32,1,1,1,1,1,1
"22727","1325","Ec_N",379,47,47,"Ec",32,1,1,1,1,1,1
"22728","1325","Ec_N",379,48,48,"Ec",32,1,1,1,1,1,1
"22729","1325","Ec_N",379,49,49,"Ec",32,1,1,1,1,1,1
"22730","1325","Ec_N",379,50,50,"Ec",32,1,1,1,1,1,1
"22731","1325","Ec_N",379,51,51,"Ec",32,1,1,1,1,1,1
"22732","1325","Ec_N",379,52,52,"Ec",32,1,1,1,1,1,1
"22733","1325","Ec_N",379,53,53,"Ec",32,1,1,1,1,1,1
"22734","1325","Ec_N",379,54,54,"Ec",32,1,1,1,1,1,1
"22735","1325","Ec_N",379,55,55,"Ec",32,1,1,1,1,1,1
"22736","1325","Ec_N",379,56,56,"Ec",32,1,1,1,1,1,1
"22737","1325","Ec_N",379,57,57,"Ec",32,1,1,1,1,1,1
"22738","1325","Ec_N",379,58,58,"Ec",32,1,1,1,1,1,1
"22739","1325","Ec_N",379,59,59,"Ec",32,1,1,1,1,1,1
"22740","1325","Ec_N",379,60,60,"Ec",32,1,1,1,1,1,1
"22741","1325","Ec_N",380,1,1,"Ec",1,0,0,0,0,0,0
"22742","1325","Ec_N",380,2,2,"Ec",1,0,0,0,0,0,0
"22743","1325","Ec_N",380,3,3,"Ec",1,0,0,0,0,0,0
"22744","1325","Ec_N",380,4,4,"Ec",1,0,0,0,0,0,0
"22745","1325","Ec_N",380,5,5,"Ec",17,0,0,0,0,1,0.0636859452353503
"22746","1325","Ec_N",380,6,6,"Ec",25,0,0,0,1,1,0.112710429195588
"22747","1325","Ec_N",380,7,7,"Ec",25,0,0,0,1,1,0.112710429195588
"22748","1325","Ec_N",380,8,8,"Ec",25,0,0,0,1,1,0.112710429195588
"22749","1325","Ec_N",380,9,9,"Ec",25,0,0,0,1,1,0.112710429195588
"22750","1325","Ec_N",380,10,10,"Ec",25,0,0,0,1,1,0.112710429195588
"22751","1325","Ec_N",380,11,11,"Ec",25,0,0,0,1,1,0.112710429195588
"22752","1325","Ec_N",380,12,12,"Ec",25,0,0,0,1,1,0.112710429195588
"22753","1325","Ec_N",380,13,13,"Ec",26,1,0,0,1,1,0.419932675299988
"22754","1325","Ec_N",380,14,14,"Ec",26,1,0,0,1,1,0.419932675299988
"22755","1325","Ec_N",380,15,15,"Ec",26,1,0,0,1,1,0.419932675299988
"22756","1325","Ec_N",380,16,16,"Ec",26,1,0,0,1,1,0.419932675299988
"22757","1325","Ec_N",380,17,17,"Ec",26,1,0,0,1,1,0.419932675299988
"22758","1325","Ec_N",380,18,18,"Ec",26,1,0,0,1,1,0.419932675299988
"22759","1325","Ec_N",380,19,19,"Ec",26,1,0,0,1,1,0.419932675299988
"22760","1325","Ec_N",380,20,20,"Ec",26,1,0,0,1,1,0.419932675299988
"22761","1325","Ec_N",380,21,21,"Ec",26,1,0,0,1,1,0.419932675299988
"22762","1325","Ec_N",380,22,22,"Ec",26,1,0,0,1,1,0.419932675299988
"22763","1325","Ec_N",380,23,23,"Ec",26,1,0,0,1,1,0.419932675299988
"22764","1325","Ec_N",380,24,24,"Ec",26,1,0,0,1,1,0.419932675299988
"22765","1325","Ec_N",380,25,25,"Ec",28,1,1,0,1,1,0.815884725734249
"22766","1325","Ec_N",380,26,26,"Ec",28,1,1,0,1,1,0.815884725734249
"22767","1325","Ec_N",380,27,27,"Ec",28,1,1,0,1,1,0.815884725734249
"22768","1325","Ec_N",380,28,28,"Ec",32,1,1,1,1,1,1
"22769","1325","Ec_N",380,29,29,"Ec",32,1,1,1,1,1,1
"22770","1325","Ec_N",380,30,30,"Ec",32,1,1,1,1,1,1
"22771","1325","Ec_N",380,31,31,"Ec",32,1,1,1,1,1,1
"22772","1325","Ec_N",380,32,32,"Ec",32,1,1,1,1,1,1
"22773","1325","Ec_N",380,33,33,"Ec",32,1,1,1,1,1,1
"22774","1325","Ec_N",380,34,34,"Ec",32,1,1,1,1,1,1
"22775","1325","Ec_N",380,35,35,"Ec",32,1,1,1,1,1,1
"22776","1325","Ec_N",380,36,36,"Ec",32,1,1,1,1,1,1
"22777","1325","Ec_N",380,37,37,"Ec",32,1,1,1,1,1,1
"22778","1325","Ec_N",380,38,38,"Ec",32,1,1,1,1,1,1
"22779","1325","Ec_N",380,39,39,"Ec",32,1,1,1,1,1,1
"22780","1325","Ec_N",380,40,40,"Ec",32,1,1,1,1,1,1
"22781","1325","Ec_N",380,41,41,"Ec",32,1,1,1,1,1,1
"22782","1325","Ec_N",380,42,42,"Ec",32,1,1,1,1,1,1
"22783","1325","Ec_N",380,43,43,"Ec",32,1,1,1,1,1,1
"22784","1325","Ec_N",380,44,44,"Ec",32,1,1,1,1,1,1
"22785","1325","Ec_N",380,45,45,"Ec",32,1,1,1,1,1,1
"22786","1325","Ec_N",380,46,46,"Ec",32,1,1,1,1,1,1
"22787","1325","Ec_N",380,47,47,"Ec",32,1,1,1,1,1,1
"22788","1325","Ec_N",380,48,48,"Ec",32,1,1,1,1,1,1
"22789","1325","Ec_N",380,49,49,"Ec",32,1,1,1,1,1,1
"22790","1325","Ec_N",380,50,50,"Ec",32,1,1,1,1,1,1
"22791","1325","Ec_N",380,51,51,"Ec",32,1,1,1,1,1,1
"22792","1325","Ec_N",380,52,52,"Ec",32,1,1,1,1,1,1
"22793","1325","Ec_N",380,53,53,"Ec",32,1,1,1,1,1,1
"22794","1325","Ec_N",380,54,54,"Ec",32,1,1,1,1,1,1
"22795","1325","Ec_N",380,55,55,"Ec",32,1,1,1,1,1,1
"22796","1325","Ec_N",380,56,56,"Ec",32,1,1,1,1,1,1
"22797","1325","Ec_N",380,57,57,"Ec",32,1,1,1,1,1,1
"22798","1325","Ec_N",380,58,58,"Ec",32,1,1,1,1,1,1
"22799","1325","Ec_N",380,59,59,"Ec",32,1,1,1,1,1,1
"22800","1325","Ec_N",380,60,60,"Ec",32,1,1,1,1,1,1
"22801","1325","Ec_N",381,1,1,"Ec",1,0,0,0,0,0,0
"22802","1325","Ec_N",381,2,2,"Ec",5,0,0,1,0,0,0.159629028452195
"22803","1325","Ec_N",381,3,3,"Ec",5,0,0,1,0,0,0.159629028452195
"22804","1325","Ec_N",381,4,4,"Ec",5,0,0,1,0,0,0.159629028452195
"22805","1325","Ec_N",381,5,5,"Ec",5,0,0,1,0,0,0.159629028452195
"22806","1325","Ec_N",381,6,6,"Ec",5,0,0,1,0,0,0.159629028452195
"22807","1325","Ec_N",381,7,7,"Ec",5,0,0,1,0,0,0.159629028452195
"22808","1325","Ec_N",381,8,8,"Ec",5,0,0,1,0,0,0.159629028452195
"22809","1325","Ec_N",381,9,9,"Ec",5,0,0,1,0,0,0.159629028452195
"22810","1325","Ec_N",381,10,10,"Ec",5,0,0,1,0,0,0.159629028452195
"22811","1325","Ec_N",381,11,11,"Ec",5,0,0,1,0,0,0.159629028452195
"22812","1325","Ec_N",381,12,12,"Ec",5,0,0,1,0,0,0.159629028452195
"22813","1325","Ec_N",381,13,13,"Ec",5,0,0,1,0,0,0.159629028452195
"22814","1325","Ec_N",381,14,14,"Ec",13,0,0,1,1,0,0.208653512412432
"22815","1325","Ec_N",381,15,15,"Ec",13,0,0,1,1,0,0.208653512412432
"22816","1325","Ec_N",381,16,16,"Ec",13,0,0,1,1,0,0.208653512412432
"22817","1325","Ec_N",381,17,17,"Ec",13,0,0,1,1,0,0.208653512412432
"22818","1325","Ec_N",381,18,18,"Ec",13,0,0,1,1,0,0.208653512412432
"22819","1325","Ec_N",381,19,19,"Ec",29,0,0,1,1,1,0.272339457647783
"22820","1325","Ec_N",381,20,20,"Ec",29,0,0,1,1,1,0.272339457647783
"22821","1325","Ec_N",381,21,21,"Ec",30,1,0,1,1,1,0.579561703752182
"22822","1325","Ec_N",381,22,22,"Ec",30,1,0,1,1,1,0.579561703752182
"22823","1325","Ec_N",381,23,23,"Ec",30,1,0,1,1,1,0.579561703752182
"22824","1325","Ec_N",381,24,24,"Ec",30,1,0,1,1,1,0.579561703752182
"22825","1325","Ec_N",381,25,25,"Ec",30,1,0,1,1,1,0.579561703752182
"22826","1325","Ec_N",381,26,26,"Ec",30,1,0,1,1,1,0.579561703752182
"22827","1325","Ec_N",381,27,27,"Ec",30,1,0,1,1,1,0.579561703752182
"22828","1325","Ec_N",381,28,28,"Ec",30,1,0,1,1,1,0.579561703752182
"22829","1325","Ec_N",381,29,29,"Ec",30,1,0,1,1,1,0.579561703752182
"22830","1325","Ec_N",381,30,30,"Ec",30,1,0,1,1,1,0.579561703752182
"22831","1325","Ec_N",381,31,31,"Ec",30,1,0,1,1,1,0.579561703752182
"22832","1325","Ec_N",381,32,32,"Ec",30,1,0,1,1,1,0.579561703752182
"22833","1325","Ec_N",381,33,33,"Ec",30,1,0,1,1,1,0.579561703752182
"22834","1325","Ec_N",381,34,34,"Ec",30,1,0,1,1,1,0.579561703752182
"22835","1325","Ec_N",381,35,35,"Ec",30,1,0,1,1,1,0.579561703752182
"22836","1325","Ec_N",381,36,36,"Ec",30,1,0,1,1,1,0.579561703752182
"22837","1325","Ec_N",381,37,37,"Ec",30,1,0,1,1,1,0.579561703752182
"22838","1325","Ec_N",381,38,38,"Ec",30,1,0,1,1,1,0.579561703752182
"22839","1325","Ec_N",381,39,39,"Ec",30,1,0,1,1,1,0.579561703752182
"22840","1325","Ec_N",381,40,40,"Ec",32,1,1,1,1,1,1
"22841","1325","Ec_N",381,41,41,"Ec",32,1,1,1,1,1,1
"22842","1325","Ec_N",381,42,42,"Ec",32,1,1,1,1,1,1
"22843","1325","Ec_N",381,43,43,"Ec",32,1,1,1,1,1,1
"22844","1325","Ec_N",381,44,44,"Ec",32,1,1,1,1,1,1
"22845","1325","Ec_N",381,45,45,"Ec",32,1,1,1,1,1,1
"22846","1325","Ec_N",381,46,46,"Ec",32,1,1,1,1,1,1
"22847","1325","Ec_N",381,47,47,"Ec",32,1,1,1,1,1,1
"22848","1325","Ec_N",381,48,48,"Ec",32,1,1,1,1,1,1
"22849","1325","Ec_N",381,49,49,"Ec",32,1,1,1,1,1,1
"22850","1325","Ec_N",381,50,50,"Ec",32,1,1,1,1,1,1
"22851","1325","Ec_N",381,51,51,"Ec",32,1,1,1,1,1,1
"22852","1325","Ec_N",381,52,52,"Ec",32,1,1,1,1,1,1
"22853","1325","Ec_N",381,53,53,"Ec",32,1,1,1,1,1,1
"22854","1325","Ec_N",381,54,54,"Ec",32,1,1,1,1,1,1
"22855","1325","Ec_N",381,55,55,"Ec",32,1,1,1,1,1,1
"22856","1325","Ec_N",381,56,56,"Ec",32,1,1,1,1,1,1
"22857","1325","Ec_N",381,57,57,"Ec",32,1,1,1,1,1,1
"22858","1325","Ec_N",381,58,58,"Ec",32,1,1,1,1,1,1
"22859","1325","Ec_N",381,59,59,"Ec",32,1,1,1,1,1,1
"22860","1325","Ec_N",381,60,60,"Ec",32,1,1,1,1,1,1
"22861","1325","Ec_N",382,1,1,"Ec",1,0,0,0,0,0,0
"22862","1325","Ec_N",382,2,2,"Ec",5,0,0,1,0,0,0.159629028452195
"22863","1325","Ec_N",382,3,3,"Ec",5,0,0,1,0,0,0.159629028452195
"22864","1325","Ec_N",382,4,4,"Ec",5,0,0,1,0,0,0.159629028452195
"22865","1325","Ec_N",382,5,5,"Ec",5,0,0,1,0,0,0.159629028452195
"22866","1325","Ec_N",382,6,6,"Ec",5,0,0,1,0,0,0.159629028452195
"22867","1325","Ec_N",382,7,7,"Ec",5,0,0,1,0,0,0.159629028452195
"22868","1325","Ec_N",382,8,8,"Ec",5,0,0,1,0,0,0.159629028452195
"22869","1325","Ec_N",382,9,9,"Ec",21,0,0,1,0,1,0.223314973687545
"22870","1325","Ec_N",382,10,10,"Ec",29,0,0,1,1,1,0.272339457647783
"22871","1325","Ec_N",382,11,11,"Ec",29,0,0,1,1,1,0.272339457647783
"22872","1325","Ec_N",382,12,12,"Ec",30,1,0,1,1,1,0.579561703752182
"22873","1325","Ec_N",382,13,13,"Ec",30,1,0,1,1,1,0.579561703752182
"22874","1325","Ec_N",382,14,14,"Ec",30,1,0,1,1,1,0.579561703752182
"22875","1325","Ec_N",382,15,15,"Ec",30,1,0,1,1,1,0.579561703752182
"22876","1325","Ec_N",382,16,16,"Ec",30,1,0,1,1,1,0.579561703752182
"22877","1325","Ec_N",382,17,17,"Ec",30,1,0,1,1,1,0.579561703752182
"22878","1325","Ec_N",382,18,18,"Ec",32,1,1,1,1,1,1
"22879","1325","Ec_N",382,19,19,"Ec",32,1,1,1,1,1,1
"22880","1325","Ec_N",382,20,20,"Ec",32,1,1,1,1,1,1
"22881","1325","Ec_N",382,21,21,"Ec",32,1,1,1,1,1,1
"22882","1325","Ec_N",382,22,22,"Ec",32,1,1,1,1,1,1
"22883","1325","Ec_N",382,23,23,"Ec",32,1,1,1,1,1,1
"22884","1325","Ec_N",382,24,24,"Ec",32,1,1,1,1,1,1
"22885","1325","Ec_N",382,25,25,"Ec",32,1,1,1,1,1,1
"22886","1325","Ec_N",382,26,26,"Ec",32,1,1,1,1,1,1
"22887","1325","Ec_N",382,27,27,"Ec",32,1,1,1,1,1,1
"22888","1325","Ec_N",382,28,28,"Ec",32,1,1,1,1,1,1
"22889","1325","Ec_N",382,29,29,"Ec",32,1,1,1,1,1,1
"22890","1325","Ec_N",382,30,30,"Ec",32,1,1,1,1,1,1
"22891","1325","Ec_N",382,31,31,"Ec",32,1,1,1,1,1,1
"22892","1325","Ec_N",382,32,32,"Ec",32,1,1,1,1,1,1
"22893","1325","Ec_N",382,33,33,"Ec",32,1,1,1,1,1,1
"22894","1325","Ec_N",382,34,34,"Ec",32,1,1,1,1,1,1
"22895","1325","Ec_N",382,35,35,"Ec",32,1,1,1,1,1,1
"22896","1325","Ec_N",382,36,36,"Ec",32,1,1,1,1,1,1
"22897","1325","Ec_N",382,37,37,"Ec",32,1,1,1,1,1,1
"22898","1325","Ec_N",382,38,38,"Ec",32,1,1,1,1,1,1
"22899","1325","Ec_N",382,39,39,"Ec",32,1,1,1,1,1,1
"22900","1325","Ec_N",382,40,40,"Ec",32,1,1,1,1,1,1
"22901","1325","Ec_N",382,41,41,"Ec",32,1,1,1,1,1,1
"22902","1325","Ec_N",382,42,42,"Ec",32,1,1,1,1,1,1
"22903","1325","Ec_N",382,43,43,"Ec",32,1,1,1,1,1,1
"22904","1325","Ec_N",382,44,44,"Ec",32,1,1,1,1,1,1
"22905","1325","Ec_N",382,45,45,"Ec",32,1,1,1,1,1,1
"22906","1325","Ec_N",382,46,46,"Ec",32,1,1,1,1,1,1
"22907","1325","Ec_N",382,47,47,"Ec",32,1,1,1,1,1,1
"22908","1325","Ec_N",382,48,48,"Ec",32,1,1,1,1,1,1
"22909","1325","Ec_N",382,49,49,"Ec",32,1,1,1,1,1,1
"22910","1325","Ec_N",382,50,50,"Ec",32,1,1,1,1,1,1
"22911","1325","Ec_N",382,51,51,"Ec",32,1,1,1,1,1,1
"22912","1325","Ec_N",382,52,52,"Ec",32,1,1,1,1,1,1
"22913","1325","Ec_N",382,53,53,"Ec",32,1,1,1,1,1,1
"22914","1325","Ec_N",382,54,54,"Ec",32,1,1,1,1,1,1
"22915","1325","Ec_N",382,55,55,"Ec",32,1,1,1,1,1,1
"22916","1325","Ec_N",382,56,56,"Ec",32,1,1,1,1,1,1
"22917","1325","Ec_N",382,57,57,"Ec",32,1,1,1,1,1,1
"22918","1325","Ec_N",382,58,58,"Ec",32,1,1,1,1,1,1
"22919","1325","Ec_N",382,59,59,"Ec",32,1,1,1,1,1,1
"22920","1325","Ec_N",382,60,60,"Ec",32,1,1,1,1,1,1
"22921","1325","Ec_N",383,1,1,"Ec",1,0,0,0,0,0,0
"22922","1325","Ec_N",383,2,2,"Ec",5,0,0,1,0,0,0.159629028452195
"22923","1325","Ec_N",383,3,3,"Ec",5,0,0,1,0,0,0.159629028452195
"22924","1325","Ec_N",383,4,4,"Ec",13,0,0,1,1,0,0.208653512412432
"22925","1325","Ec_N",383,5,5,"Ec",13,0,0,1,1,0,0.208653512412432
"22926","1325","Ec_N",383,6,6,"Ec",14,1,0,1,1,0,0.479175264165032
"22927","1325","Ec_N",383,7,7,"Ec",14,1,0,1,1,0,0.479175264165032
"22928","1325","Ec_N",383,8,8,"Ec",14,1,0,1,1,0,0.479175264165032
"22929","1325","Ec_N",383,9,9,"Ec",14,1,0,1,1,0,0.479175264165032
"22930","1325","Ec_N",383,10,10,"Ec",14,1,0,1,1,0,0.479175264165032
"22931","1325","Ec_N",383,11,11,"Ec",14,1,0,1,1,0,0.479175264165032
"22932","1325","Ec_N",383,12,12,"Ec",14,1,0,1,1,0,0.479175264165032
"22933","1325","Ec_N",383,13,13,"Ec",14,1,0,1,1,0,0.479175264165032
"22934","1325","Ec_N",383,14,14,"Ec",14,1,0,1,1,0,0.479175264165032
"22935","1325","Ec_N",383,15,15,"Ec",14,1,0,1,1,0,0.479175264165032
"22936","1325","Ec_N",383,16,16,"Ec",14,1,0,1,1,0,0.479175264165032
"22937","1325","Ec_N",383,17,17,"Ec",14,1,0,1,1,0,0.479175264165032
"22938","1325","Ec_N",383,18,18,"Ec",14,1,0,1,1,0,0.479175264165032
"22939","1325","Ec_N",383,19,19,"Ec",14,1,0,1,1,0,0.479175264165032
"22940","1325","Ec_N",383,20,20,"Ec",14,1,0,1,1,0,0.479175264165032
"22941","1325","Ec_N",383,21,21,"Ec",14,1,0,1,1,0,0.479175264165032
"22942","1325","Ec_N",383,22,22,"Ec",14,1,0,1,1,0,0.479175264165032
"22943","1325","Ec_N",383,23,23,"Ec",14,1,0,1,1,0,0.479175264165032
"22944","1325","Ec_N",383,24,24,"Ec",14,1,0,1,1,0,0.479175264165032
"22945","1325","Ec_N",383,25,25,"Ec",14,1,0,1,1,0,0.479175264165032
"22946","1325","Ec_N",383,26,26,"Ec",14,1,0,1,1,0,0.479175264165032
"22947","1325","Ec_N",383,27,27,"Ec",14,1,0,1,1,0,0.479175264165032
"22948","1325","Ec_N",383,28,28,"Ec",14,1,0,1,1,0,0.479175264165032
"22949","1325","Ec_N",383,29,29,"Ec",14,1,0,1,1,0,0.479175264165032
"22950","1325","Ec_N",383,30,30,"Ec",14,1,0,1,1,0,0.479175264165032
"22951","1325","Ec_N",383,31,31,"Ec",14,1,0,1,1,0,0.479175264165032
"22952","1325","Ec_N",383,32,32,"Ec",14,1,0,1,1,0,0.479175264165032
"22953","1325","Ec_N",383,33,33,"Ec",14,1,0,1,1,0,0.479175264165032
"22954","1325","Ec_N",383,34,34,"Ec",14,1,0,1,1,0,0.479175264165032
"22955","1325","Ec_N",383,35,35,"Ec",14,1,0,1,1,0,0.479175264165032
"22956","1325","Ec_N",383,36,36,"Ec",14,1,0,1,1,0,0.479175264165032
"22957","1325","Ec_N",383,37,37,"Ec",16,1,1,1,1,0,0.93631405476465
"22958","1325","Ec_N",383,38,38,"Ec",16,1,1,1,1,0,0.93631405476465
"22959","1325","Ec_N",383,39,39,"Ec",16,1,1,1,1,0,0.93631405476465
"22960","1325","Ec_N",383,40,40,"Ec",16,1,1,1,1,0,0.93631405476465
"22961","1325","Ec_N",383,41,41,"Ec",16,1,1,1,1,0,0.93631405476465
"22962","1325","Ec_N",383,42,42,"Ec",16,1,1,1,1,0,0.93631405476465
"22963","1325","Ec_N",383,43,43,"Ec",16,1,1,1,1,0,0.93631405476465
"22964","1325","Ec_N",383,44,44,"Ec",16,1,1,1,1,0,0.93631405476465
"22965","1325","Ec_N",383,45,45,"Ec",16,1,1,1,1,0,0.93631405476465
"22966","1325","Ec_N",383,46,46,"Ec",16,1,1,1,1,0,0.93631405476465
"22967","1325","Ec_N",383,47,47,"Ec",16,1,1,1,1,0,0.93631405476465
"22968","1325","Ec_N",383,48,48,"Ec",16,1,1,1,1,0,0.93631405476465
"22969","1325","Ec_N",383,49,49,"Ec",16,1,1,1,1,0,0.93631405476465
"22970","1325","Ec_N",383,50,50,"Ec",16,1,1,1,1,0,0.93631405476465
"22971","1325","Ec_N",383,51,51,"Ec",16,1,1,1,1,0,0.93631405476465
"22972","1325","Ec_N",383,52,52,"Ec",16,1,1,1,1,0,0.93631405476465
"22973","1325","Ec_N",383,53,53,"Ec",16,1,1,1,1,0,0.93631405476465
"22974","1325","Ec_N",383,54,54,"Ec",16,1,1,1,1,0,0.93631405476465
"22975","1325","Ec_N",383,55,55,"Ec",16,1,1,1,1,0,0.93631405476465
"22976","1325","Ec_N",383,56,56,"Ec",16,1,1,1,1,0,0.93631405476465
"22977","1325","Ec_N",383,57,57,"Ec",16,1,1,1,1,0,0.93631405476465
"22978","1325","Ec_N",383,58,58,"Ec",16,1,1,1,1,0,0.93631405476465
"22979","1325","Ec_N",383,59,59,"Ec",16,1,1,1,1,0,0.93631405476465
"22980","1325","Ec_N",383,60,60,"Ec",16,1,1,1,1,0,0.93631405476465
"22981","1325","Ec_N",384,1,1,"Ec",1,0,0,0,0,0,0
"22982","1325","Ec_N",384,2,2,"Ec",1,0,0,0,0,0,0
"22983","1325","Ec_N",384,3,3,"Ec",1,0,0,0,0,0,0
"22984","1325","Ec_N",384,4,4,"Ec",1,0,0,0,0,0,0
"22985","1325","Ec_N",384,5,5,"Ec",1,0,0,0,0,0,0
"22986","1325","Ec_N",384,6,6,"Ec",1,0,0,0,0,0,0
"22987","1325","Ec_N",384,7,7,"Ec",17,0,0,0,0,1,0.0636859452353503
"22988","1325","Ec_N",384,8,8,"Ec",17,0,0,0,0,1,0.0636859452353503
"22989","1325","Ec_N",384,9,9,"Ec",17,0,0,0,0,1,0.0636859452353503
"22990","1325","Ec_N",384,10,10,"Ec",17,0,0,0,0,1,0.0636859452353503
"22991","1325","Ec_N",384,11,11,"Ec",17,0,0,0,0,1,0.0636859452353503
"22992","1325","Ec_N",384,12,12,"Ec",19,0,1,0,0,1,0.484124241483168
"22993","1325","Ec_N",384,13,13,"Ec",19,0,1,0,0,1,0.484124241483168
"22994","1325","Ec_N",384,14,14,"Ec",19,0,1,0,0,1,0.484124241483168
"22995","1325","Ec_N",384,15,15,"Ec",19,0,1,0,0,1,0.484124241483168
"22996","1325","Ec_N",384,16,16,"Ec",19,0,1,0,0,1,0.484124241483168
"22997","1325","Ec_N",384,17,17,"Ec",23,0,1,1,0,1,0.57389469344254
"22998","1325","Ec_N",384,18,18,"Ec",23,0,1,1,0,1,0.57389469344254
"22999","1325","Ec_N",384,19,19,"Ec",23,0,1,1,0,1,0.57389469344254
"23000","1325","Ec_N",384,20,20,"Ec",23,0,1,1,0,1,0.57389469344254
"23001","1325","Ec_N",384,21,21,"Ec",23,0,1,1,0,1,0.57389469344254
"23002","1325","Ec_N",384,22,22,"Ec",23,0,1,1,0,1,0.57389469344254
"23003","1325","Ec_N",384,23,23,"Ec",23,0,1,1,0,1,0.57389469344254
"23004","1325","Ec_N",384,24,24,"Ec",31,0,1,1,1,1,0.6927777538956
"23005","1325","Ec_N",384,25,25,"Ec",31,0,1,1,1,1,0.6927777538956
"23006","1325","Ec_N",384,26,26,"Ec",31,0,1,1,1,1,0.6927777538956
"23007","1325","Ec_N",384,27,27,"Ec",31,0,1,1,1,1,0.6927777538956
"23008","1325","Ec_N",384,28,28,"Ec",31,0,1,1,1,1,0.6927777538956
"23009","1325","Ec_N",384,29,29,"Ec",31,0,1,1,1,1,0.6927777538956
"23010","1325","Ec_N",384,30,30,"Ec",31,0,1,1,1,1,0.6927777538956
"23011","1325","Ec_N",384,31,31,"Ec",31,0,1,1,1,1,0.6927777538956
"23012","1325","Ec_N",384,32,32,"Ec",31,0,1,1,1,1,0.6927777538956
"23013","1325","Ec_N",384,33,33,"Ec",31,0,1,1,1,1,0.6927777538956
"23014","1325","Ec_N",384,34,34,"Ec",31,0,1,1,1,1,0.6927777538956
"23015","1325","Ec_N",384,35,35,"Ec",31,0,1,1,1,1,0.6927777538956
"23016","1325","Ec_N",384,36,36,"Ec",31,0,1,1,1,1,0.6927777538956
"23017","1325","Ec_N",384,37,37,"Ec",31,0,1,1,1,1,0.6927777538956
"23018","1325","Ec_N",384,38,38,"Ec",31,0,1,1,1,1,0.6927777538956
"23019","1325","Ec_N",384,39,39,"Ec",32,1,1,1,1,1,1
"23020","1325","Ec_N",384,40,40,"Ec",32,1,1,1,1,1,1
"23021","1325","Ec_N",384,41,41,"Ec",32,1,1,1,1,1,1
"23022","1325","Ec_N",384,42,42,"Ec",32,1,1,1,1,1,1
"23023","1325","Ec_N",384,43,43,"Ec",32,1,1,1,1,1,1
"23024","1325","Ec_N",384,44,44,"Ec",32,1,1,1,1,1,1
"23025","1325","Ec_N",384,45,45,"Ec",32,1,1,1,1,1,1
"23026","1325","Ec_N",384,46,46,"Ec",32,1,1,1,1,1,1
"23027","1325","Ec_N",384,47,47,"Ec",32,1,1,1,1,1,1
"23028","1325","Ec_N",384,48,48,"Ec",32,1,1,1,1,1,1
"23029","1325","Ec_N",384,49,49,"Ec",32,1,1,1,1,1,1
"23030","1325","Ec_N",384,50,50,"Ec",32,1,1,1,1,1,1
"23031","1325","Ec_N",384,51,51,"Ec",32,1,1,1,1,1,1
"23032","1325","Ec_N",384,52,52,"Ec",32,1,1,1,1,1,1
"23033","1325","Ec_N",384,53,53,"Ec",32,1,1,1,1,1,1
"23034","1325","Ec_N",384,54,54,"Ec",32,1,1,1,1,1,1
"23035","1325","Ec_N",384,55,55,"Ec",32,1,1,1,1,1,1
"23036","1325","Ec_N",384,56,56,"Ec",32,1,1,1,1,1,1
"23037","1325","Ec_N",384,57,57,"Ec",32,1,1,1,1,1,1
"23038","1325","Ec_N",384,58,58,"Ec",32,1,1,1,1,1,1
"23039","1325","Ec_N",384,59,59,"Ec",32,1,1,1,1,1,1
"23040","1325","Ec_N",384,60,60,"Ec",32,1,1,1,1,1,1
"23041","1325","Ec_N",385,1,1,"Ec",1,0,0,0,0,0,0
"23042","1325","Ec_N",385,2,2,"Ec",1,0,0,0,0,0,0
"23043","1325","Ec_N",385,3,3,"Ec",9,0,0,0,1,0,0.0490244839602376
"23044","1325","Ec_N",385,4,4,"Ec",9,0,0,0,1,0,0.0490244839602376
"23045","1325","Ec_N",385,5,5,"Ec",9,0,0,0,1,0,0.0490244839602376
"23046","1325","Ec_N",385,6,6,"Ec",9,0,0,0,1,0,0.0490244839602376
"23047","1325","Ec_N",385,7,7,"Ec",9,0,0,0,1,0,0.0490244839602376
"23048","1325","Ec_N",385,8,8,"Ec",9,0,0,0,1,0,0.0490244839602376
"23049","1325","Ec_N",385,9,9,"Ec",9,0,0,0,1,0,0.0490244839602376
"23050","1325","Ec_N",385,10,10,"Ec",9,0,0,0,1,0,0.0490244839602376
"23051","1325","Ec_N",385,11,11,"Ec",9,0,0,0,1,0,0.0490244839602376
"23052","1325","Ec_N",385,12,12,"Ec",9,0,0,0,1,0,0.0490244839602376
"23053","1325","Ec_N",385,13,13,"Ec",13,0,0,1,1,0,0.208653512412432
"23054","1325","Ec_N",385,14,14,"Ec",13,0,0,1,1,0,0.208653512412432
"23055","1325","Ec_N",385,15,15,"Ec",13,0,0,1,1,0,0.208653512412432
"23056","1325","Ec_N",385,16,16,"Ec",13,0,0,1,1,0,0.208653512412432
"23057","1325","Ec_N",385,17,17,"Ec",13,0,0,1,1,0,0.208653512412432
"23058","1325","Ec_N",385,18,18,"Ec",13,0,0,1,1,0,0.208653512412432
"23059","1325","Ec_N",385,19,19,"Ec",13,0,0,1,1,0,0.208653512412432
"23060","1325","Ec_N",385,20,20,"Ec",13,0,0,1,1,0,0.208653512412432
"23061","1325","Ec_N",385,21,21,"Ec",13,0,0,1,1,0,0.208653512412432
"23062","1325","Ec_N",385,22,22,"Ec",15,0,1,1,1,0,0.62909180866025
"23063","1325","Ec_N",385,23,23,"Ec",15,0,1,1,1,0,0.62909180866025
"23064","1325","Ec_N",385,24,24,"Ec",15,0,1,1,1,0,0.62909180866025
"23065","1325","Ec_N",385,25,25,"Ec",15,0,1,1,1,0,0.62909180866025
"23066","1325","Ec_N",385,26,26,"Ec",15,0,1,1,1,0,0.62909180866025
"23067","1325","Ec_N",385,27,27,"Ec",16,1,1,1,1,0,0.93631405476465
"23068","1325","Ec_N",385,28,28,"Ec",32,1,1,1,1,1,1
"23069","1325","Ec_N",385,29,29,"Ec",32,1,1,1,1,1,1
"23070","1325","Ec_N",385,30,30,"Ec",32,1,1,1,1,1,1
"23071","1325","Ec_N",385,31,31,"Ec",32,1,1,1,1,1,1
"23072","1325","Ec_N",385,32,32,"Ec",32,1,1,1,1,1,1
"23073","1325","Ec_N",385,33,33,"Ec",32,1,1,1,1,1,1
"23074","1325","Ec_N",385,34,34,"Ec",32,1,1,1,1,1,1
"23075","1325","Ec_N",385,35,35,"Ec",32,1,1,1,1,1,1
"23076","1325","Ec_N",385,36,36,"Ec",32,1,1,1,1,1,1
"23077","1325","Ec_N",385,37,37,"Ec",32,1,1,1,1,1,1
"23078","1325","Ec_N",385,38,38,"Ec",32,1,1,1,1,1,1
"23079","1325","Ec_N",385,39,39,"Ec",32,1,1,1,1,1,1
"23080","1325","Ec_N",385,40,40,"Ec",32,1,1,1,1,1,1
"23081","1325","Ec_N",385,41,41,"Ec",32,1,1,1,1,1,1
"23082","1325","Ec_N",385,42,42,"Ec",32,1,1,1,1,1,1
"23083","1325","Ec_N",385,43,43,"Ec",32,1,1,1,1,1,1
"23084","1325","Ec_N",385,44,44,"Ec",32,1,1,1,1,1,1
"23085","1325","Ec_N",385,45,45,"Ec",32,1,1,1,1,1,1
"23086","1325","Ec_N",385,46,46,"Ec",32,1,1,1,1,1,1
"23087","1325","Ec_N",385,47,47,"Ec",32,1,1,1,1,1,1
"23088","1325","Ec_N",385,48,48,"Ec",32,1,1,1,1,1,1
"23089","1325","Ec_N",385,49,49,"Ec",32,1,1,1,1,1,1
"23090","1325","Ec_N",385,50,50,"Ec",32,1,1,1,1,1,1
"23091","1325","Ec_N",385,51,51,"Ec",32,1,1,1,1,1,1
"23092","1325","Ec_N",385,52,52,"Ec",32,1,1,1,1,1,1
"23093","1325","Ec_N",385,53,53,"Ec",32,1,1,1,1,1,1
"23094","1325","Ec_N",385,54,54,"Ec",32,1,1,1,1,1,1
"23095","1325","Ec_N",385,55,55,"Ec",32,1,1,1,1,1,1
"23096","1325","Ec_N",385,56,56,"Ec",32,1,1,1,1,1,1
"23097","1325","Ec_N",385,57,57,"Ec",32,1,1,1,1,1,1
"23098","1325","Ec_N",385,58,58,"Ec",32,1,1,1,1,1,1
"23099","1325","Ec_N",385,59,59,"Ec",32,1,1,1,1,1,1
"23100","1325","Ec_N",385,60,60,"Ec",32,1,1,1,1,1,1
"23101","1325","Ec_N",386,1,1,"Ec",1,0,0,0,0,0,0
"23102","1325","Ec_N",386,2,2,"Ec",1,0,0,0,0,0,0
"23103","1325","Ec_N",386,3,3,"Ec",1,0,0,0,0,0,0
"23104","1325","Ec_N",386,4,4,"Ec",1,0,0,0,0,0,0
"23105","1325","Ec_N",386,5,5,"Ec",3,0,1,0,0,0,0.420438296247818
"23106","1325","Ec_N",386,6,6,"Ec",3,0,1,0,0,0,0.420438296247818
"23107","1325","Ec_N",386,7,7,"Ec",3,0,1,0,0,0,0.420438296247818
"23108","1325","Ec_N",386,8,8,"Ec",19,0,1,0,0,1,0.484124241483168
"23109","1325","Ec_N",386,9,9,"Ec",19,0,1,0,0,1,0.484124241483168
"23110","1325","Ec_N",386,10,10,"Ec",19,0,1,0,0,1,0.484124241483168
"23111","1325","Ec_N",386,11,11,"Ec",19,0,1,0,0,1,0.484124241483168
"23112","1325","Ec_N",386,12,12,"Ec",19,0,1,0,0,1,0.484124241483168
"23113","1325","Ec_N",386,13,13,"Ec",19,0,1,0,0,1,0.484124241483168
"23114","1325","Ec_N",386,14,14,"Ec",20,1,1,0,0,1,0.791346487587567
"23115","1325","Ec_N",386,15,15,"Ec",20,1,1,0,0,1,0.791346487587567
"23116","1325","Ec_N",386,16,16,"Ec",20,1,1,0,0,1,0.791346487587567
"23117","1325","Ec_N",386,17,17,"Ec",20,1,1,0,0,1,0.791346487587567
"23118","1325","Ec_N",386,18,18,"Ec",20,1,1,0,0,1,0.791346487587567
"23119","1325","Ec_N",386,19,19,"Ec",20,1,1,0,0,1,0.791346487587567
"23120","1325","Ec_N",386,20,20,"Ec",20,1,1,0,0,1,0.791346487587567
"23121","1325","Ec_N",386,21,21,"Ec",20,1,1,0,0,1,0.791346487587567
"23122","1325","Ec_N",386,22,22,"Ec",20,1,1,0,0,1,0.791346487587567
"23123","1325","Ec_N",386,23,23,"Ec",20,1,1,0,0,1,0.791346487587567
"23124","1325","Ec_N",386,24,24,"Ec",28,1,1,0,1,1,0.815884725734249
"23125","1325","Ec_N",386,25,25,"Ec",28,1,1,0,1,1,0.815884725734249
"23126","1325","Ec_N",386,26,26,"Ec",28,1,1,0,1,1,0.815884725734249
"23127","1325","Ec_N",386,27,27,"Ec",28,1,1,0,1,1,0.815884725734249
"23128","1325","Ec_N",386,28,28,"Ec",28,1,1,0,1,1,0.815884725734249
"23129","1325","Ec_N",386,29,29,"Ec",28,1,1,0,1,1,0.815884725734249
"23130","1325","Ec_N",386,30,30,"Ec",28,1,1,0,1,1,0.815884725734249
"23131","1325","Ec_N",386,31,31,"Ec",28,1,1,0,1,1,0.815884725734249
"23132","1325","Ec_N",386,32,32,"Ec",28,1,1,0,1,1,0.815884725734249
"23133","1325","Ec_N",386,33,33,"Ec",28,1,1,0,1,1,0.815884725734249
"23134","1325","Ec_N",386,34,34,"Ec",28,1,1,0,1,1,0.815884725734249
"23135","1325","Ec_N",386,35,35,"Ec",28,1,1,0,1,1,0.815884725734249
"23136","1325","Ec_N",386,36,36,"Ec",28,1,1,0,1,1,0.815884725734249
"23137","1325","Ec_N",386,37,37,"Ec",28,1,1,0,1,1,0.815884725734249
"23138","1325","Ec_N",386,38,38,"Ec",28,1,1,0,1,1,0.815884725734249
"23139","1325","Ec_N",386,39,39,"Ec",28,1,1,0,1,1,0.815884725734249
"23140","1325","Ec_N",386,40,40,"Ec",28,1,1,0,1,1,0.815884725734249
"23141","1325","Ec_N",386,41,41,"Ec",28,1,1,0,1,1,0.815884725734249
"23142","1325","Ec_N",386,42,42,"Ec",28,1,1,0,1,1,0.815884725734249
"23143","1325","Ec_N",386,43,43,"Ec",28,1,1,0,1,1,0.815884725734249
"23144","1325","Ec_N",386,44,44,"Ec",28,1,1,0,1,1,0.815884725734249
"23145","1325","Ec_N",386,45,45,"Ec",28,1,1,0,1,1,0.815884725734249
"23146","1325","Ec_N",386,46,46,"Ec",28,1,1,0,1,1,0.815884725734249
"23147","1325","Ec_N",386,47,47,"Ec",28,1,1,0,1,1,0.815884725734249
"23148","1325","Ec_N",386,48,48,"Ec",28,1,1,0,1,1,0.815884725734249
"23149","1325","Ec_N",386,49,49,"Ec",28,1,1,0,1,1,0.815884725734249
"23150","1325","Ec_N",386,50,50,"Ec",28,1,1,0,1,1,0.815884725734249
"23151","1325","Ec_N",386,51,51,"Ec",28,1,1,0,1,1,0.815884725734249
"23152","1325","Ec_N",386,52,52,"Ec",28,1,1,0,1,1,0.815884725734249
"23153","1325","Ec_N",386,53,53,"Ec",28,1,1,0,1,1,0.815884725734249
"23154","1325","Ec_N",386,54,54,"Ec",28,1,1,0,1,1,0.815884725734249
"23155","1325","Ec_N",386,55,55,"Ec",28,1,1,0,1,1,0.815884725734249
"23156","1325","Ec_N",386,56,56,"Ec",28,1,1,0,1,1,0.815884725734249
"23157","1325","Ec_N",386,57,57,"Ec",28,1,1,0,1,1,0.815884725734249
"23158","1325","Ec_N",386,58,58,"Ec",28,1,1,0,1,1,0.815884725734249
"23159","1325","Ec_N",386,59,59,"Ec",28,1,1,0,1,1,0.815884725734249
"23160","1325","Ec_N",386,60,60,"Ec",28,1,1,0,1,1,0.815884725734249
"23161","1325","Ec_N",387,1,1,"Ec",1,0,0,0,0,0,0
"23162","1325","Ec_N",387,2,2,"Ec",1,0,0,0,0,0,0
"23163","1325","Ec_N",387,3,3,"Ec",1,0,0,0,0,0,0
"23164","1325","Ec_N",387,4,4,"Ec",1,0,0,0,0,0,0
"23165","1325","Ec_N",387,5,5,"Ec",1,0,0,0,0,0,0
"23166","1325","Ec_N",387,6,6,"Ec",1,0,0,0,0,0,0
"23167","1325","Ec_N",387,7,7,"Ec",1,0,0,0,0,0,0
"23168","1325","Ec_N",387,8,8,"Ec",1,0,0,0,0,0,0
"23169","1325","Ec_N",387,9,9,"Ec",1,0,0,0,0,0,0
"23170","1325","Ec_N",387,10,10,"Ec",17,0,0,0,0,1,0.0636859452353503
"23171","1325","Ec_N",387,11,11,"Ec",17,0,0,0,0,1,0.0636859452353503
"23172","1325","Ec_N",387,12,12,"Ec",17,0,0,0,0,1,0.0636859452353503
"23173","1325","Ec_N",387,13,13,"Ec",17,0,0,0,0,1,0.0636859452353503
"23174","1325","Ec_N",387,14,14,"Ec",17,0,0,0,0,1,0.0636859452353503
"23175","1325","Ec_N",387,15,15,"Ec",17,0,0,0,0,1,0.0636859452353503
"23176","1325","Ec_N",387,16,16,"Ec",17,0,0,0,0,1,0.0636859452353503
"23177","1325","Ec_N",387,17,17,"Ec",17,0,0,0,0,1,0.0636859452353503
"23178","1325","Ec_N",387,18,18,"Ec",17,0,0,0,0,1,0.0636859452353503
"23179","1325","Ec_N",387,19,19,"Ec",17,0,0,0,0,1,0.0636859452353503
"23180","1325","Ec_N",387,20,20,"Ec",17,0,0,0,0,1,0.0636859452353503
"23181","1325","Ec_N",387,21,21,"Ec",17,0,0,0,0,1,0.0636859452353503
"23182","1325","Ec_N",387,22,22,"Ec",17,0,0,0,0,1,0.0636859452353503
"23183","1325","Ec_N",387,23,23,"Ec",25,0,0,0,1,1,0.112710429195588
"23184","1325","Ec_N",387,24,24,"Ec",25,0,0,0,1,1,0.112710429195588
"23185","1325","Ec_N",387,25,25,"Ec",25,0,0,0,1,1,0.112710429195588
"23186","1325","Ec_N",387,26,26,"Ec",25,0,0,0,1,1,0.112710429195588
"23187","1325","Ec_N",387,27,27,"Ec",25,0,0,0,1,1,0.112710429195588
"23188","1325","Ec_N",387,28,28,"Ec",25,0,0,0,1,1,0.112710429195588
"23189","1325","Ec_N",387,29,29,"Ec",25,0,0,0,1,1,0.112710429195588
"23190","1325","Ec_N",387,30,30,"Ec",25,0,0,0,1,1,0.112710429195588
"23191","1325","Ec_N",387,31,31,"Ec",25,0,0,0,1,1,0.112710429195588
"23192","1325","Ec_N",387,32,32,"Ec",27,0,1,0,1,1,0.533148725443406
"23193","1325","Ec_N",387,33,33,"Ec",27,0,1,0,1,1,0.533148725443406
"23194","1325","Ec_N",387,34,34,"Ec",27,0,1,0,1,1,0.533148725443406
"23195","1325","Ec_N",387,35,35,"Ec",27,0,1,0,1,1,0.533148725443406
"23196","1325","Ec_N",387,36,36,"Ec",27,0,1,0,1,1,0.533148725443406
"23197","1325","Ec_N",387,37,37,"Ec",31,0,1,1,1,1,0.6927777538956
"23198","1325","Ec_N",387,38,38,"Ec",31,0,1,1,1,1,0.6927777538956
"23199","1325","Ec_N",387,39,39,"Ec",31,0,1,1,1,1,0.6927777538956
"23200","1325","Ec_N",387,40,40,"Ec",31,0,1,1,1,1,0.6927777538956
"23201","1325","Ec_N",387,41,41,"Ec",31,0,1,1,1,1,0.6927777538956
"23202","1325","Ec_N",387,42,42,"Ec",31,0,1,1,1,1,0.6927777538956
"23203","1325","Ec_N",387,43,43,"Ec",31,0,1,1,1,1,0.6927777538956
"23204","1325","Ec_N",387,44,44,"Ec",31,0,1,1,1,1,0.6927777538956
"23205","1325","Ec_N",387,45,45,"Ec",31,0,1,1,1,1,0.6927777538956
"23206","1325","Ec_N",387,46,46,"Ec",31,0,1,1,1,1,0.6927777538956
"23207","1325","Ec_N",387,47,47,"Ec",31,0,1,1,1,1,0.6927777538956
"23208","1325","Ec_N",387,48,48,"Ec",31,0,1,1,1,1,0.6927777538956
"23209","1325","Ec_N",387,49,49,"Ec",31,0,1,1,1,1,0.6927777538956
"23210","1325","Ec_N",387,50,50,"Ec",31,0,1,1,1,1,0.6927777538956
"23211","1325","Ec_N",387,51,51,"Ec",31,0,1,1,1,1,0.6927777538956
"23212","1325","Ec_N",387,52,52,"Ec",31,0,1,1,1,1,0.6927777538956
"23213","1325","Ec_N",387,53,53,"Ec",31,0,1,1,1,1,0.6927777538956
"23214","1325","Ec_N",387,54,54,"Ec",31,0,1,1,1,1,0.6927777538956
"23215","1325","Ec_N",387,55,55,"Ec",31,0,1,1,1,1,0.6927777538956
"23216","1325","Ec_N",387,56,56,"Ec",31,0,1,1,1,1,0.6927777538956
"23217","1325","Ec_N",387,57,57,"Ec",31,0,1,1,1,1,0.6927777538956
"23218","1325","Ec_N",387,58,58,"Ec",31,0,1,1,1,1,0.6927777538956
"23219","1325","Ec_N",387,59,59,"Ec",31,0,1,1,1,1,0.6927777538956
"23220","1325","Ec_N",387,60,60,"Ec",31,0,1,1,1,1,0.6927777538956
"23221","1325","Ec_N",388,1,1,"Ec",1,0,0,0,0,0,0
"23222","1325","Ec_N",388,2,2,"Ec",1,0,0,0,0,0,0
"23223","1325","Ec_N",388,3,3,"Ec",1,0,0,0,0,0,0
"23224","1325","Ec_N",388,4,4,"Ec",1,0,0,0,0,0,0
"23225","1325","Ec_N",388,5,5,"Ec",1,0,0,0,0,0,0
"23226","1325","Ec_N",388,6,6,"Ec",1,0,0,0,0,0,0
"23227","1325","Ec_N",388,7,7,"Ec",2,1,0,0,0,0,0.3072222461044
"23228","1325","Ec_N",388,8,8,"Ec",2,1,0,0,0,0,0.3072222461044
"23229","1325","Ec_N",388,9,9,"Ec",2,1,0,0,0,0,0.3072222461044
"23230","1325","Ec_N",388,10,10,"Ec",2,1,0,0,0,0,0.3072222461044
"23231","1325","Ec_N",388,11,11,"Ec",18,1,0,0,0,1,0.37090819133975
"23232","1325","Ec_N",388,12,12,"Ec",18,1,0,0,0,1,0.37090819133975
"23233","1325","Ec_N",388,13,13,"Ec",18,1,0,0,0,1,0.37090819133975
"23234","1325","Ec_N",388,14,14,"Ec",18,1,0,0,0,1,0.37090819133975
"23235","1325","Ec_N",388,15,15,"Ec",18,1,0,0,0,1,0.37090819133975
"23236","1325","Ec_N",388,16,16,"Ec",20,1,1,0,0,1,0.791346487587567
"23237","1325","Ec_N",388,17,17,"Ec",28,1,1,0,1,1,0.815884725734249
"23238","1325","Ec_N",388,18,18,"Ec",28,1,1,0,1,1,0.815884725734249
"23239","1325","Ec_N",388,19,19,"Ec",28,1,1,0,1,1,0.815884725734249
"23240","1325","Ec_N",388,20,20,"Ec",28,1,1,0,1,1,0.815884725734249
"23241","1325","Ec_N",388,21,21,"Ec",28,1,1,0,1,1,0.815884725734249
"23242","1325","Ec_N",388,22,22,"Ec",28,1,1,0,1,1,0.815884725734249
"23243","1325","Ec_N",388,23,23,"Ec",28,1,1,0,1,1,0.815884725734249
"23244","1325","Ec_N",388,24,24,"Ec",28,1,1,0,1,1,0.815884725734249
"23245","1325","Ec_N",388,25,25,"Ec",28,1,1,0,1,1,0.815884725734249
"23246","1325","Ec_N",388,26,26,"Ec",28,1,1,0,1,1,0.815884725734249
"23247","1325","Ec_N",388,27,27,"Ec",28,1,1,0,1,1,0.815884725734249
"23248","1325","Ec_N",388,28,28,"Ec",28,1,1,0,1,1,0.815884725734249
"23249","1325","Ec_N",388,29,29,"Ec",32,1,1,1,1,1,1
"23250","1325","Ec_N",388,30,30,"Ec",32,1,1,1,1,1,1
"23251","1325","Ec_N",388,31,31,"Ec",32,1,1,1,1,1,1
"23252","1325","Ec_N",388,32,32,"Ec",32,1,1,1,1,1,1
"23253","1325","Ec_N",388,33,33,"Ec",32,1,1,1,1,1,1
"23254","1325","Ec_N",388,34,34,"Ec",32,1,1,1,1,1,1
"23255","1325","Ec_N",388,35,35,"Ec",32,1,1,1,1,1,1
"23256","1325","Ec_N",388,36,36,"Ec",32,1,1,1,1,1,1
"23257","1325","Ec_N",388,37,37,"Ec",32,1,1,1,1,1,1
"23258","1325","Ec_N",388,38,38,"Ec",32,1,1,1,1,1,1
"23259","1325","Ec_N",388,39,39,"Ec",32,1,1,1,1,1,1
"23260","1325","Ec_N",388,40,40,"Ec",32,1,1,1,1,1,1
"23261","1325","Ec_N",388,41,41,"Ec",32,1,1,1,1,1,1
"23262","1325","Ec_N",388,42,42,"Ec",32,1,1,1,1,1,1
"23263","1325","Ec_N",388,43,43,"Ec",32,1,1,1,1,1,1
"23264","1325","Ec_N",388,44,44,"Ec",32,1,1,1,1,1,1
"23265","1325","Ec_N",388,45,45,"Ec",32,1,1,1,1,1,1
"23266","1325","Ec_N",388,46,46,"Ec",32,1,1,1,1,1,1
"23267","1325","Ec_N",388,47,47,"Ec",32,1,1,1,1,1,1
"23268","1325","Ec_N",388,48,48,"Ec",32,1,1,1,1,1,1
"23269","1325","Ec_N",388,49,49,"Ec",32,1,1,1,1,1,1
"23270","1325","Ec_N",388,50,50,"Ec",32,1,1,1,1,1,1
"23271","1325","Ec_N",388,51,51,"Ec",32,1,1,1,1,1,1
"23272","1325","Ec_N",388,52,52,"Ec",32,1,1,1,1,1,1
"23273","1325","Ec_N",388,53,53,"Ec",32,1,1,1,1,1,1
"23274","1325","Ec_N",388,54,54,"Ec",32,1,1,1,1,1,1
"23275","1325","Ec_N",388,55,55,"Ec",32,1,1,1,1,1,1
"23276","1325","Ec_N",388,56,56,"Ec",32,1,1,1,1,1,1
"23277","1325","Ec_N",388,57,57,"Ec",32,1,1,1,1,1,1
"23278","1325","Ec_N",388,58,58,"Ec",32,1,1,1,1,1,1
"23279","1325","Ec_N",388,59,59,"Ec",32,1,1,1,1,1,1
"23280","1325","Ec_N",388,60,60,"Ec",32,1,1,1,1,1,1
"23281","1325","Ec_N",389,1,1,"Ec",1,0,0,0,0,0,0
"23282","1325","Ec_N",389,2,2,"Ec",1,0,0,0,0,0,0
"23283","1325","Ec_N",389,3,3,"Ec",1,0,0,0,0,0,0
"23284","1325","Ec_N",389,4,4,"Ec",1,0,0,0,0,0,0
"23285","1325","Ec_N",389,5,5,"Ec",1,0,0,0,0,0,0
"23286","1325","Ec_N",389,6,6,"Ec",3,0,1,0,0,0,0.420438296247818
"23287","1325","Ec_N",389,7,7,"Ec",3,0,1,0,0,0,0.420438296247818
"23288","1325","Ec_N",389,8,8,"Ec",3,0,1,0,0,0,0.420438296247818
"23289","1325","Ec_N",389,9,9,"Ec",3,0,1,0,0,0,0.420438296247818
"23290","1325","Ec_N",389,10,10,"Ec",7,0,1,1,0,0,0.580067324700012
"23291","1325","Ec_N",389,11,11,"Ec",7,0,1,1,0,0,0.580067324700012
"23292","1325","Ec_N",389,12,12,"Ec",7,0,1,1,0,0,0.580067324700012
"23293","1325","Ec_N",389,13,13,"Ec",7,0,1,1,0,0,0.580067324700012
"23294","1325","Ec_N",389,14,14,"Ec",15,0,1,1,1,0,0.62909180866025
"23295","1325","Ec_N",389,15,15,"Ec",15,0,1,1,1,0,0.62909180866025
"23296","1325","Ec_N",389,16,16,"Ec",15,0,1,1,1,0,0.62909180866025
"23297","1325","Ec_N",389,17,17,"Ec",15,0,1,1,1,0,0.62909180866025
"23298","1325","Ec_N",389,18,18,"Ec",15,0,1,1,1,0,0.62909180866025
"23299","1325","Ec_N",389,19,19,"Ec",15,0,1,1,1,0,0.62909180866025
"23300","1325","Ec_N",389,20,20,"Ec",16,1,1,1,1,0,0.93631405476465
"23301","1325","Ec_N",389,21,21,"Ec",32,1,1,1,1,1,1
"23302","1325","Ec_N",389,22,22,"Ec",32,1,1,1,1,1,1
"23303","1325","Ec_N",389,23,23,"Ec",32,1,1,1,1,1,1
"23304","1325","Ec_N",389,24,24,"Ec",32,1,1,1,1,1,1
"23305","1325","Ec_N",389,25,25,"Ec",32,1,1,1,1,1,1
"23306","1325","Ec_N",389,26,26,"Ec",32,1,1,1,1,1,1
"23307","1325","Ec_N",389,27,27,"Ec",32,1,1,1,1,1,1
"23308","1325","Ec_N",389,28,28,"Ec",32,1,1,1,1,1,1
"23309","1325","Ec_N",389,29,29,"Ec",32,1,1,1,1,1,1
"23310","1325","Ec_N",389,30,30,"Ec",32,1,1,1,1,1,1
"23311","1325","Ec_N",389,31,31,"Ec",32,1,1,1,1,1,1
"23312","1325","Ec_N",389,32,32,"Ec",32,1,1,1,1,1,1
"23313","1325","Ec_N",389,33,33,"Ec",32,1,1,1,1,1,1
"23314","1325","Ec_N",389,34,34,"Ec",32,1,1,1,1,1,1
"23315","1325","Ec_N",389,35,35,"Ec",32,1,1,1,1,1,1
"23316","1325","Ec_N",389,36,36,"Ec",32,1,1,1,1,1,1
"23317","1325","Ec_N",389,37,37,"Ec",32,1,1,1,1,1,1
"23318","1325","Ec_N",389,38,38,"Ec",32,1,1,1,1,1,1
"23319","1325","Ec_N",389,39,39,"Ec",32,1,1,1,1,1,1
"23320","1325","Ec_N",389,40,40,"Ec",32,1,1,1,1,1,1
"23321","1325","Ec_N",389,41,41,"Ec",32,1,1,1,1,1,1
"23322","1325","Ec_N",389,42,42,"Ec",32,1,1,1,1,1,1
"23323","1325","Ec_N",389,43,43,"Ec",32,1,1,1,1,1,1
"23324","1325","Ec_N",389,44,44,"Ec",32,1,1,1,1,1,1
"23325","1325","Ec_N",389,45,45,"Ec",32,1,1,1,1,1,1
"23326","1325","Ec_N",389,46,46,"Ec",32,1,1,1,1,1,1
"23327","1325","Ec_N",389,47,47,"Ec",32,1,1,1,1,1,1
"23328","1325","Ec_N",389,48,48,"Ec",32,1,1,1,1,1,1
"23329","1325","Ec_N",389,49,49,"Ec",32,1,1,1,1,1,1
"23330","1325","Ec_N",389,50,50,"Ec",32,1,1,1,1,1,1
"23331","1325","Ec_N",389,51,51,"Ec",32,1,1,1,1,1,1
"23332","1325","Ec_N",389,52,52,"Ec",32,1,1,1,1,1,1
"23333","1325","Ec_N",389,53,53,"Ec",32,1,1,1,1,1,1
"23334","1325","Ec_N",389,54,54,"Ec",32,1,1,1,1,1,1
"23335","1325","Ec_N",389,55,55,"Ec",32,1,1,1,1,1,1
"23336","1325","Ec_N",389,56,56,"Ec",32,1,1,1,1,1,1
"23337","1325","Ec_N",389,57,57,"Ec",32,1,1,1,1,1,1
"23338","1325","Ec_N",389,58,58,"Ec",32,1,1,1,1,1,1
"23339","1325","Ec_N",389,59,59,"Ec",32,1,1,1,1,1,1
"23340","1325","Ec_N",389,60,60,"Ec",32,1,1,1,1,1,1
"23341","1325","Ec_N",390,1,1,"Ec",1,0,0,0,0,0,0
"23342","1325","Ec_N",390,2,2,"Ec",1,0,0,0,0,0,0
"23343","1325","Ec_N",390,3,3,"Ec",1,0,0,0,0,0,0
"23344","1325","Ec_N",390,4,4,"Ec",1,0,0,0,0,0,0
"23345","1325","Ec_N",390,5,5,"Ec",1,0,0,0,0,0,0
"23346","1325","Ec_N",390,6,6,"Ec",1,0,0,0,0,0,0
"23347","1325","Ec_N",390,7,7,"Ec",1,0,0,0,0,0,0
"23348","1325","Ec_N",390,8,8,"Ec",1,0,0,0,0,0,0
"23349","1325","Ec_N",390,9,9,"Ec",1,0,0,0,0,0,0
"23350","1325","Ec_N",390,10,10,"Ec",1,0,0,0,0,0,0
"23351","1325","Ec_N",390,11,11,"Ec",1,0,0,0,0,0,0
"23352","1325","Ec_N",390,12,12,"Ec",1,0,0,0,0,0,0
"23353","1325","Ec_N",390,13,13,"Ec",3,0,1,0,0,0,0.420438296247818
"23354","1325","Ec_N",390,14,14,"Ec",3,0,1,0,0,0,0.420438296247818
"23355","1325","Ec_N",390,15,15,"Ec",3,0,1,0,0,0,0.420438296247818
"23356","1325","Ec_N",390,16,16,"Ec",19,0,1,0,0,1,0.484124241483168
"23357","1325","Ec_N",390,17,17,"Ec",19,0,1,0,0,1,0.484124241483168
"23358","1325","Ec_N",390,18,18,"Ec",19,0,1,0,0,1,0.484124241483168
"23359","1325","Ec_N",390,19,19,"Ec",19,0,1,0,0,1,0.484124241483168
"23360","1325","Ec_N",390,20,20,"Ec",19,0,1,0,0,1,0.484124241483168
"23361","1325","Ec_N",390,21,21,"Ec",20,1,1,0,0,1,0.791346487587567
"23362","1325","Ec_N",390,22,22,"Ec",20,1,1,0,0,1,0.791346487587567
"23363","1325","Ec_N",390,23,23,"Ec",24,1,1,1,0,1,0.872975948786018
"23364","1325","Ec_N",390,24,24,"Ec",24,1,1,1,0,1,0.872975948786018
"23365","1325","Ec_N",390,25,25,"Ec",24,1,1,1,0,1,0.872975948786018
"23366","1325","Ec_N",390,26,26,"Ec",24,1,1,1,0,1,0.872975948786018
"23367","1325","Ec_N",390,27,27,"Ec",24,1,1,1,0,1,0.872975948786018
"23368","1325","Ec_N",390,28,28,"Ec",24,1,1,1,0,1,0.872975948786018
"23369","1325","Ec_N",390,29,29,"Ec",24,1,1,1,0,1,0.872975948786018
"23370","1325","Ec_N",390,30,30,"Ec",24,1,1,1,0,1,0.872975948786018
"23371","1325","Ec_N",390,31,31,"Ec",24,1,1,1,0,1,0.872975948786018
"23372","1325","Ec_N",390,32,32,"Ec",8,1,1,1,0,0,0.887289570804412
"23373","1325","Ec_N",390,33,33,"Ec",8,1,1,1,0,0,0.887289570804412
"23374","1325","Ec_N",390,34,34,"Ec",8,1,1,1,0,0,0.887289570804412
"23375","1325","Ec_N",390,35,35,"Ec",8,1,1,1,0,0,0.887289570804412
"23376","1325","Ec_N",390,36,36,"Ec",8,1,1,1,0,0,0.887289570804412
"23377","1325","Ec_N",390,37,37,"Ec",8,1,1,1,0,0,0.887289570804412
"23378","1325","Ec_N",390,38,38,"Ec",8,1,1,1,0,0,0.887289570804412
"23379","1325","Ec_N",390,39,39,"Ec",8,1,1,1,0,0,0.887289570804412
"23380","1325","Ec_N",390,40,40,"Ec",8,1,1,1,0,0,0.887289570804412
"23381","1325","Ec_N",390,41,41,"Ec",8,1,1,1,0,0,0.887289570804412
"23382","1325","Ec_N",390,42,42,"Ec",8,1,1,1,0,0,0.887289570804412
"23383","1325","Ec_N",390,43,43,"Ec",8,1,1,1,0,0,0.887289570804412
"23384","1325","Ec_N",390,44,44,"Ec",8,1,1,1,0,0,0.887289570804412
"23385","1325","Ec_N",390,45,45,"Ec",8,1,1,1,0,0,0.887289570804412
"23386","1325","Ec_N",390,46,46,"Ec",8,1,1,1,0,0,0.887289570804412
"23387","1325","Ec_N",390,47,47,"Ec",8,1,1,1,0,0,0.887289570804412
"23388","1325","Ec_N",390,48,48,"Ec",8,1,1,1,0,0,0.887289570804412
"23389","1325","Ec_N",390,49,49,"Ec",8,1,1,1,0,0,0.887289570804412
"23390","1325","Ec_N",390,50,50,"Ec",8,1,1,1,0,0,0.887289570804412
"23391","1325","Ec_N",390,51,51,"Ec",8,1,1,1,0,0,0.887289570804412
"23392","1325","Ec_N",390,52,52,"Ec",8,1,1,1,0,0,0.887289570804412
"23393","1325","Ec_N",390,53,53,"Ec",8,1,1,1,0,0,0.887289570804412
"23394","1325","Ec_N",390,54,54,"Ec",8,1,1,1,0,0,0.887289570804412
"23395","1325","Ec_N",390,55,55,"Ec",16,1,1,1,1,0,0.93631405476465
"23396","1325","Ec_N",390,56,56,"Ec",16,1,1,1,1,0,0.93631405476465
"23397","1325","Ec_N",390,57,57,"Ec",16,1,1,1,1,0,0.93631405476465
"23398","1325","Ec_N",390,58,58,"Ec",16,1,1,1,1,0,0.93631405476465
"23399","1325","Ec_N",390,59,59,"Ec",16,1,1,1,1,0,0.93631405476465
"23400","1325","Ec_N",390,60,60,"Ec",16,1,1,1,1,0,0.93631405476465
"23401","1325","Ec_N",391,1,1,"Ec",1,0,0,0,0,0,0
"23402","1325","Ec_N",391,2,2,"Ec",1,0,0,0,0,0,0
"23403","1325","Ec_N",391,3,3,"Ec",1,0,0,0,0,0,0
"23404","1325","Ec_N",391,4,4,"Ec",1,0,0,0,0,0,0
"23405","1325","Ec_N",391,5,5,"Ec",1,0,0,0,0,0,0
"23406","1325","Ec_N",391,6,6,"Ec",1,0,0,0,0,0,0
"23407","1325","Ec_N",391,7,7,"Ec",1,0,0,0,0,0,0
"23408","1325","Ec_N",391,8,8,"Ec",1,0,0,0,0,0,0
"23409","1325","Ec_N",391,9,9,"Ec",1,0,0,0,0,0,0
"23410","1325","Ec_N",391,10,10,"Ec",1,0,0,0,0,0,0
"23411","1325","Ec_N",391,11,11,"Ec",5,0,0,1,0,0,0.159629028452195
"23412","1325","Ec_N",391,12,12,"Ec",6,1,0,1,0,0,0.466851274556594
"23413","1325","Ec_N",391,13,13,"Ec",6,1,0,1,0,0,0.466851274556594
"23414","1325","Ec_N",391,14,14,"Ec",6,1,0,1,0,0,0.466851274556594
"23415","1325","Ec_N",391,15,15,"Ec",14,1,0,1,1,0,0.479175264165032
"23416","1325","Ec_N",391,16,16,"Ec",14,1,0,1,1,0,0.479175264165032
"23417","1325","Ec_N",391,17,17,"Ec",14,1,0,1,1,0,0.479175264165032
"23418","1325","Ec_N",391,18,18,"Ec",14,1,0,1,1,0,0.479175264165032
"23419","1325","Ec_N",391,19,19,"Ec",14,1,0,1,1,0,0.479175264165032
"23420","1325","Ec_N",391,20,20,"Ec",14,1,0,1,1,0,0.479175264165032
"23421","1325","Ec_N",391,21,21,"Ec",14,1,0,1,1,0,0.479175264165032
"23422","1325","Ec_N",391,22,22,"Ec",14,1,0,1,1,0,0.479175264165032
"23423","1325","Ec_N",391,23,23,"Ec",14,1,0,1,1,0,0.479175264165032
"23424","1325","Ec_N",391,24,24,"Ec",14,1,0,1,1,0,0.479175264165032
"23425","1325","Ec_N",391,25,25,"Ec",14,1,0,1,1,0,0.479175264165032
"23426","1325","Ec_N",391,26,26,"Ec",14,1,0,1,1,0,0.479175264165032
"23427","1325","Ec_N",391,27,27,"Ec",14,1,0,1,1,0,0.479175264165032
"23428","1325","Ec_N",391,28,28,"Ec",14,1,0,1,1,0,0.479175264165032
"23429","1325","Ec_N",391,29,29,"Ec",14,1,0,1,1,0,0.479175264165032
"23430","1325","Ec_N",391,30,30,"Ec",14,1,0,1,1,0,0.479175264165032
"23431","1325","Ec_N",391,31,31,"Ec",14,1,0,1,1,0,0.479175264165032
"23432","1325","Ec_N",391,32,32,"Ec",14,1,0,1,1,0,0.479175264165032
"23433","1325","Ec_N",391,33,33,"Ec",14,1,0,1,1,0,0.479175264165032
"23434","1325","Ec_N",391,34,34,"Ec",14,1,0,1,1,0,0.479175264165032
"23435","1325","Ec_N",391,35,35,"Ec",16,1,1,1,1,0,0.93631405476465
"23436","1325","Ec_N",391,36,36,"Ec",16,1,1,1,1,0,0.93631405476465
"23437","1325","Ec_N",391,37,37,"Ec",16,1,1,1,1,0,0.93631405476465
"23438","1325","Ec_N",391,38,38,"Ec",16,1,1,1,1,0,0.93631405476465
"23439","1325","Ec_N",391,39,39,"Ec",16,1,1,1,1,0,0.93631405476465
"23440","1325","Ec_N",391,40,40,"Ec",32,1,1,1,1,1,1
"23441","1325","Ec_N",391,41,41,"Ec",32,1,1,1,1,1,1
"23442","1325","Ec_N",391,42,42,"Ec",32,1,1,1,1,1,1
"23443","1325","Ec_N",391,43,43,"Ec",32,1,1,1,1,1,1
"23444","1325","Ec_N",391,44,44,"Ec",32,1,1,1,1,1,1
"23445","1325","Ec_N",391,45,45,"Ec",32,1,1,1,1,1,1
"23446","1325","Ec_N",391,46,46,"Ec",32,1,1,1,1,1,1
"23447","1325","Ec_N",391,47,47,"Ec",32,1,1,1,1,1,1
"23448","1325","Ec_N",391,48,48,"Ec",32,1,1,1,1,1,1
"23449","1325","Ec_N",391,49,49,"Ec",32,1,1,1,1,1,1
"23450","1325","Ec_N",391,50,50,"Ec",32,1,1,1,1,1,1
"23451","1325","Ec_N",391,51,51,"Ec",32,1,1,1,1,1,1
"23452","1325","Ec_N",391,52,52,"Ec",32,1,1,1,1,1,1
"23453","1325","Ec_N",391,53,53,"Ec",32,1,1,1,1,1,1
"23454","1325","Ec_N",391,54,54,"Ec",32,1,1,1,1,1,1
"23455","1325","Ec_N",391,55,55,"Ec",32,1,1,1,1,1,1
"23456","1325","Ec_N",391,56,56,"Ec",32,1,1,1,1,1,1
"23457","1325","Ec_N",391,57,57,"Ec",32,1,1,1,1,1,1
"23458","1325","Ec_N",391,58,58,"Ec",32,1,1,1,1,1,1
"23459","1325","Ec_N",391,59,59,"Ec",32,1,1,1,1,1,1
"23460","1325","Ec_N",391,60,60,"Ec",32,1,1,1,1,1,1
"23461","1325","Ec_N",392,1,1,"Ec",1,0,0,0,0,0,0
"23462","1325","Ec_N",392,2,2,"Ec",1,0,0,0,0,0,0
"23463","1325","Ec_N",392,3,3,"Ec",1,0,0,0,0,0,0
"23464","1325","Ec_N",392,4,4,"Ec",1,0,0,0,0,0,0
"23465","1325","Ec_N",392,5,5,"Ec",1,0,0,0,0,0,0
"23466","1325","Ec_N",392,6,6,"Ec",1,0,0,0,0,0,0
"23467","1325","Ec_N",392,7,7,"Ec",5,0,0,1,0,0,0.159629028452195
"23468","1325","Ec_N",392,8,8,"Ec",6,1,0,1,0,0,0.466851274556594
"23469","1325","Ec_N",392,9,9,"Ec",6,1,0,1,0,0,0.466851274556594
"23470","1325","Ec_N",392,10,10,"Ec",6,1,0,1,0,0,0.466851274556594
"23471","1325","Ec_N",392,11,11,"Ec",6,1,0,1,0,0,0.466851274556594
"23472","1325","Ec_N",392,12,12,"Ec",6,1,0,1,0,0,0.466851274556594
"23473","1325","Ec_N",392,13,13,"Ec",6,1,0,1,0,0,0.466851274556594
"23474","1325","Ec_N",392,14,14,"Ec",6,1,0,1,0,0,0.466851274556594
"23475","1325","Ec_N",392,15,15,"Ec",6,1,0,1,0,0,0.466851274556594
"23476","1325","Ec_N",392,16,16,"Ec",6,1,0,1,0,0,0.466851274556594
"23477","1325","Ec_N",392,17,17,"Ec",6,1,0,1,0,0,0.466851274556594
"23478","1325","Ec_N",392,18,18,"Ec",6,1,0,1,0,0,0.466851274556594
"23479","1325","Ec_N",392,19,19,"Ec",6,1,0,1,0,0,0.466851274556594
"23480","1325","Ec_N",392,20,20,"Ec",6,1,0,1,0,0,0.466851274556594
"23481","1325","Ec_N",392,21,21,"Ec",6,1,0,1,0,0,0.466851274556594
"23482","1325","Ec_N",392,22,22,"Ec",6,1,0,1,0,0,0.466851274556594
"23483","1325","Ec_N",392,23,23,"Ec",6,1,0,1,0,0,0.466851274556594
"23484","1325","Ec_N",392,24,24,"Ec",8,1,1,1,0,0,0.887289570804412
"23485","1325","Ec_N",392,25,25,"Ec",8,1,1,1,0,0,0.887289570804412
"23486","1325","Ec_N",392,26,26,"Ec",16,1,1,1,1,0,0.93631405476465
"23487","1325","Ec_N",392,27,27,"Ec",16,1,1,1,1,0,0.93631405476465
"23488","1325","Ec_N",392,28,28,"Ec",16,1,1,1,1,0,0.93631405476465
"23489","1325","Ec_N",392,29,29,"Ec",16,1,1,1,1,0,0.93631405476465
"23490","1325","Ec_N",392,30,30,"Ec",16,1,1,1,1,0,0.93631405476465
"23491","1325","Ec_N",392,31,31,"Ec",16,1,1,1,1,0,0.93631405476465
"23492","1325","Ec_N",392,32,32,"Ec",16,1,1,1,1,0,0.93631405476465
"23493","1325","Ec_N",392,33,33,"Ec",16,1,1,1,1,0,0.93631405476465
"23494","1325","Ec_N",392,34,34,"Ec",16,1,1,1,1,0,0.93631405476465
"23495","1325","Ec_N",392,35,35,"Ec",16,1,1,1,1,0,0.93631405476465
"23496","1325","Ec_N",392,36,36,"Ec",16,1,1,1,1,0,0.93631405476465
"23497","1325","Ec_N",392,37,37,"Ec",16,1,1,1,1,0,0.93631405476465
"23498","1325","Ec_N",392,38,38,"Ec",16,1,1,1,1,0,0.93631405476465
"23499","1325","Ec_N",392,39,39,"Ec",16,1,1,1,1,0,0.93631405476465
"23500","1325","Ec_N",392,40,40,"Ec",16,1,1,1,1,0,0.93631405476465
"23501","1325","Ec_N",392,41,41,"Ec",16,1,1,1,1,0,0.93631405476465
"23502","1325","Ec_N",392,42,42,"Ec",16,1,1,1,1,0,0.93631405476465
"23503","1325","Ec_N",392,43,43,"Ec",16,1,1,1,1,0,0.93631405476465
"23504","1325","Ec_N",392,44,44,"Ec",16,1,1,1,1,0,0.93631405476465
"23505","1325","Ec_N",392,45,45,"Ec",16,1,1,1,1,0,0.93631405476465
"23506","1325","Ec_N",392,46,46,"Ec",16,1,1,1,1,0,0.93631405476465
"23507","1325","Ec_N",392,47,47,"Ec",16,1,1,1,1,0,0.93631405476465
"23508","1325","Ec_N",392,48,48,"Ec",16,1,1,1,1,0,0.93631405476465
"23509","1325","Ec_N",392,49,49,"Ec",16,1,1,1,1,0,0.93631405476465
"23510","1325","Ec_N",392,50,50,"Ec",16,1,1,1,1,0,0.93631405476465
"23511","1325","Ec_N",392,51,51,"Ec",16,1,1,1,1,0,0.93631405476465
"23512","1325","Ec_N",392,52,52,"Ec",32,1,1,1,1,1,1
"23513","1325","Ec_N",392,53,53,"Ec",32,1,1,1,1,1,1
"23514","1325","Ec_N",392,54,54,"Ec",32,1,1,1,1,1,1
"23515","1325","Ec_N",392,55,55,"Ec",32,1,1,1,1,1,1
"23516","1325","Ec_N",392,56,56,"Ec",32,1,1,1,1,1,1
"23517","1325","Ec_N",392,57,57,"Ec",32,1,1,1,1,1,1
"23518","1325","Ec_N",392,58,58,"Ec",32,1,1,1,1,1,1
"23519","1325","Ec_N",392,59,59,"Ec",32,1,1,1,1,1,1
"23520","1325","Ec_N",392,60,60,"Ec",32,1,1,1,1,1,1
"23521","1325","Ec_N",393,1,1,"Ec",1,0,0,0,0,0,0
"23522","1325","Ec_N",393,2,2,"Ec",1,0,0,0,0,0,0
"23523","1325","Ec_N",393,3,3,"Ec",1,0,0,0,0,0,0
"23524","1325","Ec_N",393,4,4,"Ec",1,0,0,0,0,0,0
"23525","1325","Ec_N",393,5,5,"Ec",5,0,0,1,0,0,0.159629028452195
"23526","1325","Ec_N",393,6,6,"Ec",5,0,0,1,0,0,0.159629028452195
"23527","1325","Ec_N",393,7,7,"Ec",5,0,0,1,0,0,0.159629028452195
"23528","1325","Ec_N",393,8,8,"Ec",5,0,0,1,0,0,0.159629028452195
"23529","1325","Ec_N",393,9,9,"Ec",21,0,0,1,0,1,0.223314973687545
"23530","1325","Ec_N",393,10,10,"Ec",21,0,0,1,0,1,0.223314973687545
"23531","1325","Ec_N",393,11,11,"Ec",21,0,0,1,0,1,0.223314973687545
"23532","1325","Ec_N",393,12,12,"Ec",21,0,0,1,0,1,0.223314973687545
"23533","1325","Ec_N",393,13,13,"Ec",21,0,0,1,0,1,0.223314973687545
"23534","1325","Ec_N",393,14,14,"Ec",21,0,0,1,0,1,0.223314973687545
"23535","1325","Ec_N",393,15,15,"Ec",21,0,0,1,0,1,0.223314973687545
"23536","1325","Ec_N",393,16,16,"Ec",23,0,1,1,0,1,0.57389469344254
"23537","1325","Ec_N",393,17,17,"Ec",23,0,1,1,0,1,0.57389469344254
"23538","1325","Ec_N",393,18,18,"Ec",23,0,1,1,0,1,0.57389469344254
"23539","1325","Ec_N",393,19,19,"Ec",24,1,1,1,0,1,0.872975948786018
"23540","1325","Ec_N",393,20,20,"Ec",24,1,1,1,0,1,0.872975948786018
"23541","1325","Ec_N",393,21,21,"Ec",24,1,1,1,0,1,0.872975948786018
"23542","1325","Ec_N",393,22,22,"Ec",24,1,1,1,0,1,0.872975948786018
"23543","1325","Ec_N",393,23,23,"Ec",24,1,1,1,0,1,0.872975948786018
"23544","1325","Ec_N",393,24,24,"Ec",24,1,1,1,0,1,0.872975948786018
"23545","1325","Ec_N",393,25,25,"Ec",24,1,1,1,0,1,0.872975948786018
"23546","1325","Ec_N",393,26,26,"Ec",24,1,1,1,0,1,0.872975948786018
"23547","1325","Ec_N",393,27,27,"Ec",24,1,1,1,0,1,0.872975948786018
"23548","1325","Ec_N",393,28,28,"Ec",24,1,1,1,0,1,0.872975948786018
"23549","1325","Ec_N",393,29,29,"Ec",24,1,1,1,0,1,0.872975948786018
"23550","1325","Ec_N",393,30,30,"Ec",24,1,1,1,0,1,0.872975948786018
"23551","1325","Ec_N",393,31,31,"Ec",24,1,1,1,0,1,0.872975948786018
"23552","1325","Ec_N",393,32,32,"Ec",24,1,1,1,0,1,0.872975948786018
"23553","1325","Ec_N",393,33,33,"Ec",8,1,1,1,0,0,0.887289570804412
"23554","1325","Ec_N",393,34,34,"Ec",8,1,1,1,0,0,0.887289570804412
"23555","1325","Ec_N",393,35,35,"Ec",8,1,1,1,0,0,0.887289570804412
"23556","1325","Ec_N",393,36,36,"Ec",8,1,1,1,0,0,0.887289570804412
"23557","1325","Ec_N",393,37,37,"Ec",8,1,1,1,0,0,0.887289570804412
"23558","1325","Ec_N",393,38,38,"Ec",8,1,1,1,0,0,0.887289570804412
"23559","1325","Ec_N",393,39,39,"Ec",8,1,1,1,0,0,0.887289570804412
"23560","1325","Ec_N",393,40,40,"Ec",8,1,1,1,0,0,0.887289570804412
"23561","1325","Ec_N",393,41,41,"Ec",16,1,1,1,1,0,0.93631405476465
"23562","1325","Ec_N",393,42,42,"Ec",16,1,1,1,1,0,0.93631405476465
"23563","1325","Ec_N",393,43,43,"Ec",16,1,1,1,1,0,0.93631405476465
"23564","1325","Ec_N",393,44,44,"Ec",16,1,1,1,1,0,0.93631405476465
"23565","1325","Ec_N",393,45,45,"Ec",16,1,1,1,1,0,0.93631405476465
"23566","1325","Ec_N",393,46,46,"Ec",16,1,1,1,1,0,0.93631405476465
"23567","1325","Ec_N",393,47,47,"Ec",16,1,1,1,1,0,0.93631405476465
"23568","1325","Ec_N",393,48,48,"Ec",16,1,1,1,1,0,0.93631405476465
"23569","1325","Ec_N",393,49,49,"Ec",16,1,1,1,1,0,0.93631405476465
"23570","1325","Ec_N",393,50,50,"Ec",16,1,1,1,1,0,0.93631405476465
"23571","1325","Ec_N",393,51,51,"Ec",16,1,1,1,1,0,0.93631405476465
"23572","1325","Ec_N",393,52,52,"Ec",16,1,1,1,1,0,0.93631405476465
"23573","1325","Ec_N",393,53,53,"Ec",16,1,1,1,1,0,0.93631405476465
"23574","1325","Ec_N",393,54,54,"Ec",16,1,1,1,1,0,0.93631405476465
"23575","1325","Ec_N",393,55,55,"Ec",16,1,1,1,1,0,0.93631405476465
"23576","1325","Ec_N",393,56,56,"Ec",16,1,1,1,1,0,0.93631405476465
"23577","1325","Ec_N",393,57,57,"Ec",16,1,1,1,1,0,0.93631405476465
"23578","1325","Ec_N",393,58,58,"Ec",16,1,1,1,1,0,0.93631405476465
"23579","1325","Ec_N",393,59,59,"Ec",16,1,1,1,1,0,0.93631405476465
"23580","1325","Ec_N",393,60,60,"Ec",32,1,1,1,1,1,1
"23581","1325","Ec_N",394,1,1,"Ec",1,0,0,0,0,0,0
"23582","1325","Ec_N",394,2,2,"Ec",3,0,1,0,0,0,0.420438296247818
"23583","1325","Ec_N",394,3,3,"Ec",3,0,1,0,0,0,0.420438296247818
"23584","1325","Ec_N",394,4,4,"Ec",7,0,1,1,0,0,0.580067324700012
"23585","1325","Ec_N",394,5,5,"Ec",7,0,1,1,0,0,0.580067324700012
"23586","1325","Ec_N",394,6,6,"Ec",7,0,1,1,0,0,0.580067324700012
"23587","1325","Ec_N",394,7,7,"Ec",7,0,1,1,0,0,0.580067324700012
"23588","1325","Ec_N",394,8,8,"Ec",15,0,1,1,1,0,0.62909180866025
"23589","1325","Ec_N",394,9,9,"Ec",15,0,1,1,1,0,0.62909180866025
"23590","1325","Ec_N",394,10,10,"Ec",15,0,1,1,1,0,0.62909180866025
"23591","1325","Ec_N",394,11,11,"Ec",15,0,1,1,1,0,0.62909180866025
"23592","1325","Ec_N",394,12,12,"Ec",15,0,1,1,1,0,0.62909180866025
"23593","1325","Ec_N",394,13,13,"Ec",15,0,1,1,1,0,0.62909180866025
"23594","1325","Ec_N",394,14,14,"Ec",15,0,1,1,1,0,0.62909180866025
"23595","1325","Ec_N",394,15,15,"Ec",15,0,1,1,1,0,0.62909180866025
"23596","1325","Ec_N",394,16,16,"Ec",15,0,1,1,1,0,0.62909180866025
"23597","1325","Ec_N",394,17,17,"Ec",15,0,1,1,1,0,0.62909180866025
"23598","1325","Ec_N",394,18,18,"Ec",31,0,1,1,1,1,0.6927777538956
"23599","1325","Ec_N",394,19,19,"Ec",31,0,1,1,1,1,0.6927777538956
"23600","1325","Ec_N",394,20,20,"Ec",31,0,1,1,1,1,0.6927777538956
"23601","1325","Ec_N",394,21,21,"Ec",32,1,1,1,1,1,1
"23602","1325","Ec_N",394,22,22,"Ec",32,1,1,1,1,1,1
"23603","1325","Ec_N",394,23,23,"Ec",32,1,1,1,1,1,1
"23604","1325","Ec_N",394,24,24,"Ec",32,1,1,1,1,1,1
"23605","1325","Ec_N",394,25,25,"Ec",32,1,1,1,1,1,1
"23606","1325","Ec_N",394,26,26,"Ec",32,1,1,1,1,1,1
"23607","1325","Ec_N",394,27,27,"Ec",32,1,1,1,1,1,1
"23608","1325","Ec_N",394,28,28,"Ec",32,1,1,1,1,1,1
"23609","1325","Ec_N",394,29,29,"Ec",32,1,1,1,1,1,1
"23610","1325","Ec_N",394,30,30,"Ec",32,1,1,1,1,1,1
"23611","1325","Ec_N",394,31,31,"Ec",32,1,1,1,1,1,1
"23612","1325","Ec_N",394,32,32,"Ec",32,1,1,1,1,1,1
"23613","1325","Ec_N",394,33,33,"Ec",32,1,1,1,1,1,1
"23614","1325","Ec_N",394,34,34,"Ec",32,1,1,1,1,1,1
"23615","1325","Ec_N",394,35,35,"Ec",32,1,1,1,1,1,1
"23616","1325","Ec_N",394,36,36,"Ec",32,1,1,1,1,1,1
"23617","1325","Ec_N",394,37,37,"Ec",32,1,1,1,1,1,1
"23618","1325","Ec_N",394,38,38,"Ec",32,1,1,1,1,1,1
"23619","1325","Ec_N",394,39,39,"Ec",32,1,1,1,1,1,1
"23620","1325","Ec_N",394,40,40,"Ec",32,1,1,1,1,1,1
"23621","1325","Ec_N",394,41,41,"Ec",32,1,1,1,1,1,1
"23622","1325","Ec_N",394,42,42,"Ec",32,1,1,1,1,1,1
"23623","1325","Ec_N",394,43,43,"Ec",32,1,1,1,1,1,1
"23624","1325","Ec_N",394,44,44,"Ec",32,1,1,1,1,1,1
"23625","1325","Ec_N",394,45,45,"Ec",32,1,1,1,1,1,1
"23626","1325","Ec_N",394,46,46,"Ec",32,1,1,1,1,1,1
"23627","1325","Ec_N",394,47,47,"Ec",32,1,1,1,1,1,1
"23628","1325","Ec_N",394,48,48,"Ec",32,1,1,1,1,1,1
"23629","1325","Ec_N",394,49,49,"Ec",32,1,1,1,1,1,1
"23630","1325","Ec_N",394,50,50,"Ec",32,1,1,1,1,1,1
"23631","1325","Ec_N",394,51,51,"Ec",32,1,1,1,1,1,1
"23632","1325","Ec_N",394,52,52,"Ec",32,1,1,1,1,1,1
"23633","1325","Ec_N",394,53,53,"Ec",32,1,1,1,1,1,1
"23634","1325","Ec_N",394,54,54,"Ec",32,1,1,1,1,1,1
"23635","1325","Ec_N",394,55,55,"Ec",32,1,1,1,1,1,1
"23636","1325","Ec_N",394,56,56,"Ec",32,1,1,1,1,1,1
"23637","1325","Ec_N",394,57,57,"Ec",32,1,1,1,1,1,1
"23638","1325","Ec_N",394,58,58,"Ec",32,1,1,1,1,1,1
"23639","1325","Ec_N",394,59,59,"Ec",32,1,1,1,1,1,1
"23640","1325","Ec_N",394,60,60,"Ec",32,1,1,1,1,1,1
"23641","1325","Ec_N",395,1,1,"Ec",1,0,0,0,0,0,0
"23642","1325","Ec_N",395,2,2,"Ec",1,0,0,0,0,0,0
"23643","1325","Ec_N",395,3,3,"Ec",1,0,0,0,0,0,0
"23644","1325","Ec_N",395,4,4,"Ec",1,0,0,0,0,0,0
"23645","1325","Ec_N",395,5,5,"Ec",1,0,0,0,0,0,0
"23646","1325","Ec_N",395,6,6,"Ec",1,0,0,0,0,0,0
"23647","1325","Ec_N",395,7,7,"Ec",1,0,0,0,0,0,0
"23648","1325","Ec_N",395,8,8,"Ec",1,0,0,0,0,0,0
"23649","1325","Ec_N",395,9,9,"Ec",1,0,0,0,0,0,0
"23650","1325","Ec_N",395,10,10,"Ec",2,1,0,0,0,0,0.3072222461044
"23651","1325","Ec_N",395,11,11,"Ec",2,1,0,0,0,0,0.3072222461044
"23652","1325","Ec_N",395,12,12,"Ec",18,1,0,0,0,1,0.37090819133975
"23653","1325","Ec_N",395,13,13,"Ec",18,1,0,0,0,1,0.37090819133975
"23654","1325","Ec_N",395,14,14,"Ec",18,1,0,0,0,1,0.37090819133975
"23655","1325","Ec_N",395,15,15,"Ec",18,1,0,0,0,1,0.37090819133975
"23656","1325","Ec_N",395,16,16,"Ec",18,1,0,0,0,1,0.37090819133975
"23657","1325","Ec_N",395,17,17,"Ec",18,1,0,0,0,1,0.37090819133975
"23658","1325","Ec_N",395,18,18,"Ec",18,1,0,0,0,1,0.37090819133975
"23659","1325","Ec_N",395,19,19,"Ec",18,1,0,0,0,1,0.37090819133975
"23660","1325","Ec_N",395,20,20,"Ec",18,1,0,0,0,1,0.37090819133975
"23661","1325","Ec_N",395,21,21,"Ec",18,1,0,0,0,1,0.37090819133975
"23662","1325","Ec_N",395,22,22,"Ec",18,1,0,0,0,1,0.37090819133975
"23663","1325","Ec_N",395,23,23,"Ec",18,1,0,0,0,1,0.37090819133975
"23664","1325","Ec_N",395,24,24,"Ec",18,1,0,0,0,1,0.37090819133975
"23665","1325","Ec_N",395,25,25,"Ec",18,1,0,0,0,1,0.37090819133975
"23666","1325","Ec_N",395,26,26,"Ec",18,1,0,0,0,1,0.37090819133975
"23667","1325","Ec_N",395,27,27,"Ec",18,1,0,0,0,1,0.37090819133975
"23668","1325","Ec_N",395,28,28,"Ec",18,1,0,0,0,1,0.37090819133975
"23669","1325","Ec_N",395,29,29,"Ec",18,1,0,0,0,1,0.37090819133975
"23670","1325","Ec_N",395,30,30,"Ec",18,1,0,0,0,1,0.37090819133975
"23671","1325","Ec_N",395,31,31,"Ec",18,1,0,0,0,1,0.37090819133975
"23672","1325","Ec_N",395,32,32,"Ec",18,1,0,0,0,1,0.37090819133975
"23673","1325","Ec_N",395,33,33,"Ec",18,1,0,0,0,1,0.37090819133975
"23674","1325","Ec_N",395,34,34,"Ec",18,1,0,0,0,1,0.37090819133975
"23675","1325","Ec_N",395,35,35,"Ec",18,1,0,0,0,1,0.37090819133975
"23676","1325","Ec_N",395,36,36,"Ec",18,1,0,0,0,1,0.37090819133975
"23677","1325","Ec_N",395,37,37,"Ec",18,1,0,0,0,1,0.37090819133975
"23678","1325","Ec_N",395,38,38,"Ec",18,1,0,0,0,1,0.37090819133975
"23679","1325","Ec_N",395,39,39,"Ec",18,1,0,0,0,1,0.37090819133975
"23680","1325","Ec_N",395,40,40,"Ec",18,1,0,0,0,1,0.37090819133975
"23681","1325","Ec_N",395,41,41,"Ec",18,1,0,0,0,1,0.37090819133975
"23682","1325","Ec_N",395,42,42,"Ec",18,1,0,0,0,1,0.37090819133975
"23683","1325","Ec_N",395,43,43,"Ec",18,1,0,0,0,1,0.37090819133975
"23684","1325","Ec_N",395,44,44,"Ec",18,1,0,0,0,1,0.37090819133975
"23685","1325","Ec_N",395,45,45,"Ec",18,1,0,0,0,1,0.37090819133975
"23686","1325","Ec_N",395,46,46,"Ec",18,1,0,0,0,1,0.37090819133975
"23687","1325","Ec_N",395,47,47,"Ec",18,1,0,0,0,1,0.37090819133975
"23688","1325","Ec_N",395,48,48,"Ec",18,1,0,0,0,1,0.37090819133975
"23689","1325","Ec_N",395,49,49,"Ec",18,1,0,0,0,1,0.37090819133975
"23690","1325","Ec_N",395,50,50,"Ec",18,1,0,0,0,1,0.37090819133975
"23691","1325","Ec_N",395,51,51,"Ec",18,1,0,0,0,1,0.37090819133975
"23692","1325","Ec_N",395,52,52,"Ec",18,1,0,0,0,1,0.37090819133975
"23693","1325","Ec_N",395,53,53,"Ec",26,1,0,0,1,1,0.419932675299988
"23694","1325","Ec_N",395,54,54,"Ec",26,1,0,0,1,1,0.419932675299988
"23695","1325","Ec_N",395,55,55,"Ec",26,1,0,0,1,1,0.419932675299988
"23696","1325","Ec_N",395,56,56,"Ec",26,1,0,0,1,1,0.419932675299988
"23697","1325","Ec_N",395,57,57,"Ec",26,1,0,0,1,1,0.419932675299988
"23698","1325","Ec_N",395,58,58,"Ec",26,1,0,0,1,1,0.419932675299988
"23699","1325","Ec_N",395,59,59,"Ec",26,1,0,0,1,1,0.419932675299988
"23700","1325","Ec_N",395,60,60,"Ec",26,1,0,0,1,1,0.419932675299988
"23701","1325","Ec_N",396,1,1,"Ec",1,0,0,0,0,0,0
"23702","1325","Ec_N",396,2,2,"Ec",1,0,0,0,0,0,0
"23703","1325","Ec_N",396,3,3,"Ec",1,0,0,0,0,0,0
"23704","1325","Ec_N",396,4,4,"Ec",1,0,0,0,0,0,0
"23705","1325","Ec_N",396,5,5,"Ec",1,0,0,0,0,0,0
"23706","1325","Ec_N",396,6,6,"Ec",3,0,1,0,0,0,0.420438296247818
"23707","1325","Ec_N",396,7,7,"Ec",19,0,1,0,0,1,0.484124241483168
"23708","1325","Ec_N",396,8,8,"Ec",19,0,1,0,0,1,0.484124241483168
"23709","1325","Ec_N",396,9,9,"Ec",19,0,1,0,0,1,0.484124241483168
"23710","1325","Ec_N",396,10,10,"Ec",19,0,1,0,0,1,0.484124241483168
"23711","1325","Ec_N",396,11,11,"Ec",19,0,1,0,0,1,0.484124241483168
"23712","1325","Ec_N",396,12,12,"Ec",19,0,1,0,0,1,0.484124241483168
"23713","1325","Ec_N",396,13,13,"Ec",19,0,1,0,0,1,0.484124241483168
"23714","1325","Ec_N",396,14,14,"Ec",19,0,1,0,0,1,0.484124241483168
"23715","1325","Ec_N",396,15,15,"Ec",20,1,1,0,0,1,0.791346487587567
"23716","1325","Ec_N",396,16,16,"Ec",20,1,1,0,0,1,0.791346487587567
"23717","1325","Ec_N",396,17,17,"Ec",20,1,1,0,0,1,0.791346487587567
"23718","1325","Ec_N",396,18,18,"Ec",20,1,1,0,0,1,0.791346487587567
"23719","1325","Ec_N",396,19,19,"Ec",28,1,1,0,1,1,0.815884725734249
"23720","1325","Ec_N",396,20,20,"Ec",28,1,1,0,1,1,0.815884725734249
"23721","1325","Ec_N",396,21,21,"Ec",28,1,1,0,1,1,0.815884725734249
"23722","1325","Ec_N",396,22,22,"Ec",28,1,1,0,1,1,0.815884725734249
"23723","1325","Ec_N",396,23,23,"Ec",28,1,1,0,1,1,0.815884725734249
"23724","1325","Ec_N",396,24,24,"Ec",28,1,1,0,1,1,0.815884725734249
"23725","1325","Ec_N",396,25,25,"Ec",28,1,1,0,1,1,0.815884725734249
"23726","1325","Ec_N",396,26,26,"Ec",28,1,1,0,1,1,0.815884725734249
"23727","1325","Ec_N",396,27,27,"Ec",28,1,1,0,1,1,0.815884725734249
"23728","1325","Ec_N",396,28,28,"Ec",28,1,1,0,1,1,0.815884725734249
"23729","1325","Ec_N",396,29,29,"Ec",28,1,1,0,1,1,0.815884725734249
"23730","1325","Ec_N",396,30,30,"Ec",28,1,1,0,1,1,0.815884725734249
"23731","1325","Ec_N",396,31,31,"Ec",28,1,1,0,1,1,0.815884725734249
"23732","1325","Ec_N",396,32,32,"Ec",28,1,1,0,1,1,0.815884725734249
"23733","1325","Ec_N",396,33,33,"Ec",28,1,1,0,1,1,0.815884725734249
"23734","1325","Ec_N",396,34,34,"Ec",28,1,1,0,1,1,0.815884725734249
"23735","1325","Ec_N",396,35,35,"Ec",28,1,1,0,1,1,0.815884725734249
"23736","1325","Ec_N",396,36,36,"Ec",28,1,1,0,1,1,0.815884725734249
"23737","1325","Ec_N",396,37,37,"Ec",28,1,1,0,1,1,0.815884725734249
"23738","1325","Ec_N",396,38,38,"Ec",28,1,1,0,1,1,0.815884725734249
"23739","1325","Ec_N",396,39,39,"Ec",28,1,1,0,1,1,0.815884725734249
"23740","1325","Ec_N",396,40,40,"Ec",28,1,1,0,1,1,0.815884725734249
"23741","1325","Ec_N",396,41,41,"Ec",28,1,1,0,1,1,0.815884725734249
"23742","1325","Ec_N",396,42,42,"Ec",28,1,1,0,1,1,0.815884725734249
"23743","1325","Ec_N",396,43,43,"Ec",28,1,1,0,1,1,0.815884725734249
"23744","1325","Ec_N",396,44,44,"Ec",28,1,1,0,1,1,0.815884725734249
"23745","1325","Ec_N",396,45,45,"Ec",28,1,1,0,1,1,0.815884725734249
"23746","1325","Ec_N",396,46,46,"Ec",28,1,1,0,1,1,0.815884725734249
"23747","1325","Ec_N",396,47,47,"Ec",28,1,1,0,1,1,0.815884725734249
"23748","1325","Ec_N",396,48,48,"Ec",28,1,1,0,1,1,0.815884725734249
"23749","1325","Ec_N",396,49,49,"Ec",28,1,1,0,1,1,0.815884725734249
"23750","1325","Ec_N",396,50,50,"Ec",28,1,1,0,1,1,0.815884725734249
"23751","1325","Ec_N",396,51,51,"Ec",28,1,1,0,1,1,0.815884725734249
"23752","1325","Ec_N",396,52,52,"Ec",28,1,1,0,1,1,0.815884725734249
"23753","1325","Ec_N",396,53,53,"Ec",28,1,1,0,1,1,0.815884725734249
"23754","1325","Ec_N",396,54,54,"Ec",28,1,1,0,1,1,0.815884725734249
"23755","1325","Ec_N",396,55,55,"Ec",28,1,1,0,1,1,0.815884725734249
"23756","1325","Ec_N",396,56,56,"Ec",32,1,1,1,1,1,1
"23757","1325","Ec_N",396,57,57,"Ec",32,1,1,1,1,1,1
"23758","1325","Ec_N",396,58,58,"Ec",32,1,1,1,1,1,1
"23759","1325","Ec_N",396,59,59,"Ec",32,1,1,1,1,1,1
"23760","1325","Ec_N",396,60,60,"Ec",32,1,1,1,1,1,1
"23761","1325","Ec_N",397,1,1,"Ec",1,0,0,0,0,0,0
"23762","1325","Ec_N",397,2,2,"Ec",1,0,0,0,0,0,0
"23763","1325","Ec_N",397,3,3,"Ec",1,0,0,0,0,0,0
"23764","1325","Ec_N",397,4,4,"Ec",2,1,0,0,0,0,0.3072222461044
"23765","1325","Ec_N",397,5,5,"Ec",2,1,0,0,0,0,0.3072222461044
"23766","1325","Ec_N",397,6,6,"Ec",2,1,0,0,0,0,0.3072222461044
"23767","1325","Ec_N",397,7,7,"Ec",2,1,0,0,0,0,0.3072222461044
"23768","1325","Ec_N",397,8,8,"Ec",2,1,0,0,0,0,0.3072222461044
"23769","1325","Ec_N",397,9,9,"Ec",2,1,0,0,0,0,0.3072222461044
"23770","1325","Ec_N",397,10,10,"Ec",6,1,0,1,0,0,0.466851274556594
"23771","1325","Ec_N",397,11,11,"Ec",6,1,0,1,0,0,0.466851274556594
"23772","1325","Ec_N",397,12,12,"Ec",14,1,0,1,1,0,0.479175264165032
"23773","1325","Ec_N",397,13,13,"Ec",14,1,0,1,1,0,0.479175264165032
"23774","1325","Ec_N",397,14,14,"Ec",14,1,0,1,1,0,0.479175264165032
"23775","1325","Ec_N",397,15,15,"Ec",14,1,0,1,1,0,0.479175264165032
"23776","1325","Ec_N",397,16,16,"Ec",14,1,0,1,1,0,0.479175264165032
"23777","1325","Ec_N",397,17,17,"Ec",16,1,1,1,1,0,0.93631405476465
"23778","1325","Ec_N",397,18,18,"Ec",16,1,1,1,1,0,0.93631405476465
"23779","1325","Ec_N",397,19,19,"Ec",16,1,1,1,1,0,0.93631405476465
"23780","1325","Ec_N",397,20,20,"Ec",16,1,1,1,1,0,0.93631405476465
"23781","1325","Ec_N",397,21,21,"Ec",16,1,1,1,1,0,0.93631405476465
"23782","1325","Ec_N",397,22,22,"Ec",16,1,1,1,1,0,0.93631405476465
"23783","1325","Ec_N",397,23,23,"Ec",16,1,1,1,1,0,0.93631405476465
"23784","1325","Ec_N",397,24,24,"Ec",16,1,1,1,1,0,0.93631405476465
"23785","1325","Ec_N",397,25,25,"Ec",16,1,1,1,1,0,0.93631405476465
"23786","1325","Ec_N",397,26,26,"Ec",16,1,1,1,1,0,0.93631405476465
"23787","1325","Ec_N",397,27,27,"Ec",16,1,1,1,1,0,0.93631405476465
"23788","1325","Ec_N",397,28,28,"Ec",16,1,1,1,1,0,0.93631405476465
"23789","1325","Ec_N",397,29,29,"Ec",16,1,1,1,1,0,0.93631405476465
"23790","1325","Ec_N",397,30,30,"Ec",16,1,1,1,1,0,0.93631405476465
"23791","1325","Ec_N",397,31,31,"Ec",16,1,1,1,1,0,0.93631405476465
"23792","1325","Ec_N",397,32,32,"Ec",16,1,1,1,1,0,0.93631405476465
"23793","1325","Ec_N",397,33,33,"Ec",16,1,1,1,1,0,0.93631405476465
"23794","1325","Ec_N",397,34,34,"Ec",16,1,1,1,1,0,0.93631405476465
"23795","1325","Ec_N",397,35,35,"Ec",16,1,1,1,1,0,0.93631405476465
"23796","1325","Ec_N",397,36,36,"Ec",16,1,1,1,1,0,0.93631405476465
"23797","1325","Ec_N",397,37,37,"Ec",16,1,1,1,1,0,0.93631405476465
"23798","1325","Ec_N",397,38,38,"Ec",16,1,1,1,1,0,0.93631405476465
"23799","1325","Ec_N",397,39,39,"Ec",32,1,1,1,1,1,1
"23800","1325","Ec_N",397,40,40,"Ec",32,1,1,1,1,1,1
"23801","1325","Ec_N",397,41,41,"Ec",32,1,1,1,1,1,1
"23802","1325","Ec_N",397,42,42,"Ec",32,1,1,1,1,1,1
"23803","1325","Ec_N",397,43,43,"Ec",32,1,1,1,1,1,1
"23804","1325","Ec_N",397,44,44,"Ec",32,1,1,1,1,1,1
"23805","1325","Ec_N",397,45,45,"Ec",32,1,1,1,1,1,1
"23806","1325","Ec_N",397,46,46,"Ec",32,1,1,1,1,1,1
"23807","1325","Ec_N",397,47,47,"Ec",32,1,1,1,1,1,1
"23808","1325","Ec_N",397,48,48,"Ec",32,1,1,1,1,1,1
"23809","1325","Ec_N",397,49,49,"Ec",32,1,1,1,1,1,1
"23810","1325","Ec_N",397,50,50,"Ec",32,1,1,1,1,1,1
"23811","1325","Ec_N",397,51,51,"Ec",32,1,1,1,1,1,1
"23812","1325","Ec_N",397,52,52,"Ec",32,1,1,1,1,1,1
"23813","1325","Ec_N",397,53,53,"Ec",32,1,1,1,1,1,1
"23814","1325","Ec_N",397,54,54,"Ec",32,1,1,1,1,1,1
"23815","1325","Ec_N",397,55,55,"Ec",32,1,1,1,1,1,1
"23816","1325","Ec_N",397,56,56,"Ec",32,1,1,1,1,1,1
"23817","1325","Ec_N",397,57,57,"Ec",32,1,1,1,1,1,1
"23818","1325","Ec_N",397,58,58,"Ec",32,1,1,1,1,1,1
"23819","1325","Ec_N",397,59,59,"Ec",32,1,1,1,1,1,1
"23820","1325","Ec_N",397,60,60,"Ec",32,1,1,1,1,1,1
"23821","1325","Ec_N",398,1,1,"Ec",1,0,0,0,0,0,0
"23822","1325","Ec_N",398,2,2,"Ec",1,0,0,0,0,0,0
"23823","1325","Ec_N",398,3,3,"Ec",1,0,0,0,0,0,0
"23824","1325","Ec_N",398,4,4,"Ec",1,0,0,0,0,0,0
"23825","1325","Ec_N",398,5,5,"Ec",1,0,0,0,0,0,0
"23826","1325","Ec_N",398,6,6,"Ec",1,0,0,0,0,0,0
"23827","1325","Ec_N",398,7,7,"Ec",1,0,0,0,0,0,0
"23828","1325","Ec_N",398,8,8,"Ec",1,0,0,0,0,0,0
"23829","1325","Ec_N",398,9,9,"Ec",5,0,0,1,0,0,0.159629028452195
"23830","1325","Ec_N",398,10,10,"Ec",5,0,0,1,0,0,0.159629028452195
"23831","1325","Ec_N",398,11,11,"Ec",5,0,0,1,0,0,0.159629028452195
"23832","1325","Ec_N",398,12,12,"Ec",5,0,0,1,0,0,0.159629028452195
"23833","1325","Ec_N",398,13,13,"Ec",5,0,0,1,0,0,0.159629028452195
"23834","1325","Ec_N",398,14,14,"Ec",5,0,0,1,0,0,0.159629028452195
"23835","1325","Ec_N",398,15,15,"Ec",5,0,0,1,0,0,0.159629028452195
"23836","1325","Ec_N",398,16,16,"Ec",5,0,0,1,0,0,0.159629028452195
"23837","1325","Ec_N",398,17,17,"Ec",5,0,0,1,0,0,0.159629028452195
"23838","1325","Ec_N",398,18,18,"Ec",5,0,0,1,0,0,0.159629028452195
"23839","1325","Ec_N",398,19,19,"Ec",6,1,0,1,0,0,0.466851274556594
"23840","1325","Ec_N",398,20,20,"Ec",6,1,0,1,0,0,0.466851274556594
"23841","1325","Ec_N",398,21,21,"Ec",6,1,0,1,0,0,0.466851274556594
"23842","1325","Ec_N",398,22,22,"Ec",6,1,0,1,0,0,0.466851274556594
"23843","1325","Ec_N",398,23,23,"Ec",6,1,0,1,0,0,0.466851274556594
"23844","1325","Ec_N",398,24,24,"Ec",6,1,0,1,0,0,0.466851274556594
"23845","1325","Ec_N",398,25,25,"Ec",6,1,0,1,0,0,0.466851274556594
"23846","1325","Ec_N",398,26,26,"Ec",6,1,0,1,0,0,0.466851274556594
"23847","1325","Ec_N",398,27,27,"Ec",6,1,0,1,0,0,0.466851274556594
"23848","1325","Ec_N",398,28,28,"Ec",22,1,0,1,0,1,0.530537219791945
"23849","1325","Ec_N",398,29,29,"Ec",30,1,0,1,1,1,0.579561703752182
"23850","1325","Ec_N",398,30,30,"Ec",30,1,0,1,1,1,0.579561703752182
"23851","1325","Ec_N",398,31,31,"Ec",30,1,0,1,1,1,0.579561703752182
"23852","1325","Ec_N",398,32,32,"Ec",30,1,0,1,1,1,0.579561703752182
"23853","1325","Ec_N",398,33,33,"Ec",30,1,0,1,1,1,0.579561703752182
"23854","1325","Ec_N",398,34,34,"Ec",30,1,0,1,1,1,0.579561703752182
"23855","1325","Ec_N",398,35,35,"Ec",30,1,0,1,1,1,0.579561703752182
"23856","1325","Ec_N",398,36,36,"Ec",30,1,0,1,1,1,0.579561703752182
"23857","1325","Ec_N",398,37,37,"Ec",30,1,0,1,1,1,0.579561703752182
"23858","1325","Ec_N",398,38,38,"Ec",30,1,0,1,1,1,0.579561703752182
"23859","1325","Ec_N",398,39,39,"Ec",30,1,0,1,1,1,0.579561703752182
"23860","1325","Ec_N",398,40,40,"Ec",30,1,0,1,1,1,0.579561703752182
"23861","1325","Ec_N",398,41,41,"Ec",32,1,1,1,1,1,1
"23862","1325","Ec_N",398,42,42,"Ec",32,1,1,1,1,1,1
"23863","1325","Ec_N",398,43,43,"Ec",32,1,1,1,1,1,1
"23864","1325","Ec_N",398,44,44,"Ec",32,1,1,1,1,1,1
"23865","1325","Ec_N",398,45,45,"Ec",32,1,1,1,1,1,1
"23866","1325","Ec_N",398,46,46,"Ec",32,1,1,1,1,1,1
"23867","1325","Ec_N",398,47,47,"Ec",32,1,1,1,1,1,1
"23868","1325","Ec_N",398,48,48,"Ec",32,1,1,1,1,1,1
"23869","1325","Ec_N",398,49,49,"Ec",32,1,1,1,1,1,1
"23870","1325","Ec_N",398,50,50,"Ec",32,1,1,1,1,1,1
"23871","1325","Ec_N",398,51,51,"Ec",32,1,1,1,1,1,1
"23872","1325","Ec_N",398,52,52,"Ec",32,1,1,1,1,1,1
"23873","1325","Ec_N",398,53,53,"Ec",32,1,1,1,1,1,1
"23874","1325","Ec_N",398,54,54,"Ec",32,1,1,1,1,1,1
"23875","1325","Ec_N",398,55,55,"Ec",32,1,1,1,1,1,1
"23876","1325","Ec_N",398,56,56,"Ec",32,1,1,1,1,1,1
"23877","1325","Ec_N",398,57,57,"Ec",32,1,1,1,1,1,1
"23878","1325","Ec_N",398,58,58,"Ec",32,1,1,1,1,1,1
"23879","1325","Ec_N",398,59,59,"Ec",32,1,1,1,1,1,1
"23880","1325","Ec_N",398,60,60,"Ec",32,1,1,1,1,1,1
"23881","1325","Ec_N",399,1,1,"Ec",1,0,0,0,0,0,0
"23882","1325","Ec_N",399,2,2,"Ec",1,0,0,0,0,0,0
"23883","1325","Ec_N",399,3,3,"Ec",1,0,0,0,0,0,0
"23884","1325","Ec_N",399,4,4,"Ec",1,0,0,0,0,0,0
"23885","1325","Ec_N",399,5,5,"Ec",1,0,0,0,0,0,0
"23886","1325","Ec_N",399,6,6,"Ec",5,0,0,1,0,0,0.159629028452195
"23887","1325","Ec_N",399,7,7,"Ec",5,0,0,1,0,0,0.159629028452195
"23888","1325","Ec_N",399,8,8,"Ec",5,0,0,1,0,0,0.159629028452195
"23889","1325","Ec_N",399,9,9,"Ec",5,0,0,1,0,0,0.159629028452195
"23890","1325","Ec_N",399,10,10,"Ec",5,0,0,1,0,0,0.159629028452195
"23891","1325","Ec_N",399,11,11,"Ec",5,0,0,1,0,0,0.159629028452195
"23892","1325","Ec_N",399,12,12,"Ec",5,0,0,1,0,0,0.159629028452195
"23893","1325","Ec_N",399,13,13,"Ec",5,0,0,1,0,0,0.159629028452195
"23894","1325","Ec_N",399,14,14,"Ec",5,0,0,1,0,0,0.159629028452195
"23895","1325","Ec_N",399,15,15,"Ec",5,0,0,1,0,0,0.159629028452195
"23896","1325","Ec_N",399,16,16,"Ec",5,0,0,1,0,0,0.159629028452195
"23897","1325","Ec_N",399,17,17,"Ec",5,0,0,1,0,0,0.159629028452195
"23898","1325","Ec_N",399,18,18,"Ec",6,1,0,1,0,0,0.466851274556594
"23899","1325","Ec_N",399,19,19,"Ec",6,1,0,1,0,0,0.466851274556594
"23900","1325","Ec_N",399,20,20,"Ec",6,1,0,1,0,0,0.466851274556594
"23901","1325","Ec_N",399,21,21,"Ec",6,1,0,1,0,0,0.466851274556594
"23902","1325","Ec_N",399,22,22,"Ec",6,1,0,1,0,0,0.466851274556594
"23903","1325","Ec_N",399,23,23,"Ec",6,1,0,1,0,0,0.466851274556594
"23904","1325","Ec_N",399,24,24,"Ec",6,1,0,1,0,0,0.466851274556594
"23905","1325","Ec_N",399,25,25,"Ec",6,1,0,1,0,0,0.466851274556594
"23906","1325","Ec_N",399,26,26,"Ec",6,1,0,1,0,0,0.466851274556594
"23907","1325","Ec_N",399,27,27,"Ec",6,1,0,1,0,0,0.466851274556594
"23908","1325","Ec_N",399,28,28,"Ec",6,1,0,1,0,0,0.466851274556594
"23909","1325","Ec_N",399,29,29,"Ec",6,1,0,1,0,0,0.466851274556594
"23910","1325","Ec_N",399,30,30,"Ec",6,1,0,1,0,0,0.466851274556594
"23911","1325","Ec_N",399,31,31,"Ec",6,1,0,1,0,0,0.466851274556594
"23912","1325","Ec_N",399,32,32,"Ec",6,1,0,1,0,0,0.466851274556594
"23913","1325","Ec_N",399,33,33,"Ec",6,1,0,1,0,0,0.466851274556594
"23914","1325","Ec_N",399,34,34,"Ec",6,1,0,1,0,0,0.466851274556594
"23915","1325","Ec_N",399,35,35,"Ec",6,1,0,1,0,0,0.466851274556594
"23916","1325","Ec_N",399,36,36,"Ec",6,1,0,1,0,0,0.466851274556594
"23917","1325","Ec_N",399,37,37,"Ec",8,1,1,1,0,0,0.887289570804412
"23918","1325","Ec_N",399,38,38,"Ec",8,1,1,1,0,0,0.887289570804412
"23919","1325","Ec_N",399,39,39,"Ec",8,1,1,1,0,0,0.887289570804412
"23920","1325","Ec_N",399,40,40,"Ec",8,1,1,1,0,0,0.887289570804412
"23921","1325","Ec_N",399,41,41,"Ec",8,1,1,1,0,0,0.887289570804412
"23922","1325","Ec_N",399,42,42,"Ec",8,1,1,1,0,0,0.887289570804412
"23923","1325","Ec_N",399,43,43,"Ec",8,1,1,1,0,0,0.887289570804412
"23924","1325","Ec_N",399,44,44,"Ec",8,1,1,1,0,0,0.887289570804412
"23925","1325","Ec_N",399,45,45,"Ec",8,1,1,1,0,0,0.887289570804412
"23926","1325","Ec_N",399,46,46,"Ec",8,1,1,1,0,0,0.887289570804412
"23927","1325","Ec_N",399,47,47,"Ec",8,1,1,1,0,0,0.887289570804412
"23928","1325","Ec_N",399,48,48,"Ec",8,1,1,1,0,0,0.887289570804412
"23929","1325","Ec_N",399,49,49,"Ec",8,1,1,1,0,0,0.887289570804412
"23930","1325","Ec_N",399,50,50,"Ec",8,1,1,1,0,0,0.887289570804412
"23931","1325","Ec_N",399,51,51,"Ec",8,1,1,1,0,0,0.887289570804412
"23932","1325","Ec_N",399,52,52,"Ec",8,1,1,1,0,0,0.887289570804412
"23933","1325","Ec_N",399,53,53,"Ec",8,1,1,1,0,0,0.887289570804412
"23934","1325","Ec_N",399,54,54,"Ec",8,1,1,1,0,0,0.887289570804412
"23935","1325","Ec_N",399,55,55,"Ec",8,1,1,1,0,0,0.887289570804412
"23936","1325","Ec_N",399,56,56,"Ec",8,1,1,1,0,0,0.887289570804412
"23937","1325","Ec_N",399,57,57,"Ec",8,1,1,1,0,0,0.887289570804412
"23938","1325","Ec_N",399,58,58,"Ec",8,1,1,1,0,0,0.887289570804412
"23939","1325","Ec_N",399,59,59,"Ec",8,1,1,1,0,0,0.887289570804412
"23940","1325","Ec_N",399,60,60,"Ec",8,1,1,1,0,0,0.887289570804412
"23941","1325","Ec_N",400,1,1,"Ec",1,0,0,0,0,0,0
"23942","1325","Ec_N",400,2,2,"Ec",1,0,0,0,0,0,0
"23943","1325","Ec_N",400,3,3,"Ec",1,0,0,0,0,0,0
"23944","1325","Ec_N",400,4,4,"Ec",1,0,0,0,0,0,0
"23945","1325","Ec_N",400,5,5,"Ec",1,0,0,0,0,0,0
"23946","1325","Ec_N",400,6,6,"Ec",5,0,0,1,0,0,0.159629028452195
"23947","1325","Ec_N",400,7,7,"Ec",5,0,0,1,0,0,0.159629028452195
"23948","1325","Ec_N",400,8,8,"Ec",5,0,0,1,0,0,0.159629028452195
"23949","1325","Ec_N",400,9,9,"Ec",5,0,0,1,0,0,0.159629028452195
"23950","1325","Ec_N",400,10,10,"Ec",7,0,1,1,0,0,0.580067324700012
"23951","1325","Ec_N",400,11,11,"Ec",7,0,1,1,0,0,0.580067324700012
"23952","1325","Ec_N",400,12,12,"Ec",7,0,1,1,0,0,0.580067324700012
"23953","1325","Ec_N",400,13,13,"Ec",7,0,1,1,0,0,0.580067324700012
"23954","1325","Ec_N",400,14,14,"Ec",7,0,1,1,0,0,0.580067324700012
"23955","1325","Ec_N",400,15,15,"Ec",7,0,1,1,0,0,0.580067324700012
"23956","1325","Ec_N",400,16,16,"Ec",7,0,1,1,0,0,0.580067324700012
"23957","1325","Ec_N",400,17,17,"Ec",7,0,1,1,0,0,0.580067324700012
"23958","1325","Ec_N",400,18,18,"Ec",7,0,1,1,0,0,0.580067324700012
"23959","1325","Ec_N",400,19,19,"Ec",7,0,1,1,0,0,0.580067324700012
"23960","1325","Ec_N",400,20,20,"Ec",7,0,1,1,0,0,0.580067324700012
"23961","1325","Ec_N",400,21,21,"Ec",15,0,1,1,1,0,0.62909180866025
"23962","1325","Ec_N",400,22,22,"Ec",15,0,1,1,1,0,0.62909180866025
"23963","1325","Ec_N",400,23,23,"Ec",15,0,1,1,1,0,0.62909180866025
"23964","1325","Ec_N",400,24,24,"Ec",15,0,1,1,1,0,0.62909180866025
"23965","1325","Ec_N",400,25,25,"Ec",15,0,1,1,1,0,0.62909180866025
"23966","1325","Ec_N",400,26,26,"Ec",31,0,1,1,1,1,0.6927777538956
"23967","1325","Ec_N",400,27,27,"Ec",31,0,1,1,1,1,0.6927777538956
"23968","1325","Ec_N",400,28,28,"Ec",31,0,1,1,1,1,0.6927777538956
"23969","1325","Ec_N",400,29,29,"Ec",31,0,1,1,1,1,0.6927777538956
"23970","1325","Ec_N",400,30,30,"Ec",31,0,1,1,1,1,0.6927777538956
"23971","1325","Ec_N",400,31,31,"Ec",31,0,1,1,1,1,0.6927777538956
"23972","1325","Ec_N",400,32,32,"Ec",31,0,1,1,1,1,0.6927777538956
"23973","1325","Ec_N",400,33,33,"Ec",31,0,1,1,1,1,0.6927777538956
"23974","1325","Ec_N",400,34,34,"Ec",31,0,1,1,1,1,0.6927777538956
"23975","1325","Ec_N",400,35,35,"Ec",31,0,1,1,1,1,0.6927777538956
"23976","1325","Ec_N",400,36,36,"Ec",31,0,1,1,1,1,0.6927777538956
"23977","1325","Ec_N",400,37,37,"Ec",31,0,1,1,1,1,0.6927777538956
"23978","1325","Ec_N",400,38,38,"Ec",31,0,1,1,1,1,0.6927777538956
"23979","1325","Ec_N",400,39,39,"Ec",31,0,1,1,1,1,0.6927777538956
"23980","1325","Ec_N",400,40,40,"Ec",31,0,1,1,1,1,0.6927777538956
"23981","1325","Ec_N",400,41,41,"Ec",31,0,1,1,1,1,0.6927777538956
"23982","1325","Ec_N",400,42,42,"Ec",31,0,1,1,1,1,0.6927777538956
"23983","1325","Ec_N",400,43,43,"Ec",31,0,1,1,1,1,0.6927777538956
"23984","1325","Ec_N",400,44,44,"Ec",31,0,1,1,1,1,0.6927777538956
"23985","1325","Ec_N",400,45,45,"Ec",31,0,1,1,1,1,0.6927777538956
"23986","1325","Ec_N",400,46,46,"Ec",31,0,1,1,1,1,0.6927777538956
"23987","1325","Ec_N",400,47,47,"Ec",31,0,1,1,1,1,0.6927777538956
"23988","1325","Ec_N",400,48,48,"Ec",31,0,1,1,1,1,0.6927777538956
"23989","1325","Ec_N",400,49,49,"Ec",31,0,1,1,1,1,0.6927777538956
"23990","1325","Ec_N",400,50,50,"Ec",31,0,1,1,1,1,0.6927777538956
"23991","1325","Ec_N",400,51,51,"Ec",31,0,1,1,1,1,0.6927777538956
"23992","1325","Ec_N",400,52,52,"Ec",31,0,1,1,1,1,0.6927777538956
"23993","1325","Ec_N",400,53,53,"Ec",31,0,1,1,1,1,0.6927777538956
"23994","1325","Ec_N",400,54,54,"Ec",31,0,1,1,1,1,0.6927777538956
"23995","1325","Ec_N",400,55,55,"Ec",31,0,1,1,1,1,0.6927777538956
"23996","1325","Ec_N",400,56,56,"Ec",31,0,1,1,1,1,0.6927777538956
"23997","1325","Ec_N",400,57,57,"Ec",31,0,1,1,1,1,0.6927777538956
"23998","1325","Ec_N",400,58,58,"Ec",31,0,1,1,1,1,0.6927777538956
"23999","1325","Ec_N",400,59,59,"Ec",31,0,1,1,1,1,0.6927777538956
"24000","1325","Ec_N",400,60,60,"Ec",31,0,1,1,1,1,0.6927777538956
"24001","1325","Ec_N",401,1,1,"Ec",1,0,0,0,0,0,0
"24002","1325","Ec_N",401,2,2,"Ec",1,0,0,0,0,0,0
"24003","1325","Ec_N",401,3,3,"Ec",1,0,0,0,0,0,0
"24004","1325","Ec_N",401,4,4,"Ec",1,0,0,0,0,0,0
"24005","1325","Ec_N",401,5,5,"Ec",2,1,0,0,0,0,0.3072222461044
"24006","1325","Ec_N",401,6,6,"Ec",2,1,0,0,0,0,0.3072222461044
"24007","1325","Ec_N",401,7,7,"Ec",2,1,0,0,0,0,0.3072222461044
"24008","1325","Ec_N",401,8,8,"Ec",2,1,0,0,0,0,0.3072222461044
"24009","1325","Ec_N",401,9,9,"Ec",2,1,0,0,0,0,0.3072222461044
"24010","1325","Ec_N",401,10,10,"Ec",18,1,0,0,0,1,0.37090819133975
"24011","1325","Ec_N",401,11,11,"Ec",18,1,0,0,0,1,0.37090819133975
"24012","1325","Ec_N",401,12,12,"Ec",20,1,1,0,0,1,0.791346487587567
"24013","1325","Ec_N",401,13,13,"Ec",20,1,1,0,0,1,0.791346487587567
"24014","1325","Ec_N",401,14,14,"Ec",20,1,1,0,0,1,0.791346487587567
"24015","1325","Ec_N",401,15,15,"Ec",20,1,1,0,0,1,0.791346487587567
"24016","1325","Ec_N",401,16,16,"Ec",20,1,1,0,0,1,0.791346487587567
"24017","1325","Ec_N",401,17,17,"Ec",28,1,1,0,1,1,0.815884725734249
"24018","1325","Ec_N",401,18,18,"Ec",28,1,1,0,1,1,0.815884725734249
"24019","1325","Ec_N",401,19,19,"Ec",28,1,1,0,1,1,0.815884725734249
"24020","1325","Ec_N",401,20,20,"Ec",28,1,1,0,1,1,0.815884725734249
"24021","1325","Ec_N",401,21,21,"Ec",28,1,1,0,1,1,0.815884725734249
"24022","1325","Ec_N",401,22,22,"Ec",28,1,1,0,1,1,0.815884725734249
"24023","1325","Ec_N",401,23,23,"Ec",28,1,1,0,1,1,0.815884725734249
"24024","1325","Ec_N",401,24,24,"Ec",28,1,1,0,1,1,0.815884725734249
"24025","1325","Ec_N",401,25,25,"Ec",28,1,1,0,1,1,0.815884725734249
"24026","1325","Ec_N",401,26,26,"Ec",28,1,1,0,1,1,0.815884725734249
"24027","1325","Ec_N",401,27,27,"Ec",28,1,1,0,1,1,0.815884725734249
"24028","1325","Ec_N",401,28,28,"Ec",28,1,1,0,1,1,0.815884725734249
"24029","1325","Ec_N",401,29,29,"Ec",28,1,1,0,1,1,0.815884725734249
"24030","1325","Ec_N",401,30,30,"Ec",28,1,1,0,1,1,0.815884725734249
"24031","1325","Ec_N",401,31,31,"Ec",28,1,1,0,1,1,0.815884725734249
"24032","1325","Ec_N",401,32,32,"Ec",28,1,1,0,1,1,0.815884725734249
"24033","1325","Ec_N",401,33,33,"Ec",28,1,1,0,1,1,0.815884725734249
"24034","1325","Ec_N",401,34,34,"Ec",28,1,1,0,1,1,0.815884725734249
"24035","1325","Ec_N",401,35,35,"Ec",28,1,1,0,1,1,0.815884725734249
"24036","1325","Ec_N",401,36,36,"Ec",28,1,1,0,1,1,0.815884725734249
"24037","1325","Ec_N",401,37,37,"Ec",28,1,1,0,1,1,0.815884725734249
"24038","1325","Ec_N",401,38,38,"Ec",28,1,1,0,1,1,0.815884725734249
"24039","1325","Ec_N",401,39,39,"Ec",28,1,1,0,1,1,0.815884725734249
"24040","1325","Ec_N",401,40,40,"Ec",28,1,1,0,1,1,0.815884725734249
"24041","1325","Ec_N",401,41,41,"Ec",28,1,1,0,1,1,0.815884725734249
"24042","1325","Ec_N",401,42,42,"Ec",28,1,1,0,1,1,0.815884725734249
"24043","1325","Ec_N",401,43,43,"Ec",28,1,1,0,1,1,0.815884725734249
"24044","1325","Ec_N",401,44,44,"Ec",28,1,1,0,1,1,0.815884725734249
"24045","1325","Ec_N",401,45,45,"Ec",28,1,1,0,1,1,0.815884725734249
"24046","1325","Ec_N",401,46,46,"Ec",28,1,1,0,1,1,0.815884725734249
"24047","1325","Ec_N",401,47,47,"Ec",28,1,1,0,1,1,0.815884725734249
"24048","1325","Ec_N",401,48,48,"Ec",28,1,1,0,1,1,0.815884725734249
"24049","1325","Ec_N",401,49,49,"Ec",32,1,1,1,1,1,1
"24050","1325","Ec_N",401,50,50,"Ec",32,1,1,1,1,1,1
"24051","1325","Ec_N",401,51,51,"Ec",32,1,1,1,1,1,1
"24052","1325","Ec_N",401,52,52,"Ec",32,1,1,1,1,1,1
"24053","1325","Ec_N",401,53,53,"Ec",32,1,1,1,1,1,1
"24054","1325","Ec_N",401,54,54,"Ec",32,1,1,1,1,1,1
"24055","1325","Ec_N",401,55,55,"Ec",32,1,1,1,1,1,1
"24056","1325","Ec_N",401,56,56,"Ec",32,1,1,1,1,1,1
"24057","1325","Ec_N",401,57,57,"Ec",32,1,1,1,1,1,1
"24058","1325","Ec_N",401,58,58,"Ec",32,1,1,1,1,1,1
"24059","1325","Ec_N",401,59,59,"Ec",32,1,1,1,1,1,1
"24060","1325","Ec_N",401,60,60,"Ec",32,1,1,1,1,1,1
"24061","1325","Ec_N",402,1,1,"Ec",1,0,0,0,0,0,0
"24062","1325","Ec_N",402,2,2,"Ec",3,0,1,0,0,0,0.420438296247818
"24063","1325","Ec_N",402,3,3,"Ec",3,0,1,0,0,0,0.420438296247818
"24064","1325","Ec_N",402,4,4,"Ec",3,0,1,0,0,0,0.420438296247818
"24065","1325","Ec_N",402,5,5,"Ec",3,0,1,0,0,0,0.420438296247818
"24066","1325","Ec_N",402,6,6,"Ec",3,0,1,0,0,0,0.420438296247818
"24067","1325","Ec_N",402,7,7,"Ec",3,0,1,0,0,0,0.420438296247818
"24068","1325","Ec_N",402,8,8,"Ec",3,0,1,0,0,0,0.420438296247818
"24069","1325","Ec_N",402,9,9,"Ec",3,0,1,0,0,0,0.420438296247818
"24070","1325","Ec_N",402,10,10,"Ec",3,0,1,0,0,0,0.420438296247818
"24071","1325","Ec_N",402,11,11,"Ec",3,0,1,0,0,0,0.420438296247818
"24072","1325","Ec_N",402,12,12,"Ec",3,0,1,0,0,0,0.420438296247818
"24073","1325","Ec_N",402,13,13,"Ec",4,1,1,0,0,0,0.727660542352217
"24074","1325","Ec_N",402,14,14,"Ec",4,1,1,0,0,0,0.727660542352217
"24075","1325","Ec_N",402,15,15,"Ec",4,1,1,0,0,0,0.727660542352217
"24076","1325","Ec_N",402,16,16,"Ec",4,1,1,0,0,0,0.727660542352217
"24077","1325","Ec_N",402,17,17,"Ec",4,1,1,0,0,0,0.727660542352217
"24078","1325","Ec_N",402,18,18,"Ec",4,1,1,0,0,0,0.727660542352217
"24079","1325","Ec_N",402,19,19,"Ec",4,1,1,0,0,0,0.727660542352217
"24080","1325","Ec_N",402,20,20,"Ec",4,1,1,0,0,0,0.727660542352217
"24081","1325","Ec_N",402,21,21,"Ec",4,1,1,0,0,0,0.727660542352217
"24082","1325","Ec_N",402,22,22,"Ec",4,1,1,0,0,0,0.727660542352217
"24083","1325","Ec_N",402,23,23,"Ec",4,1,1,0,0,0,0.727660542352217
"24084","1325","Ec_N",402,24,24,"Ec",4,1,1,0,0,0,0.727660542352217
"24085","1325","Ec_N",402,25,25,"Ec",4,1,1,0,0,0,0.727660542352217
"24086","1325","Ec_N",402,26,26,"Ec",4,1,1,0,0,0,0.727660542352217
"24087","1325","Ec_N",402,27,27,"Ec",4,1,1,0,0,0,0.727660542352217
"24088","1325","Ec_N",402,28,28,"Ec",4,1,1,0,0,0,0.727660542352217
"24089","1325","Ec_N",402,29,29,"Ec",12,1,1,0,1,0,0.776685026312455
"24090","1325","Ec_N",402,30,30,"Ec",12,1,1,0,1,0,0.776685026312455
"24091","1325","Ec_N",402,31,31,"Ec",12,1,1,0,1,0,0.776685026312455
"24092","1325","Ec_N",402,32,32,"Ec",12,1,1,0,1,0,0.776685026312455
"24093","1325","Ec_N",402,33,33,"Ec",12,1,1,0,1,0,0.776685026312455
"24094","1325","Ec_N",402,34,34,"Ec",12,1,1,0,1,0,0.776685026312455
"24095","1325","Ec_N",402,35,35,"Ec",12,1,1,0,1,0,0.776685026312455
"24096","1325","Ec_N",402,36,36,"Ec",12,1,1,0,1,0,0.776685026312455
"24097","1325","Ec_N",402,37,37,"Ec",12,1,1,0,1,0,0.776685026312455
"24098","1325","Ec_N",402,38,38,"Ec",12,1,1,0,1,0,0.776685026312455
"24099","1325","Ec_N",402,39,39,"Ec",12,1,1,0,1,0,0.776685026312455
"24100","1325","Ec_N",402,40,40,"Ec",12,1,1,0,1,0,0.776685026312455
"24101","1325","Ec_N",402,41,41,"Ec",12,1,1,0,1,0,0.776685026312455
"24102","1325","Ec_N",402,42,42,"Ec",12,1,1,0,1,0,0.776685026312455
"24103","1325","Ec_N",402,43,43,"Ec",12,1,1,0,1,0,0.776685026312455
"24104","1325","Ec_N",402,44,44,"Ec",12,1,1,0,1,0,0.776685026312455
"24105","1325","Ec_N",402,45,45,"Ec",12,1,1,0,1,0,0.776685026312455
"24106","1325","Ec_N",402,46,46,"Ec",12,1,1,0,1,0,0.776685026312455
"24107","1325","Ec_N",402,47,47,"Ec",28,1,1,0,1,1,0.815884725734249
"24108","1325","Ec_N",402,48,48,"Ec",28,1,1,0,1,1,0.815884725734249
"24109","1325","Ec_N",402,49,49,"Ec",32,1,1,1,1,1,1
"24110","1325","Ec_N",402,50,50,"Ec",32,1,1,1,1,1,1
"24111","1325","Ec_N",402,51,51,"Ec",32,1,1,1,1,1,1
"24112","1325","Ec_N",402,52,52,"Ec",32,1,1,1,1,1,1
"24113","1325","Ec_N",402,53,53,"Ec",32,1,1,1,1,1,1
"24114","1325","Ec_N",402,54,54,"Ec",32,1,1,1,1,1,1
"24115","1325","Ec_N",402,55,55,"Ec",32,1,1,1,1,1,1
"24116","1325","Ec_N",402,56,56,"Ec",32,1,1,1,1,1,1
"24117","1325","Ec_N",402,57,57,"Ec",32,1,1,1,1,1,1
"24118","1325","Ec_N",402,58,58,"Ec",32,1,1,1,1,1,1
"24119","1325","Ec_N",402,59,59,"Ec",32,1,1,1,1,1,1
"24120","1325","Ec_N",402,60,60,"Ec",32,1,1,1,1,1,1
"24121","1325","Ec_N",403,1,1,"Ec",1,0,0,0,0,0,0
"24122","1325","Ec_N",403,2,2,"Ec",1,0,0,0,0,0,0
"24123","1325","Ec_N",403,3,3,"Ec",1,0,0,0,0,0,0
"24124","1325","Ec_N",403,4,4,"Ec",1,0,0,0,0,0,0
"24125","1325","Ec_N",403,5,5,"Ec",1,0,0,0,0,0,0
"24126","1325","Ec_N",403,6,6,"Ec",1,0,0,0,0,0,0
"24127","1325","Ec_N",403,7,7,"Ec",9,0,0,0,1,0,0.0490244839602376
"24128","1325","Ec_N",403,8,8,"Ec",9,0,0,0,1,0,0.0490244839602376
"24129","1325","Ec_N",403,9,9,"Ec",9,0,0,0,1,0,0.0490244839602376
"24130","1325","Ec_N",403,10,10,"Ec",9,0,0,0,1,0,0.0490244839602376
"24131","1325","Ec_N",403,11,11,"Ec",9,0,0,0,1,0,0.0490244839602376
"24132","1325","Ec_N",403,12,12,"Ec",9,0,0,0,1,0,0.0490244839602376
"24133","1325","Ec_N",403,13,13,"Ec",9,0,0,0,1,0,0.0490244839602376
"24134","1325","Ec_N",403,14,14,"Ec",9,0,0,0,1,0,0.0490244839602376
"24135","1325","Ec_N",403,15,15,"Ec",9,0,0,0,1,0,0.0490244839602376
"24136","1325","Ec_N",403,16,16,"Ec",9,0,0,0,1,0,0.0490244839602376
"24137","1325","Ec_N",403,17,17,"Ec",9,0,0,0,1,0,0.0490244839602376
"24138","1325","Ec_N",403,18,18,"Ec",25,0,0,0,1,1,0.112710429195588
"24139","1325","Ec_N",403,19,19,"Ec",25,0,0,0,1,1,0.112710429195588
"24140","1325","Ec_N",403,20,20,"Ec",25,0,0,0,1,1,0.112710429195588
"24141","1325","Ec_N",403,21,21,"Ec",25,0,0,0,1,1,0.112710429195588
"24142","1325","Ec_N",403,22,22,"Ec",25,0,0,0,1,1,0.112710429195588
"24143","1325","Ec_N",403,23,23,"Ec",25,0,0,0,1,1,0.112710429195588
"24144","1325","Ec_N",403,24,24,"Ec",25,0,0,0,1,1,0.112710429195588
"24145","1325","Ec_N",403,25,25,"Ec",25,0,0,0,1,1,0.112710429195588
"24146","1325","Ec_N",403,26,26,"Ec",25,0,0,0,1,1,0.112710429195588
"24147","1325","Ec_N",403,27,27,"Ec",25,0,0,0,1,1,0.112710429195588
"24148","1325","Ec_N",403,28,28,"Ec",25,0,0,0,1,1,0.112710429195588
"24149","1325","Ec_N",403,29,29,"Ec",25,0,0,0,1,1,0.112710429195588
"24150","1325","Ec_N",403,30,30,"Ec",25,0,0,0,1,1,0.112710429195588
"24151","1325","Ec_N",403,31,31,"Ec",25,0,0,0,1,1,0.112710429195588
"24152","1325","Ec_N",403,32,32,"Ec",27,0,1,0,1,1,0.533148725443406
"24153","1325","Ec_N",403,33,33,"Ec",27,0,1,0,1,1,0.533148725443406
"24154","1325","Ec_N",403,34,34,"Ec",27,0,1,0,1,1,0.533148725443406
"24155","1325","Ec_N",403,35,35,"Ec",27,0,1,0,1,1,0.533148725443406
"24156","1325","Ec_N",403,36,36,"Ec",27,0,1,0,1,1,0.533148725443406
"24157","1325","Ec_N",403,37,37,"Ec",27,0,1,0,1,1,0.533148725443406
"24158","1325","Ec_N",403,38,38,"Ec",27,0,1,0,1,1,0.533148725443406
"24159","1325","Ec_N",403,39,39,"Ec",27,0,1,0,1,1,0.533148725443406
"24160","1325","Ec_N",403,40,40,"Ec",27,0,1,0,1,1,0.533148725443406
"24161","1325","Ec_N",403,41,41,"Ec",27,0,1,0,1,1,0.533148725443406
"24162","1325","Ec_N",403,42,42,"Ec",27,0,1,0,1,1,0.533148725443406
"24163","1325","Ec_N",403,43,43,"Ec",27,0,1,0,1,1,0.533148725443406
"24164","1325","Ec_N",403,44,44,"Ec",27,0,1,0,1,1,0.533148725443406
"24165","1325","Ec_N",403,45,45,"Ec",27,0,1,0,1,1,0.533148725443406
"24166","1325","Ec_N",403,46,46,"Ec",27,0,1,0,1,1,0.533148725443406
"24167","1325","Ec_N",403,47,47,"Ec",27,0,1,0,1,1,0.533148725443406
"24168","1325","Ec_N",403,48,48,"Ec",27,0,1,0,1,1,0.533148725443406
"24169","1325","Ec_N",403,49,49,"Ec",27,0,1,0,1,1,0.533148725443406
"24170","1325","Ec_N",403,50,50,"Ec",27,0,1,0,1,1,0.533148725443406
"24171","1325","Ec_N",403,51,51,"Ec",27,0,1,0,1,1,0.533148725443406
"24172","1325","Ec_N",403,52,52,"Ec",27,0,1,0,1,1,0.533148725443406
"24173","1325","Ec_N",403,53,53,"Ec",27,0,1,0,1,1,0.533148725443406
"24174","1325","Ec_N",403,54,54,"Ec",27,0,1,0,1,1,0.533148725443406
"24175","1325","Ec_N",403,55,55,"Ec",27,0,1,0,1,1,0.533148725443406
"24176","1325","Ec_N",403,56,56,"Ec",27,0,1,0,1,1,0.533148725443406
"24177","1325","Ec_N",403,57,57,"Ec",27,0,1,0,1,1,0.533148725443406
"24178","1325","Ec_N",403,58,58,"Ec",27,0,1,0,1,1,0.533148725443406
"24179","1325","Ec_N",403,59,59,"Ec",27,0,1,0,1,1,0.533148725443406
"24180","1325","Ec_N",403,60,60,"Ec",27,0,1,0,1,1,0.533148725443406
"24181","1325","Ec_N",404,1,1,"Ec",1,0,0,0,0,0,0
"24182","1325","Ec_N",404,2,2,"Ec",1,0,0,0,0,0,0
"24183","1325","Ec_N",404,3,3,"Ec",17,0,0,0,0,1,0.0636859452353503
"24184","1325","Ec_N",404,4,4,"Ec",19,0,1,0,0,1,0.484124241483168
"24185","1325","Ec_N",404,5,5,"Ec",19,0,1,0,0,1,0.484124241483168
"24186","1325","Ec_N",404,6,6,"Ec",19,0,1,0,0,1,0.484124241483168
"24187","1325","Ec_N",404,7,7,"Ec",19,0,1,0,0,1,0.484124241483168
"24188","1325","Ec_N",404,8,8,"Ec",19,0,1,0,0,1,0.484124241483168
"24189","1325","Ec_N",404,9,9,"Ec",19,0,1,0,0,1,0.484124241483168
"24190","1325","Ec_N",404,10,10,"Ec",19,0,1,0,0,1,0.484124241483168
"24191","1325","Ec_N",404,11,11,"Ec",19,0,1,0,0,1,0.484124241483168
"24192","1325","Ec_N",404,12,12,"Ec",19,0,1,0,0,1,0.484124241483168
"24193","1325","Ec_N",404,13,13,"Ec",19,0,1,0,0,1,0.484124241483168
"24194","1325","Ec_N",404,14,14,"Ec",19,0,1,0,0,1,0.484124241483168
"24195","1325","Ec_N",404,15,15,"Ec",19,0,1,0,0,1,0.484124241483168
"24196","1325","Ec_N",404,16,16,"Ec",19,0,1,0,0,1,0.484124241483168
"24197","1325","Ec_N",404,17,17,"Ec",19,0,1,0,0,1,0.484124241483168
"24198","1325","Ec_N",404,18,18,"Ec",19,0,1,0,0,1,0.484124241483168
"24199","1325","Ec_N",404,19,19,"Ec",19,0,1,0,0,1,0.484124241483168
"24200","1325","Ec_N",404,20,20,"Ec",19,0,1,0,0,1,0.484124241483168
"24201","1325","Ec_N",404,21,21,"Ec",19,0,1,0,0,1,0.484124241483168
"24202","1325","Ec_N",404,22,22,"Ec",19,0,1,0,0,1,0.484124241483168
"24203","1325","Ec_N",404,23,23,"Ec",19,0,1,0,0,1,0.484124241483168
"24204","1325","Ec_N",404,24,24,"Ec",27,0,1,0,1,1,0.533148725443406
"24205","1325","Ec_N",404,25,25,"Ec",27,0,1,0,1,1,0.533148725443406
"24206","1325","Ec_N",404,26,26,"Ec",27,0,1,0,1,1,0.533148725443406
"24207","1325","Ec_N",404,27,27,"Ec",27,0,1,0,1,1,0.533148725443406
"24208","1325","Ec_N",404,28,28,"Ec",27,0,1,0,1,1,0.533148725443406
"24209","1325","Ec_N",404,29,29,"Ec",27,0,1,0,1,1,0.533148725443406
"24210","1325","Ec_N",404,30,30,"Ec",27,0,1,0,1,1,0.533148725443406
"24211","1325","Ec_N",404,31,31,"Ec",27,0,1,0,1,1,0.533148725443406
"24212","1325","Ec_N",404,32,32,"Ec",27,0,1,0,1,1,0.533148725443406
"24213","1325","Ec_N",404,33,33,"Ec",27,0,1,0,1,1,0.533148725443406
"24214","1325","Ec_N",404,34,34,"Ec",27,0,1,0,1,1,0.533148725443406
"24215","1325","Ec_N",404,35,35,"Ec",27,0,1,0,1,1,0.533148725443406
"24216","1325","Ec_N",404,36,36,"Ec",31,0,1,1,1,1,0.6927777538956
"24217","1325","Ec_N",404,37,37,"Ec",31,0,1,1,1,1,0.6927777538956
"24218","1325","Ec_N",404,38,38,"Ec",31,0,1,1,1,1,0.6927777538956
"24219","1325","Ec_N",404,39,39,"Ec",31,0,1,1,1,1,0.6927777538956
"24220","1325","Ec_N",404,40,40,"Ec",31,0,1,1,1,1,0.6927777538956
"24221","1325","Ec_N",404,41,41,"Ec",31,0,1,1,1,1,0.6927777538956
"24222","1325","Ec_N",404,42,42,"Ec",31,0,1,1,1,1,0.6927777538956
"24223","1325","Ec_N",404,43,43,"Ec",31,0,1,1,1,1,0.6927777538956
"24224","1325","Ec_N",404,44,44,"Ec",31,0,1,1,1,1,0.6927777538956
"24225","1325","Ec_N",404,45,45,"Ec",31,0,1,1,1,1,0.6927777538956
"24226","1325","Ec_N",404,46,46,"Ec",31,0,1,1,1,1,0.6927777538956
"24227","1325","Ec_N",404,47,47,"Ec",31,0,1,1,1,1,0.6927777538956
"24228","1325","Ec_N",404,48,48,"Ec",32,1,1,1,1,1,1
"24229","1325","Ec_N",404,49,49,"Ec",32,1,1,1,1,1,1
"24230","1325","Ec_N",404,50,50,"Ec",32,1,1,1,1,1,1
"24231","1325","Ec_N",404,51,51,"Ec",32,1,1,1,1,1,1
"24232","1325","Ec_N",404,52,52,"Ec",32,1,1,1,1,1,1
"24233","1325","Ec_N",404,53,53,"Ec",32,1,1,1,1,1,1
"24234","1325","Ec_N",404,54,54,"Ec",32,1,1,1,1,1,1
"24235","1325","Ec_N",404,55,55,"Ec",32,1,1,1,1,1,1
"24236","1325","Ec_N",404,56,56,"Ec",32,1,1,1,1,1,1
"24237","1325","Ec_N",404,57,57,"Ec",32,1,1,1,1,1,1
"24238","1325","Ec_N",404,58,58,"Ec",32,1,1,1,1,1,1
"24239","1325","Ec_N",404,59,59,"Ec",32,1,1,1,1,1,1
"24240","1325","Ec_N",404,60,60,"Ec",32,1,1,1,1,1,1
"24241","1325","Ec_N",405,1,1,"Ec",1,0,0,0,0,0,0
"24242","1325","Ec_N",405,2,2,"Ec",1,0,0,0,0,0,0
"24243","1325","Ec_N",405,3,3,"Ec",1,0,0,0,0,0,0
"24244","1325","Ec_N",405,4,4,"Ec",1,0,0,0,0,0,0
"24245","1325","Ec_N",405,5,5,"Ec",1,0,0,0,0,0,0
"24246","1325","Ec_N",405,6,6,"Ec",1,0,0,0,0,0,0
"24247","1325","Ec_N",405,7,7,"Ec",1,0,0,0,0,0,0
"24248","1325","Ec_N",405,8,8,"Ec",17,0,0,0,0,1,0.0636859452353503
"24249","1325","Ec_N",405,9,9,"Ec",19,0,1,0,0,1,0.484124241483168
"24250","1325","Ec_N",405,10,10,"Ec",19,0,1,0,0,1,0.484124241483168
"24251","1325","Ec_N",405,11,11,"Ec",19,0,1,0,0,1,0.484124241483168
"24252","1325","Ec_N",405,12,12,"Ec",19,0,1,0,0,1,0.484124241483168
"24253","1325","Ec_N",405,13,13,"Ec",19,0,1,0,0,1,0.484124241483168
"24254","1325","Ec_N",405,14,14,"Ec",19,0,1,0,0,1,0.484124241483168
"24255","1325","Ec_N",405,15,15,"Ec",19,0,1,0,0,1,0.484124241483168
"24256","1325","Ec_N",405,16,16,"Ec",19,0,1,0,0,1,0.484124241483168
"24257","1325","Ec_N",405,17,17,"Ec",19,0,1,0,0,1,0.484124241483168
"24258","1325","Ec_N",405,18,18,"Ec",19,0,1,0,0,1,0.484124241483168
"24259","1325","Ec_N",405,19,19,"Ec",19,0,1,0,0,1,0.484124241483168
"24260","1325","Ec_N",405,20,20,"Ec",19,0,1,0,0,1,0.484124241483168
"24261","1325","Ec_N",405,21,21,"Ec",20,1,1,0,0,1,0.791346487587567
"24262","1325","Ec_N",405,22,22,"Ec",20,1,1,0,0,1,0.791346487587567
"24263","1325","Ec_N",405,23,23,"Ec",20,1,1,0,0,1,0.791346487587567
"24264","1325","Ec_N",405,24,24,"Ec",20,1,1,0,0,1,0.791346487587567
"24265","1325","Ec_N",405,25,25,"Ec",20,1,1,0,0,1,0.791346487587567
"24266","1325","Ec_N",405,26,26,"Ec",20,1,1,0,0,1,0.791346487587567
"24267","1325","Ec_N",405,27,27,"Ec",20,1,1,0,0,1,0.791346487587567
"24268","1325","Ec_N",405,28,28,"Ec",20,1,1,0,0,1,0.791346487587567
"24269","1325","Ec_N",405,29,29,"Ec",20,1,1,0,0,1,0.791346487587567
"24270","1325","Ec_N",405,30,30,"Ec",20,1,1,0,0,1,0.791346487587567
"24271","1325","Ec_N",405,31,31,"Ec",20,1,1,0,0,1,0.791346487587567
"24272","1325","Ec_N",405,32,32,"Ec",28,1,1,0,1,1,0.815884725734249
"24273","1325","Ec_N",405,33,33,"Ec",28,1,1,0,1,1,0.815884725734249
"24274","1325","Ec_N",405,34,34,"Ec",28,1,1,0,1,1,0.815884725734249
"24275","1325","Ec_N",405,35,35,"Ec",28,1,1,0,1,1,0.815884725734249
"24276","1325","Ec_N",405,36,36,"Ec",28,1,1,0,1,1,0.815884725734249
"24277","1325","Ec_N",405,37,37,"Ec",28,1,1,0,1,1,0.815884725734249
"24278","1325","Ec_N",405,38,38,"Ec",32,1,1,1,1,1,1
"24279","1325","Ec_N",405,39,39,"Ec",32,1,1,1,1,1,1
"24280","1325","Ec_N",405,40,40,"Ec",32,1,1,1,1,1,1
"24281","1325","Ec_N",405,41,41,"Ec",32,1,1,1,1,1,1
"24282","1325","Ec_N",405,42,42,"Ec",32,1,1,1,1,1,1
"24283","1325","Ec_N",405,43,43,"Ec",32,1,1,1,1,1,1
"24284","1325","Ec_N",405,44,44,"Ec",32,1,1,1,1,1,1
"24285","1325","Ec_N",405,45,45,"Ec",32,1,1,1,1,1,1
"24286","1325","Ec_N",405,46,46,"Ec",32,1,1,1,1,1,1
"24287","1325","Ec_N",405,47,47,"Ec",32,1,1,1,1,1,1
"24288","1325","Ec_N",405,48,48,"Ec",32,1,1,1,1,1,1
"24289","1325","Ec_N",405,49,49,"Ec",32,1,1,1,1,1,1
"24290","1325","Ec_N",405,50,50,"Ec",32,1,1,1,1,1,1
"24291","1325","Ec_N",405,51,51,"Ec",32,1,1,1,1,1,1
"24292","1325","Ec_N",405,52,52,"Ec",32,1,1,1,1,1,1
"24293","1325","Ec_N",405,53,53,"Ec",32,1,1,1,1,1,1
"24294","1325","Ec_N",405,54,54,"Ec",32,1,1,1,1,1,1
"24295","1325","Ec_N",405,55,55,"Ec",32,1,1,1,1,1,1
"24296","1325","Ec_N",405,56,56,"Ec",32,1,1,1,1,1,1
"24297","1325","Ec_N",405,57,57,"Ec",32,1,1,1,1,1,1
"24298","1325","Ec_N",405,58,58,"Ec",32,1,1,1,1,1,1
"24299","1325","Ec_N",405,59,59,"Ec",32,1,1,1,1,1,1
"24300","1325","Ec_N",405,60,60,"Ec",32,1,1,1,1,1,1
"24301","1325","Ec_N",406,1,1,"Ec",1,0,0,0,0,0,0
"24302","1325","Ec_N",406,2,2,"Ec",3,0,1,0,0,0,0.420438296247818
"24303","1325","Ec_N",406,3,3,"Ec",3,0,1,0,0,0,0.420438296247818
"24304","1325","Ec_N",406,4,4,"Ec",11,0,1,0,1,0,0.503461616060769
"24305","1325","Ec_N",406,5,5,"Ec",11,0,1,0,1,0,0.503461616060769
"24306","1325","Ec_N",406,6,6,"Ec",11,0,1,0,1,0,0.503461616060769
"24307","1325","Ec_N",406,7,7,"Ec",11,0,1,0,1,0,0.503461616060769
"24308","1325","Ec_N",406,8,8,"Ec",27,0,1,0,1,1,0.533148725443406
"24309","1325","Ec_N",406,9,9,"Ec",27,0,1,0,1,1,0.533148725443406
"24310","1325","Ec_N",406,10,10,"Ec",27,0,1,0,1,1,0.533148725443406
"24311","1325","Ec_N",406,11,11,"Ec",27,0,1,0,1,1,0.533148725443406
"24312","1325","Ec_N",406,12,12,"Ec",31,0,1,1,1,1,0.6927777538956
"24313","1325","Ec_N",406,13,13,"Ec",31,0,1,1,1,1,0.6927777538956
"24314","1325","Ec_N",406,14,14,"Ec",31,0,1,1,1,1,0.6927777538956
"24315","1325","Ec_N",406,15,15,"Ec",31,0,1,1,1,1,0.6927777538956
"24316","1325","Ec_N",406,16,16,"Ec",31,0,1,1,1,1,0.6927777538956
"24317","1325","Ec_N",406,17,17,"Ec",31,0,1,1,1,1,0.6927777538956
"24318","1325","Ec_N",406,18,18,"Ec",31,0,1,1,1,1,0.6927777538956
"24319","1325","Ec_N",406,19,19,"Ec",31,0,1,1,1,1,0.6927777538956
"24320","1325","Ec_N",406,20,20,"Ec",31,0,1,1,1,1,0.6927777538956
"24321","1325","Ec_N",406,21,21,"Ec",31,0,1,1,1,1,0.6927777538956
"24322","1325","Ec_N",406,22,22,"Ec",31,0,1,1,1,1,0.6927777538956
"24323","1325","Ec_N",406,23,23,"Ec",31,0,1,1,1,1,0.6927777538956
"24324","1325","Ec_N",406,24,24,"Ec",31,0,1,1,1,1,0.6927777538956
"24325","1325","Ec_N",406,25,25,"Ec",31,0,1,1,1,1,0.6927777538956
"24326","1325","Ec_N",406,26,26,"Ec",31,0,1,1,1,1,0.6927777538956
"24327","1325","Ec_N",406,27,27,"Ec",31,0,1,1,1,1,0.6927777538956
"24328","1325","Ec_N",406,28,28,"Ec",31,0,1,1,1,1,0.6927777538956
"24329","1325","Ec_N",406,29,29,"Ec",31,0,1,1,1,1,0.6927777538956
"24330","1325","Ec_N",406,30,30,"Ec",31,0,1,1,1,1,0.6927777538956
"24331","1325","Ec_N",406,31,31,"Ec",31,0,1,1,1,1,0.6927777538956
"24332","1325","Ec_N",406,32,32,"Ec",31,0,1,1,1,1,0.6927777538956
"24333","1325","Ec_N",406,33,33,"Ec",31,0,1,1,1,1,0.6927777538956
"24334","1325","Ec_N",406,34,34,"Ec",31,0,1,1,1,1,0.6927777538956
"24335","1325","Ec_N",406,35,35,"Ec",31,0,1,1,1,1,0.6927777538956
"24336","1325","Ec_N",406,36,36,"Ec",31,0,1,1,1,1,0.6927777538956
"24337","1325","Ec_N",406,37,37,"Ec",31,0,1,1,1,1,0.6927777538956
"24338","1325","Ec_N",406,38,38,"Ec",31,0,1,1,1,1,0.6927777538956
"24339","1325","Ec_N",406,39,39,"Ec",31,0,1,1,1,1,0.6927777538956
"24340","1325","Ec_N",406,40,40,"Ec",31,0,1,1,1,1,0.6927777538956
"24341","1325","Ec_N",406,41,41,"Ec",31,0,1,1,1,1,0.6927777538956
"24342","1325","Ec_N",406,42,42,"Ec",31,0,1,1,1,1,0.6927777538956
"24343","1325","Ec_N",406,43,43,"Ec",31,0,1,1,1,1,0.6927777538956
"24344","1325","Ec_N",406,44,44,"Ec",32,1,1,1,1,1,1
"24345","1325","Ec_N",406,45,45,"Ec",32,1,1,1,1,1,1
"24346","1325","Ec_N",406,46,46,"Ec",32,1,1,1,1,1,1
"24347","1325","Ec_N",406,47,47,"Ec",32,1,1,1,1,1,1
"24348","1325","Ec_N",406,48,48,"Ec",32,1,1,1,1,1,1
"24349","1325","Ec_N",406,49,49,"Ec",32,1,1,1,1,1,1
"24350","1325","Ec_N",406,50,50,"Ec",32,1,1,1,1,1,1
"24351","1325","Ec_N",406,51,51,"Ec",32,1,1,1,1,1,1
"24352","1325","Ec_N",406,52,52,"Ec",32,1,1,1,1,1,1
"24353","1325","Ec_N",406,53,53,"Ec",32,1,1,1,1,1,1
"24354","1325","Ec_N",406,54,54,"Ec",32,1,1,1,1,1,1
"24355","1325","Ec_N",406,55,55,"Ec",32,1,1,1,1,1,1
"24356","1325","Ec_N",406,56,56,"Ec",32,1,1,1,1,1,1
"24357","1325","Ec_N",406,57,57,"Ec",32,1,1,1,1,1,1
"24358","1325","Ec_N",406,58,58,"Ec",32,1,1,1,1,1,1
"24359","1325","Ec_N",406,59,59,"Ec",32,1,1,1,1,1,1
"24360","1325","Ec_N",406,60,60,"Ec",32,1,1,1,1,1,1
"24361","1325","Ec_N",407,1,1,"Ec",1,0,0,0,0,0,0
"24362","1325","Ec_N",407,2,2,"Ec",5,0,0,1,0,0,0.159629028452195
"24363","1325","Ec_N",407,3,3,"Ec",13,0,0,1,1,0,0.208653512412432
"24364","1325","Ec_N",407,4,4,"Ec",13,0,0,1,1,0,0.208653512412432
"24365","1325","Ec_N",407,5,5,"Ec",29,0,0,1,1,1,0.272339457647783
"24366","1325","Ec_N",407,6,6,"Ec",29,0,0,1,1,1,0.272339457647783
"24367","1325","Ec_N",407,7,7,"Ec",30,1,0,1,1,1,0.579561703752182
"24368","1325","Ec_N",407,8,8,"Ec",30,1,0,1,1,1,0.579561703752182
"24369","1325","Ec_N",407,9,9,"Ec",30,1,0,1,1,1,0.579561703752182
"24370","1325","Ec_N",407,10,10,"Ec",30,1,0,1,1,1,0.579561703752182
"24371","1325","Ec_N",407,11,11,"Ec",32,1,1,1,1,1,1
"24372","1325","Ec_N",407,12,12,"Ec",32,1,1,1,1,1,1
"24373","1325","Ec_N",407,13,13,"Ec",32,1,1,1,1,1,1
"24374","1325","Ec_N",407,14,14,"Ec",32,1,1,1,1,1,1
"24375","1325","Ec_N",407,15,15,"Ec",32,1,1,1,1,1,1
"24376","1325","Ec_N",407,16,16,"Ec",32,1,1,1,1,1,1
"24377","1325","Ec_N",407,17,17,"Ec",32,1,1,1,1,1,1
"24378","1325","Ec_N",407,18,18,"Ec",32,1,1,1,1,1,1
"24379","1325","Ec_N",407,19,19,"Ec",32,1,1,1,1,1,1
"24380","1325","Ec_N",407,20,20,"Ec",32,1,1,1,1,1,1
"24381","1325","Ec_N",407,21,21,"Ec",32,1,1,1,1,1,1
"24382","1325","Ec_N",407,22,22,"Ec",32,1,1,1,1,1,1
"24383","1325","Ec_N",407,23,23,"Ec",32,1,1,1,1,1,1
"24384","1325","Ec_N",407,24,24,"Ec",32,1,1,1,1,1,1
"24385","1325","Ec_N",407,25,25,"Ec",32,1,1,1,1,1,1
"24386","1325","Ec_N",407,26,26,"Ec",32,1,1,1,1,1,1
"24387","1325","Ec_N",407,27,27,"Ec",32,1,1,1,1,1,1
"24388","1325","Ec_N",407,28,28,"Ec",32,1,1,1,1,1,1
"24389","1325","Ec_N",407,29,29,"Ec",32,1,1,1,1,1,1
"24390","1325","Ec_N",407,30,30,"Ec",32,1,1,1,1,1,1
"24391","1325","Ec_N",407,31,31,"Ec",32,1,1,1,1,1,1
"24392","1325","Ec_N",407,32,32,"Ec",32,1,1,1,1,1,1
"24393","1325","Ec_N",407,33,33,"Ec",32,1,1,1,1,1,1
"24394","1325","Ec_N",407,34,34,"Ec",32,1,1,1,1,1,1
"24395","1325","Ec_N",407,35,35,"Ec",32,1,1,1,1,1,1
"24396","1325","Ec_N",407,36,36,"Ec",32,1,1,1,1,1,1
"24397","1325","Ec_N",407,37,37,"Ec",32,1,1,1,1,1,1
"24398","1325","Ec_N",407,38,38,"Ec",32,1,1,1,1,1,1
"24399","1325","Ec_N",407,39,39,"Ec",32,1,1,1,1,1,1
"24400","1325","Ec_N",407,40,40,"Ec",32,1,1,1,1,1,1
"24401","1325","Ec_N",407,41,41,"Ec",32,1,1,1,1,1,1
"24402","1325","Ec_N",407,42,42,"Ec",32,1,1,1,1,1,1
"24403","1325","Ec_N",407,43,43,"Ec",32,1,1,1,1,1,1
"24404","1325","Ec_N",407,44,44,"Ec",32,1,1,1,1,1,1
"24405","1325","Ec_N",407,45,45,"Ec",32,1,1,1,1,1,1
"24406","1325","Ec_N",407,46,46,"Ec",32,1,1,1,1,1,1
"24407","1325","Ec_N",407,47,47,"Ec",32,1,1,1,1,1,1
"24408","1325","Ec_N",407,48,48,"Ec",32,1,1,1,1,1,1
"24409","1325","Ec_N",407,49,49,"Ec",32,1,1,1,1,1,1
"24410","1325","Ec_N",407,50,50,"Ec",32,1,1,1,1,1,1
"24411","1325","Ec_N",407,51,51,"Ec",32,1,1,1,1,1,1
"24412","1325","Ec_N",407,52,52,"Ec",32,1,1,1,1,1,1
"24413","1325","Ec_N",407,53,53,"Ec",32,1,1,1,1,1,1
"24414","1325","Ec_N",407,54,54,"Ec",32,1,1,1,1,1,1
"24415","1325","Ec_N",407,55,55,"Ec",32,1,1,1,1,1,1
"24416","1325","Ec_N",407,56,56,"Ec",32,1,1,1,1,1,1
"24417","1325","Ec_N",407,57,57,"Ec",32,1,1,1,1,1,1
"24418","1325","Ec_N",407,58,58,"Ec",32,1,1,1,1,1,1
"24419","1325","Ec_N",407,59,59,"Ec",32,1,1,1,1,1,1
"24420","1325","Ec_N",407,60,60,"Ec",32,1,1,1,1,1,1
"24421","1325","Ec_N",408,1,1,"Ec",1,0,0,0,0,0,0
"24422","1325","Ec_N",408,2,2,"Ec",1,0,0,0,0,0,0
"24423","1325","Ec_N",408,3,3,"Ec",17,0,0,0,0,1,0.0636859452353503
"24424","1325","Ec_N",408,4,4,"Ec",17,0,0,0,0,1,0.0636859452353503
"24425","1325","Ec_N",408,5,5,"Ec",17,0,0,0,0,1,0.0636859452353503
"24426","1325","Ec_N",408,6,6,"Ec",17,0,0,0,0,1,0.0636859452353503
"24427","1325","Ec_N",408,7,7,"Ec",21,0,0,1,0,1,0.223314973687545
"24428","1325","Ec_N",408,8,8,"Ec",21,0,0,1,0,1,0.223314973687545
"24429","1325","Ec_N",408,9,9,"Ec",21,0,0,1,0,1,0.223314973687545
"24430","1325","Ec_N",408,10,10,"Ec",21,0,0,1,0,1,0.223314973687545
"24431","1325","Ec_N",408,11,11,"Ec",21,0,0,1,0,1,0.223314973687545
"24432","1325","Ec_N",408,12,12,"Ec",21,0,0,1,0,1,0.223314973687545
"24433","1325","Ec_N",408,13,13,"Ec",21,0,0,1,0,1,0.223314973687545
"24434","1325","Ec_N",408,14,14,"Ec",21,0,0,1,0,1,0.223314973687545
"24435","1325","Ec_N",408,15,15,"Ec",21,0,0,1,0,1,0.223314973687545
"24436","1325","Ec_N",408,16,16,"Ec",21,0,0,1,0,1,0.223314973687545
"24437","1325","Ec_N",408,17,17,"Ec",21,0,0,1,0,1,0.223314973687545
"24438","1325","Ec_N",408,18,18,"Ec",21,0,0,1,0,1,0.223314973687545
"24439","1325","Ec_N",408,19,19,"Ec",29,0,0,1,1,1,0.272339457647783
"24440","1325","Ec_N",408,20,20,"Ec",29,0,0,1,1,1,0.272339457647783
"24441","1325","Ec_N",408,21,21,"Ec",29,0,0,1,1,1,0.272339457647783
"24442","1325","Ec_N",408,22,22,"Ec",29,0,0,1,1,1,0.272339457647783
"24443","1325","Ec_N",408,23,23,"Ec",29,0,0,1,1,1,0.272339457647783
"24444","1325","Ec_N",408,24,24,"Ec",30,1,0,1,1,1,0.579561703752182
"24445","1325","Ec_N",408,25,25,"Ec",30,1,0,1,1,1,0.579561703752182
"24446","1325","Ec_N",408,26,26,"Ec",30,1,0,1,1,1,0.579561703752182
"24447","1325","Ec_N",408,27,27,"Ec",30,1,0,1,1,1,0.579561703752182
"24448","1325","Ec_N",408,28,28,"Ec",30,1,0,1,1,1,0.579561703752182
"24449","1325","Ec_N",408,29,29,"Ec",30,1,0,1,1,1,0.579561703752182
"24450","1325","Ec_N",408,30,30,"Ec",30,1,0,1,1,1,0.579561703752182
"24451","1325","Ec_N",408,31,31,"Ec",30,1,0,1,1,1,0.579561703752182
"24452","1325","Ec_N",408,32,32,"Ec",30,1,0,1,1,1,0.579561703752182
"24453","1325","Ec_N",408,33,33,"Ec",30,1,0,1,1,1,0.579561703752182
"24454","1325","Ec_N",408,34,34,"Ec",30,1,0,1,1,1,0.579561703752182
"24455","1325","Ec_N",408,35,35,"Ec",30,1,0,1,1,1,0.579561703752182
"24456","1325","Ec_N",408,36,36,"Ec",30,1,0,1,1,1,0.579561703752182
"24457","1325","Ec_N",408,37,37,"Ec",32,1,1,1,1,1,1
"24458","1325","Ec_N",408,38,38,"Ec",32,1,1,1,1,1,1
"24459","1325","Ec_N",408,39,39,"Ec",32,1,1,1,1,1,1
"24460","1325","Ec_N",408,40,40,"Ec",32,1,1,1,1,1,1
"24461","1325","Ec_N",408,41,41,"Ec",32,1,1,1,1,1,1
"24462","1325","Ec_N",408,42,42,"Ec",32,1,1,1,1,1,1
"24463","1325","Ec_N",408,43,43,"Ec",32,1,1,1,1,1,1
"24464","1325","Ec_N",408,44,44,"Ec",32,1,1,1,1,1,1
"24465","1325","Ec_N",408,45,45,"Ec",32,1,1,1,1,1,1
"24466","1325","Ec_N",408,46,46,"Ec",32,1,1,1,1,1,1
"24467","1325","Ec_N",408,47,47,"Ec",32,1,1,1,1,1,1
"24468","1325","Ec_N",408,48,48,"Ec",32,1,1,1,1,1,1
"24469","1325","Ec_N",408,49,49,"Ec",32,1,1,1,1,1,1
"24470","1325","Ec_N",408,50,50,"Ec",32,1,1,1,1,1,1
"24471","1325","Ec_N",408,51,51,"Ec",32,1,1,1,1,1,1
"24472","1325","Ec_N",408,52,52,"Ec",32,1,1,1,1,1,1
"24473","1325","Ec_N",408,53,53,"Ec",32,1,1,1,1,1,1
"24474","1325","Ec_N",408,54,54,"Ec",32,1,1,1,1,1,1
"24475","1325","Ec_N",408,55,55,"Ec",32,1,1,1,1,1,1
"24476","1325","Ec_N",408,56,56,"Ec",32,1,1,1,1,1,1
"24477","1325","Ec_N",408,57,57,"Ec",32,1,1,1,1,1,1
"24478","1325","Ec_N",408,58,58,"Ec",32,1,1,1,1,1,1
"24479","1325","Ec_N",408,59,59,"Ec",32,1,1,1,1,1,1
"24480","1325","Ec_N",408,60,60,"Ec",32,1,1,1,1,1,1
"24481","1325","Ec_N",409,1,1,"Ec",1,0,0,0,0,0,0
"24482","1325","Ec_N",409,2,2,"Ec",1,0,0,0,0,0,0
"24483","1325","Ec_N",409,3,3,"Ec",9,0,0,0,1,0,0.0490244839602376
"24484","1325","Ec_N",409,4,4,"Ec",9,0,0,0,1,0,0.0490244839602376
"24485","1325","Ec_N",409,5,5,"Ec",9,0,0,0,1,0,0.0490244839602376
"24486","1325","Ec_N",409,6,6,"Ec",9,0,0,0,1,0,0.0490244839602376
"24487","1325","Ec_N",409,7,7,"Ec",9,0,0,0,1,0,0.0490244839602376
"24488","1325","Ec_N",409,8,8,"Ec",9,0,0,0,1,0,0.0490244839602376
"24489","1325","Ec_N",409,9,9,"Ec",10,1,0,0,1,0,0.356246730064637
"24490","1325","Ec_N",409,10,10,"Ec",10,1,0,0,1,0,0.356246730064637
"24491","1325","Ec_N",409,11,11,"Ec",10,1,0,0,1,0,0.356246730064637
"24492","1325","Ec_N",409,12,12,"Ec",10,1,0,0,1,0,0.356246730064637
"24493","1325","Ec_N",409,13,13,"Ec",12,1,1,0,1,0,0.776685026312455
"24494","1325","Ec_N",409,14,14,"Ec",12,1,1,0,1,0,0.776685026312455
"24495","1325","Ec_N",409,15,15,"Ec",12,1,1,0,1,0,0.776685026312455
"24496","1325","Ec_N",409,16,16,"Ec",12,1,1,0,1,0,0.776685026312455
"24497","1325","Ec_N",409,17,17,"Ec",12,1,1,0,1,0,0.776685026312455
"24498","1325","Ec_N",409,18,18,"Ec",12,1,1,0,1,0,0.776685026312455
"24499","1325","Ec_N",409,19,19,"Ec",16,1,1,1,1,0,0.93631405476465
"24500","1325","Ec_N",409,20,20,"Ec",16,1,1,1,1,0,0.93631405476465
"24501","1325","Ec_N",409,21,21,"Ec",16,1,1,1,1,0,0.93631405476465
"24502","1325","Ec_N",409,22,22,"Ec",32,1,1,1,1,1,1
"24503","1325","Ec_N",409,23,23,"Ec",32,1,1,1,1,1,1
"24504","1325","Ec_N",409,24,24,"Ec",32,1,1,1,1,1,1
"24505","1325","Ec_N",409,25,25,"Ec",32,1,1,1,1,1,1
"24506","1325","Ec_N",409,26,26,"Ec",32,1,1,1,1,1,1
"24507","1325","Ec_N",409,27,27,"Ec",32,1,1,1,1,1,1
"24508","1325","Ec_N",409,28,28,"Ec",32,1,1,1,1,1,1
"24509","1325","Ec_N",409,29,29,"Ec",32,1,1,1,1,1,1
"24510","1325","Ec_N",409,30,30,"Ec",32,1,1,1,1,1,1
"24511","1325","Ec_N",409,31,31,"Ec",32,1,1,1,1,1,1
"24512","1325","Ec_N",409,32,32,"Ec",32,1,1,1,1,1,1
"24513","1325","Ec_N",409,33,33,"Ec",32,1,1,1,1,1,1
"24514","1325","Ec_N",409,34,34,"Ec",32,1,1,1,1,1,1
"24515","1325","Ec_N",409,35,35,"Ec",32,1,1,1,1,1,1
"24516","1325","Ec_N",409,36,36,"Ec",32,1,1,1,1,1,1
"24517","1325","Ec_N",409,37,37,"Ec",32,1,1,1,1,1,1
"24518","1325","Ec_N",409,38,38,"Ec",32,1,1,1,1,1,1
"24519","1325","Ec_N",409,39,39,"Ec",32,1,1,1,1,1,1
"24520","1325","Ec_N",409,40,40,"Ec",32,1,1,1,1,1,1
"24521","1325","Ec_N",409,41,41,"Ec",32,1,1,1,1,1,1
"24522","1325","Ec_N",409,42,42,"Ec",32,1,1,1,1,1,1
"24523","1325","Ec_N",409,43,43,"Ec",32,1,1,1,1,1,1
"24524","1325","Ec_N",409,44,44,"Ec",32,1,1,1,1,1,1
"24525","1325","Ec_N",409,45,45,"Ec",32,1,1,1,1,1,1
"24526","1325","Ec_N",409,46,46,"Ec",32,1,1,1,1,1,1
"24527","1325","Ec_N",409,47,47,"Ec",32,1,1,1,1,1,1
"24528","1325","Ec_N",409,48,48,"Ec",32,1,1,1,1,1,1
"24529","1325","Ec_N",409,49,49,"Ec",32,1,1,1,1,1,1
"24530","1325","Ec_N",409,50,50,"Ec",32,1,1,1,1,1,1
"24531","1325","Ec_N",409,51,51,"Ec",32,1,1,1,1,1,1
"24532","1325","Ec_N",409,52,52,"Ec",32,1,1,1,1,1,1
"24533","1325","Ec_N",409,53,53,"Ec",32,1,1,1,1,1,1
"24534","1325","Ec_N",409,54,54,"Ec",32,1,1,1,1,1,1
"24535","1325","Ec_N",409,55,55,"Ec",32,1,1,1,1,1,1
"24536","1325","Ec_N",409,56,56,"Ec",32,1,1,1,1,1,1
"24537","1325","Ec_N",409,57,57,"Ec",32,1,1,1,1,1,1
"24538","1325","Ec_N",409,58,58,"Ec",32,1,1,1,1,1,1
"24539","1325","Ec_N",409,59,59,"Ec",32,1,1,1,1,1,1
"24540","1325","Ec_N",409,60,60,"Ec",32,1,1,1,1,1,1
"24541","1325","Ec_N",410,1,1,"Ec",1,0,0,0,0,0,0
"24542","1325","Ec_N",410,2,2,"Ec",5,0,0,1,0,0,0.159629028452195
"24543","1325","Ec_N",410,3,3,"Ec",5,0,0,1,0,0,0.159629028452195
"24544","1325","Ec_N",410,4,4,"Ec",21,0,0,1,0,1,0.223314973687545
"24545","1325","Ec_N",410,5,5,"Ec",21,0,0,1,0,1,0.223314973687545
"24546","1325","Ec_N",410,6,6,"Ec",21,0,0,1,0,1,0.223314973687545
"24547","1325","Ec_N",410,7,7,"Ec",21,0,0,1,0,1,0.223314973687545
"24548","1325","Ec_N",410,8,8,"Ec",29,0,0,1,1,1,0.272339457647783
"24549","1325","Ec_N",410,9,9,"Ec",29,0,0,1,1,1,0.272339457647783
"24550","1325","Ec_N",410,10,10,"Ec",29,0,0,1,1,1,0.272339457647783
"24551","1325","Ec_N",410,11,11,"Ec",29,0,0,1,1,1,0.272339457647783
"24552","1325","Ec_N",410,12,12,"Ec",29,0,0,1,1,1,0.272339457647783
"24553","1325","Ec_N",410,13,13,"Ec",29,0,0,1,1,1,0.272339457647783
"24554","1325","Ec_N",410,14,14,"Ec",29,0,0,1,1,1,0.272339457647783
"24555","1325","Ec_N",410,15,15,"Ec",29,0,0,1,1,1,0.272339457647783
"24556","1325","Ec_N",410,16,16,"Ec",29,0,0,1,1,1,0.272339457647783
"24557","1325","Ec_N",410,17,17,"Ec",29,0,0,1,1,1,0.272339457647783
"24558","1325","Ec_N",410,18,18,"Ec",29,0,0,1,1,1,0.272339457647783
"24559","1325","Ec_N",410,19,19,"Ec",29,0,0,1,1,1,0.272339457647783
"24560","1325","Ec_N",410,20,20,"Ec",29,0,0,1,1,1,0.272339457647783
"24561","1325","Ec_N",410,21,21,"Ec",29,0,0,1,1,1,0.272339457647783
"24562","1325","Ec_N",410,22,22,"Ec",29,0,0,1,1,1,0.272339457647783
"24563","1325","Ec_N",410,23,23,"Ec",29,0,0,1,1,1,0.272339457647783
"24564","1325","Ec_N",410,24,24,"Ec",29,0,0,1,1,1,0.272339457647783
"24565","1325","Ec_N",410,25,25,"Ec",29,0,0,1,1,1,0.272339457647783
"24566","1325","Ec_N",410,26,26,"Ec",30,1,0,1,1,1,0.579561703752182
"24567","1325","Ec_N",410,27,27,"Ec",30,1,0,1,1,1,0.579561703752182
"24568","1325","Ec_N",410,28,28,"Ec",30,1,0,1,1,1,0.579561703752182
"24569","1325","Ec_N",410,29,29,"Ec",30,1,0,1,1,1,0.579561703752182
"24570","1325","Ec_N",410,30,30,"Ec",30,1,0,1,1,1,0.579561703752182
"24571","1325","Ec_N",410,31,31,"Ec",30,1,0,1,1,1,0.579561703752182
"24572","1325","Ec_N",410,32,32,"Ec",30,1,0,1,1,1,0.579561703752182
"24573","1325","Ec_N",410,33,33,"Ec",30,1,0,1,1,1,0.579561703752182
"24574","1325","Ec_N",410,34,34,"Ec",30,1,0,1,1,1,0.579561703752182
"24575","1325","Ec_N",410,35,35,"Ec",30,1,0,1,1,1,0.579561703752182
"24576","1325","Ec_N",410,36,36,"Ec",30,1,0,1,1,1,0.579561703752182
"24577","1325","Ec_N",410,37,37,"Ec",30,1,0,1,1,1,0.579561703752182
"24578","1325","Ec_N",410,38,38,"Ec",30,1,0,1,1,1,0.579561703752182
"24579","1325","Ec_N",410,39,39,"Ec",30,1,0,1,1,1,0.579561703752182
"24580","1325","Ec_N",410,40,40,"Ec",30,1,0,1,1,1,0.579561703752182
"24581","1325","Ec_N",410,41,41,"Ec",30,1,0,1,1,1,0.579561703752182
"24582","1325","Ec_N",410,42,42,"Ec",30,1,0,1,1,1,0.579561703752182
"24583","1325","Ec_N",410,43,43,"Ec",30,1,0,1,1,1,0.579561703752182
"24584","1325","Ec_N",410,44,44,"Ec",30,1,0,1,1,1,0.579561703752182
"24585","1325","Ec_N",410,45,45,"Ec",30,1,0,1,1,1,0.579561703752182
"24586","1325","Ec_N",410,46,46,"Ec",30,1,0,1,1,1,0.579561703752182
"24587","1325","Ec_N",410,47,47,"Ec",30,1,0,1,1,1,0.579561703752182
"24588","1325","Ec_N",410,48,48,"Ec",32,1,1,1,1,1,1
"24589","1325","Ec_N",410,49,49,"Ec",32,1,1,1,1,1,1
"24590","1325","Ec_N",410,50,50,"Ec",32,1,1,1,1,1,1
"24591","1325","Ec_N",410,51,51,"Ec",32,1,1,1,1,1,1
"24592","1325","Ec_N",410,52,52,"Ec",32,1,1,1,1,1,1
"24593","1325","Ec_N",410,53,53,"Ec",32,1,1,1,1,1,1
"24594","1325","Ec_N",410,54,54,"Ec",32,1,1,1,1,1,1
"24595","1325","Ec_N",410,55,55,"Ec",32,1,1,1,1,1,1
"24596","1325","Ec_N",410,56,56,"Ec",32,1,1,1,1,1,1
"24597","1325","Ec_N",410,57,57,"Ec",32,1,1,1,1,1,1
"24598","1325","Ec_N",410,58,58,"Ec",32,1,1,1,1,1,1
"24599","1325","Ec_N",410,59,59,"Ec",32,1,1,1,1,1,1
"24600","1325","Ec_N",410,60,60,"Ec",32,1,1,1,1,1,1
"24601","1325","Ec_N",411,1,1,"Ec",1,0,0,0,0,0,0
"24602","1325","Ec_N",411,2,2,"Ec",1,0,0,0,0,0,0
"24603","1325","Ec_N",411,3,3,"Ec",1,0,0,0,0,0,0
"24604","1325","Ec_N",411,4,4,"Ec",1,0,0,0,0,0,0
"24605","1325","Ec_N",411,5,5,"Ec",1,0,0,0,0,0,0
"24606","1325","Ec_N",411,6,6,"Ec",2,1,0,0,0,0,0.3072222461044
"24607","1325","Ec_N",411,7,7,"Ec",2,1,0,0,0,0,0.3072222461044
"24608","1325","Ec_N",411,8,8,"Ec",2,1,0,0,0,0,0.3072222461044
"24609","1325","Ec_N",411,9,9,"Ec",2,1,0,0,0,0,0.3072222461044
"24610","1325","Ec_N",411,10,10,"Ec",2,1,0,0,0,0,0.3072222461044
"24611","1325","Ec_N",411,11,11,"Ec",2,1,0,0,0,0,0.3072222461044
"24612","1325","Ec_N",411,12,12,"Ec",2,1,0,0,0,0,0.3072222461044
"24613","1325","Ec_N",411,13,13,"Ec",2,1,0,0,0,0,0.3072222461044
"24614","1325","Ec_N",411,14,14,"Ec",10,1,0,0,1,0,0.356246730064637
"24615","1325","Ec_N",411,15,15,"Ec",10,1,0,0,1,0,0.356246730064637
"24616","1325","Ec_N",411,16,16,"Ec",10,1,0,0,1,0,0.356246730064637
"24617","1325","Ec_N",411,17,17,"Ec",10,1,0,0,1,0,0.356246730064637
"24618","1325","Ec_N",411,18,18,"Ec",10,1,0,0,1,0,0.356246730064637
"24619","1325","Ec_N",411,19,19,"Ec",10,1,0,0,1,0,0.356246730064637
"24620","1325","Ec_N",411,20,20,"Ec",10,1,0,0,1,0,0.356246730064637
"24621","1325","Ec_N",411,21,21,"Ec",10,1,0,0,1,0,0.356246730064637
"24622","1325","Ec_N",411,22,22,"Ec",10,1,0,0,1,0,0.356246730064637
"24623","1325","Ec_N",411,23,23,"Ec",10,1,0,0,1,0,0.356246730064637
"24624","1325","Ec_N",411,24,24,"Ec",10,1,0,0,1,0,0.356246730064637
"24625","1325","Ec_N",411,25,25,"Ec",10,1,0,0,1,0,0.356246730064637
"24626","1325","Ec_N",411,26,26,"Ec",26,1,0,0,1,1,0.419932675299988
"24627","1325","Ec_N",411,27,27,"Ec",26,1,0,0,1,1,0.419932675299988
"24628","1325","Ec_N",411,28,28,"Ec",26,1,0,0,1,1,0.419932675299988
"24629","1325","Ec_N",411,29,29,"Ec",26,1,0,0,1,1,0.419932675299988
"24630","1325","Ec_N",411,30,30,"Ec",26,1,0,0,1,1,0.419932675299988
"24631","1325","Ec_N",411,31,31,"Ec",30,1,0,1,1,1,0.579561703752182
"24632","1325","Ec_N",411,32,32,"Ec",30,1,0,1,1,1,0.579561703752182
"24633","1325","Ec_N",411,33,33,"Ec",30,1,0,1,1,1,0.579561703752182
"24634","1325","Ec_N",411,34,34,"Ec",30,1,0,1,1,1,0.579561703752182
"24635","1325","Ec_N",411,35,35,"Ec",30,1,0,1,1,1,0.579561703752182
"24636","1325","Ec_N",411,36,36,"Ec",30,1,0,1,1,1,0.579561703752182
"24637","1325","Ec_N",411,37,37,"Ec",30,1,0,1,1,1,0.579561703752182
"24638","1325","Ec_N",411,38,38,"Ec",30,1,0,1,1,1,0.579561703752182
"24639","1325","Ec_N",411,39,39,"Ec",30,1,0,1,1,1,0.579561703752182
"24640","1325","Ec_N",411,40,40,"Ec",30,1,0,1,1,1,0.579561703752182
"24641","1325","Ec_N",411,41,41,"Ec",30,1,0,1,1,1,0.579561703752182
"24642","1325","Ec_N",411,42,42,"Ec",30,1,0,1,1,1,0.579561703752182
"24643","1325","Ec_N",411,43,43,"Ec",30,1,0,1,1,1,0.579561703752182
"24644","1325","Ec_N",411,44,44,"Ec",32,1,1,1,1,1,1
"24645","1325","Ec_N",411,45,45,"Ec",32,1,1,1,1,1,1
"24646","1325","Ec_N",411,46,46,"Ec",32,1,1,1,1,1,1
"24647","1325","Ec_N",411,47,47,"Ec",32,1,1,1,1,1,1
"24648","1325","Ec_N",411,48,48,"Ec",32,1,1,1,1,1,1
"24649","1325","Ec_N",411,49,49,"Ec",32,1,1,1,1,1,1
"24650","1325","Ec_N",411,50,50,"Ec",32,1,1,1,1,1,1
"24651","1325","Ec_N",411,51,51,"Ec",32,1,1,1,1,1,1
"24652","1325","Ec_N",411,52,52,"Ec",32,1,1,1,1,1,1
"24653","1325","Ec_N",411,53,53,"Ec",32,1,1,1,1,1,1
"24654","1325","Ec_N",411,54,54,"Ec",32,1,1,1,1,1,1
"24655","1325","Ec_N",411,55,55,"Ec",32,1,1,1,1,1,1
"24656","1325","Ec_N",411,56,56,"Ec",32,1,1,1,1,1,1
"24657","1325","Ec_N",411,57,57,"Ec",32,1,1,1,1,1,1
"24658","1325","Ec_N",411,58,58,"Ec",32,1,1,1,1,1,1
"24659","1325","Ec_N",411,59,59,"Ec",32,1,1,1,1,1,1
"24660","1325","Ec_N",411,60,60,"Ec",32,1,1,1,1,1,1
"24661","1325","Ec_N",412,1,1,"Ec",1,0,0,0,0,0,0
"24662","1325","Ec_N",412,2,2,"Ec",1,0,0,0,0,0,0
"24663","1325","Ec_N",412,3,3,"Ec",1,0,0,0,0,0,0
"24664","1325","Ec_N",412,4,4,"Ec",17,0,0,0,0,1,0.0636859452353503
"24665","1325","Ec_N",412,5,5,"Ec",17,0,0,0,0,1,0.0636859452353503
"24666","1325","Ec_N",412,6,6,"Ec",17,0,0,0,0,1,0.0636859452353503
"24667","1325","Ec_N",412,7,7,"Ec",17,0,0,0,0,1,0.0636859452353503
"24668","1325","Ec_N",412,8,8,"Ec",17,0,0,0,0,1,0.0636859452353503
"24669","1325","Ec_N",412,9,9,"Ec",19,0,1,0,0,1,0.484124241483168
"24670","1325","Ec_N",412,10,10,"Ec",20,1,1,0,0,1,0.791346487587567
"24671","1325","Ec_N",412,11,11,"Ec",20,1,1,0,0,1,0.791346487587567
"24672","1325","Ec_N",412,12,12,"Ec",20,1,1,0,0,1,0.791346487587567
"24673","1325","Ec_N",412,13,13,"Ec",20,1,1,0,0,1,0.791346487587567
"24674","1325","Ec_N",412,14,14,"Ec",20,1,1,0,0,1,0.791346487587567
"24675","1325","Ec_N",412,15,15,"Ec",20,1,1,0,0,1,0.791346487587567
"24676","1325","Ec_N",412,16,16,"Ec",20,1,1,0,0,1,0.791346487587567
"24677","1325","Ec_N",412,17,17,"Ec",20,1,1,0,0,1,0.791346487587567
"24678","1325","Ec_N",412,18,18,"Ec",20,1,1,0,0,1,0.791346487587567
"24679","1325","Ec_N",412,19,19,"Ec",20,1,1,0,0,1,0.791346487587567
"24680","1325","Ec_N",412,20,20,"Ec",20,1,1,0,0,1,0.791346487587567
"24681","1325","Ec_N",412,21,21,"Ec",20,1,1,0,0,1,0.791346487587567
"24682","1325","Ec_N",412,22,22,"Ec",24,1,1,1,0,1,0.872975948786018
"24683","1325","Ec_N",412,23,23,"Ec",24,1,1,1,0,1,0.872975948786018
"24684","1325","Ec_N",412,24,24,"Ec",8,1,1,1,0,0,0.887289570804412
"24685","1325","Ec_N",412,25,25,"Ec",8,1,1,1,0,0,0.887289570804412
"24686","1325","Ec_N",412,26,26,"Ec",8,1,1,1,0,0,0.887289570804412
"24687","1325","Ec_N",412,27,27,"Ec",8,1,1,1,0,0,0.887289570804412
"24688","1325","Ec_N",412,28,28,"Ec",8,1,1,1,0,0,0.887289570804412
"24689","1325","Ec_N",412,29,29,"Ec",8,1,1,1,0,0,0.887289570804412
"24690","1325","Ec_N",412,30,30,"Ec",8,1,1,1,0,0,0.887289570804412
"24691","1325","Ec_N",412,31,31,"Ec",8,1,1,1,0,0,0.887289570804412
"24692","1325","Ec_N",412,32,32,"Ec",16,1,1,1,1,0,0.93631405476465
"24693","1325","Ec_N",412,33,33,"Ec",16,1,1,1,1,0,0.93631405476465
"24694","1325","Ec_N",412,34,34,"Ec",16,1,1,1,1,0,0.93631405476465
"24695","1325","Ec_N",412,35,35,"Ec",16,1,1,1,1,0,0.93631405476465
"24696","1325","Ec_N",412,36,36,"Ec",16,1,1,1,1,0,0.93631405476465
"24697","1325","Ec_N",412,37,37,"Ec",16,1,1,1,1,0,0.93631405476465
"24698","1325","Ec_N",412,38,38,"Ec",16,1,1,1,1,0,0.93631405476465
"24699","1325","Ec_N",412,39,39,"Ec",16,1,1,1,1,0,0.93631405476465
"24700","1325","Ec_N",412,40,40,"Ec",16,1,1,1,1,0,0.93631405476465
"24701","1325","Ec_N",412,41,41,"Ec",16,1,1,1,1,0,0.93631405476465
"24702","1325","Ec_N",412,42,42,"Ec",16,1,1,1,1,0,0.93631405476465
"24703","1325","Ec_N",412,43,43,"Ec",16,1,1,1,1,0,0.93631405476465
"24704","1325","Ec_N",412,44,44,"Ec",16,1,1,1,1,0,0.93631405476465
"24705","1325","Ec_N",412,45,45,"Ec",16,1,1,1,1,0,0.93631405476465
"24706","1325","Ec_N",412,46,46,"Ec",16,1,1,1,1,0,0.93631405476465
"24707","1325","Ec_N",412,47,47,"Ec",16,1,1,1,1,0,0.93631405476465
"24708","1325","Ec_N",412,48,48,"Ec",16,1,1,1,1,0,0.93631405476465
"24709","1325","Ec_N",412,49,49,"Ec",16,1,1,1,1,0,0.93631405476465
"24710","1325","Ec_N",412,50,50,"Ec",32,1,1,1,1,1,1
"24711","1325","Ec_N",412,51,51,"Ec",32,1,1,1,1,1,1
"24712","1325","Ec_N",412,52,52,"Ec",32,1,1,1,1,1,1
"24713","1325","Ec_N",412,53,53,"Ec",32,1,1,1,1,1,1
"24714","1325","Ec_N",412,54,54,"Ec",32,1,1,1,1,1,1
"24715","1325","Ec_N",412,55,55,"Ec",32,1,1,1,1,1,1
"24716","1325","Ec_N",412,56,56,"Ec",32,1,1,1,1,1,1
"24717","1325","Ec_N",412,57,57,"Ec",32,1,1,1,1,1,1
"24718","1325","Ec_N",412,58,58,"Ec",32,1,1,1,1,1,1
"24719","1325","Ec_N",412,59,59,"Ec",32,1,1,1,1,1,1
"24720","1325","Ec_N",412,60,60,"Ec",32,1,1,1,1,1,1
"24721","1325","Ec_N",413,1,1,"Ec",1,0,0,0,0,0,0
"24722","1325","Ec_N",413,2,2,"Ec",1,0,0,0,0,0,0
"24723","1325","Ec_N",413,3,3,"Ec",2,1,0,0,0,0,0.3072222461044
"24724","1325","Ec_N",413,4,4,"Ec",4,1,1,0,0,0,0.727660542352217
"24725","1325","Ec_N",413,5,5,"Ec",4,1,1,0,0,0,0.727660542352217
"24726","1325","Ec_N",413,6,6,"Ec",4,1,1,0,0,0,0.727660542352217
"24727","1325","Ec_N",413,7,7,"Ec",4,1,1,0,0,0,0.727660542352217
"24728","1325","Ec_N",413,8,8,"Ec",4,1,1,0,0,0,0.727660542352217
"24729","1325","Ec_N",413,9,9,"Ec",4,1,1,0,0,0,0.727660542352217
"24730","1325","Ec_N",413,10,10,"Ec",4,1,1,0,0,0,0.727660542352217
"24731","1325","Ec_N",413,11,11,"Ec",4,1,1,0,0,0,0.727660542352217
"24732","1325","Ec_N",413,12,12,"Ec",4,1,1,0,0,0,0.727660542352217
"24733","1325","Ec_N",413,13,13,"Ec",4,1,1,0,0,0,0.727660542352217
"24734","1325","Ec_N",413,14,14,"Ec",4,1,1,0,0,0,0.727660542352217
"24735","1325","Ec_N",413,15,15,"Ec",4,1,1,0,0,0,0.727660542352217
"24736","1325","Ec_N",413,16,16,"Ec",8,1,1,1,0,0,0.887289570804412
"24737","1325","Ec_N",413,17,17,"Ec",8,1,1,1,0,0,0.887289570804412
"24738","1325","Ec_N",413,18,18,"Ec",8,1,1,1,0,0,0.887289570804412
"24739","1325","Ec_N",413,19,19,"Ec",8,1,1,1,0,0,0.887289570804412
"24740","1325","Ec_N",413,20,20,"Ec",8,1,1,1,0,0,0.887289570804412
"24741","1325","Ec_N",413,21,21,"Ec",8,1,1,1,0,0,0.887289570804412
"24742","1325","Ec_N",413,22,22,"Ec",8,1,1,1,0,0,0.887289570804412
"24743","1325","Ec_N",413,23,23,"Ec",8,1,1,1,0,0,0.887289570804412
"24744","1325","Ec_N",413,24,24,"Ec",8,1,1,1,0,0,0.887289570804412
"24745","1325","Ec_N",413,25,25,"Ec",8,1,1,1,0,0,0.887289570804412
"24746","1325","Ec_N",413,26,26,"Ec",8,1,1,1,0,0,0.887289570804412
"24747","1325","Ec_N",413,27,27,"Ec",8,1,1,1,0,0,0.887289570804412
"24748","1325","Ec_N",413,28,28,"Ec",8,1,1,1,0,0,0.887289570804412
"24749","1325","Ec_N",413,29,29,"Ec",8,1,1,1,0,0,0.887289570804412
"24750","1325","Ec_N",413,30,30,"Ec",8,1,1,1,0,0,0.887289570804412
"24751","1325","Ec_N",413,31,31,"Ec",8,1,1,1,0,0,0.887289570804412
"24752","1325","Ec_N",413,32,32,"Ec",8,1,1,1,0,0,0.887289570804412
"24753","1325","Ec_N",413,33,33,"Ec",8,1,1,1,0,0,0.887289570804412
"24754","1325","Ec_N",413,34,34,"Ec",8,1,1,1,0,0,0.887289570804412
"24755","1325","Ec_N",413,35,35,"Ec",8,1,1,1,0,0,0.887289570804412
"24756","1325","Ec_N",413,36,36,"Ec",8,1,1,1,0,0,0.887289570804412
"24757","1325","Ec_N",413,37,37,"Ec",8,1,1,1,0,0,0.887289570804412
"24758","1325","Ec_N",413,38,38,"Ec",8,1,1,1,0,0,0.887289570804412
"24759","1325","Ec_N",413,39,39,"Ec",8,1,1,1,0,0,0.887289570804412
"24760","1325","Ec_N",413,40,40,"Ec",8,1,1,1,0,0,0.887289570804412
"24761","1325","Ec_N",413,41,41,"Ec",8,1,1,1,0,0,0.887289570804412
"24762","1325","Ec_N",413,42,42,"Ec",8,1,1,1,0,0,0.887289570804412
"24763","1325","Ec_N",413,43,43,"Ec",8,1,1,1,0,0,0.887289570804412
"24764","1325","Ec_N",413,44,44,"Ec",8,1,1,1,0,0,0.887289570804412
"24765","1325","Ec_N",413,45,45,"Ec",8,1,1,1,0,0,0.887289570804412
"24766","1325","Ec_N",413,46,46,"Ec",8,1,1,1,0,0,0.887289570804412
"24767","1325","Ec_N",413,47,47,"Ec",8,1,1,1,0,0,0.887289570804412
"24768","1325","Ec_N",413,48,48,"Ec",8,1,1,1,0,0,0.887289570804412
"24769","1325","Ec_N",413,49,49,"Ec",8,1,1,1,0,0,0.887289570804412
"24770","1325","Ec_N",413,50,50,"Ec",8,1,1,1,0,0,0.887289570804412
"24771","1325","Ec_N",413,51,51,"Ec",8,1,1,1,0,0,0.887289570804412
"24772","1325","Ec_N",413,52,52,"Ec",8,1,1,1,0,0,0.887289570804412
"24773","1325","Ec_N",413,53,53,"Ec",8,1,1,1,0,0,0.887289570804412
"24774","1325","Ec_N",413,54,54,"Ec",8,1,1,1,0,0,0.887289570804412
"24775","1325","Ec_N",413,55,55,"Ec",8,1,1,1,0,0,0.887289570804412
"24776","1325","Ec_N",413,56,56,"Ec",8,1,1,1,0,0,0.887289570804412
"24777","1325","Ec_N",413,57,57,"Ec",8,1,1,1,0,0,0.887289570804412
"24778","1325","Ec_N",413,58,58,"Ec",8,1,1,1,0,0,0.887289570804412
"24779","1325","Ec_N",413,59,59,"Ec",8,1,1,1,0,0,0.887289570804412
"24780","1325","Ec_N",413,60,60,"Ec",8,1,1,1,0,0,0.887289570804412
"24781","1325","Ec_N",414,1,1,"Ec",1,0,0,0,0,0,0
"24782","1325","Ec_N",414,2,2,"Ec",1,0,0,0,0,0,0
"24783","1325","Ec_N",414,3,3,"Ec",1,0,0,0,0,0,0
"24784","1325","Ec_N",414,4,4,"Ec",1,0,0,0,0,0,0
"24785","1325","Ec_N",414,5,5,"Ec",1,0,0,0,0,0,0
"24786","1325","Ec_N",414,6,6,"Ec",3,0,1,0,0,0,0.420438296247818
"24787","1325","Ec_N",414,7,7,"Ec",11,0,1,0,1,0,0.503461616060769
"24788","1325","Ec_N",414,8,8,"Ec",12,1,1,0,1,0,0.776685026312455
"24789","1325","Ec_N",414,9,9,"Ec",12,1,1,0,1,0,0.776685026312455
"24790","1325","Ec_N",414,10,10,"Ec",12,1,1,0,1,0,0.776685026312455
"24791","1325","Ec_N",414,11,11,"Ec",12,1,1,0,1,0,0.776685026312455
"24792","1325","Ec_N",414,12,12,"Ec",12,1,1,0,1,0,0.776685026312455
"24793","1325","Ec_N",414,13,13,"Ec",12,1,1,0,1,0,0.776685026312455
"24794","1325","Ec_N",414,14,14,"Ec",12,1,1,0,1,0,0.776685026312455
"24795","1325","Ec_N",414,15,15,"Ec",12,1,1,0,1,0,0.776685026312455
"24796","1325","Ec_N",414,16,16,"Ec",12,1,1,0,1,0,0.776685026312455
"24797","1325","Ec_N",414,17,17,"Ec",12,1,1,0,1,0,0.776685026312455
"24798","1325","Ec_N",414,18,18,"Ec",12,1,1,0,1,0,0.776685026312455
"24799","1325","Ec_N",414,19,19,"Ec",12,1,1,0,1,0,0.776685026312455
"24800","1325","Ec_N",414,20,20,"Ec",12,1,1,0,1,0,0.776685026312455
"24801","1325","Ec_N",414,21,21,"Ec",12,1,1,0,1,0,0.776685026312455
"24802","1325","Ec_N",414,22,22,"Ec",12,1,1,0,1,0,0.776685026312455
"24803","1325","Ec_N",414,23,23,"Ec",12,1,1,0,1,0,0.776685026312455
"24804","1325","Ec_N",414,24,24,"Ec",12,1,1,0,1,0,0.776685026312455
"24805","1325","Ec_N",414,25,25,"Ec",12,1,1,0,1,0,0.776685026312455
"24806","1325","Ec_N",414,26,26,"Ec",12,1,1,0,1,0,0.776685026312455
"24807","1325","Ec_N",414,27,27,"Ec",12,1,1,0,1,0,0.776685026312455
"24808","1325","Ec_N",414,28,28,"Ec",28,1,1,0,1,1,0.815884725734249
"24809","1325","Ec_N",414,29,29,"Ec",28,1,1,0,1,1,0.815884725734249
"24810","1325","Ec_N",414,30,30,"Ec",28,1,1,0,1,1,0.815884725734249
"24811","1325","Ec_N",414,31,31,"Ec",28,1,1,0,1,1,0.815884725734249
"24812","1325","Ec_N",414,32,32,"Ec",28,1,1,0,1,1,0.815884725734249
"24813","1325","Ec_N",414,33,33,"Ec",28,1,1,0,1,1,0.815884725734249
"24814","1325","Ec_N",414,34,34,"Ec",28,1,1,0,1,1,0.815884725734249
"24815","1325","Ec_N",414,35,35,"Ec",28,1,1,0,1,1,0.815884725734249
"24816","1325","Ec_N",414,36,36,"Ec",28,1,1,0,1,1,0.815884725734249
"24817","1325","Ec_N",414,37,37,"Ec",28,1,1,0,1,1,0.815884725734249
"24818","1325","Ec_N",414,38,38,"Ec",28,1,1,0,1,1,0.815884725734249
"24819","1325","Ec_N",414,39,39,"Ec",28,1,1,0,1,1,0.815884725734249
"24820","1325","Ec_N",414,40,40,"Ec",28,1,1,0,1,1,0.815884725734249
"24821","1325","Ec_N",414,41,41,"Ec",28,1,1,0,1,1,0.815884725734249
"24822","1325","Ec_N",414,42,42,"Ec",28,1,1,0,1,1,0.815884725734249
"24823","1325","Ec_N",414,43,43,"Ec",28,1,1,0,1,1,0.815884725734249
"24824","1325","Ec_N",414,44,44,"Ec",28,1,1,0,1,1,0.815884725734249
"24825","1325","Ec_N",414,45,45,"Ec",28,1,1,0,1,1,0.815884725734249
"24826","1325","Ec_N",414,46,46,"Ec",28,1,1,0,1,1,0.815884725734249
"24827","1325","Ec_N",414,47,47,"Ec",28,1,1,0,1,1,0.815884725734249
"24828","1325","Ec_N",414,48,48,"Ec",28,1,1,0,1,1,0.815884725734249
"24829","1325","Ec_N",414,49,49,"Ec",28,1,1,0,1,1,0.815884725734249
"24830","1325","Ec_N",414,50,50,"Ec",28,1,1,0,1,1,0.815884725734249
"24831","1325","Ec_N",414,51,51,"Ec",28,1,1,0,1,1,0.815884725734249
"24832","1325","Ec_N",414,52,52,"Ec",28,1,1,0,1,1,0.815884725734249
"24833","1325","Ec_N",414,53,53,"Ec",28,1,1,0,1,1,0.815884725734249
"24834","1325","Ec_N",414,54,54,"Ec",28,1,1,0,1,1,0.815884725734249
"24835","1325","Ec_N",414,55,55,"Ec",32,1,1,1,1,1,1
"24836","1325","Ec_N",414,56,56,"Ec",32,1,1,1,1,1,1
"24837","1325","Ec_N",414,57,57,"Ec",32,1,1,1,1,1,1
"24838","1325","Ec_N",414,58,58,"Ec",32,1,1,1,1,1,1
"24839","1325","Ec_N",414,59,59,"Ec",32,1,1,1,1,1,1
"24840","1325","Ec_N",414,60,60,"Ec",32,1,1,1,1,1,1
"24841","1325","Ec_N",415,1,1,"Ec",1,0,0,0,0,0,0
"24842","1325","Ec_N",415,2,2,"Ec",1,0,0,0,0,0,0
"24843","1325","Ec_N",415,3,3,"Ec",1,0,0,0,0,0,0
"24844","1325","Ec_N",415,4,4,"Ec",1,0,0,0,0,0,0
"24845","1325","Ec_N",415,5,5,"Ec",9,0,0,0,1,0,0.0490244839602376
"24846","1325","Ec_N",415,6,6,"Ec",9,0,0,0,1,0,0.0490244839602376
"24847","1325","Ec_N",415,7,7,"Ec",9,0,0,0,1,0,0.0490244839602376
"24848","1325","Ec_N",415,8,8,"Ec",9,0,0,0,1,0,0.0490244839602376
"24849","1325","Ec_N",415,9,9,"Ec",9,0,0,0,1,0,0.0490244839602376
"24850","1325","Ec_N",415,10,10,"Ec",9,0,0,0,1,0,0.0490244839602376
"24851","1325","Ec_N",415,11,11,"Ec",9,0,0,0,1,0,0.0490244839602376
"24852","1325","Ec_N",415,12,12,"Ec",9,0,0,0,1,0,0.0490244839602376
"24853","1325","Ec_N",415,13,13,"Ec",9,0,0,0,1,0,0.0490244839602376
"24854","1325","Ec_N",415,14,14,"Ec",9,0,0,0,1,0,0.0490244839602376
"24855","1325","Ec_N",415,15,15,"Ec",25,0,0,0,1,1,0.112710429195588
"24856","1325","Ec_N",415,16,16,"Ec",25,0,0,0,1,1,0.112710429195588
"24857","1325","Ec_N",415,17,17,"Ec",25,0,0,0,1,1,0.112710429195588
"24858","1325","Ec_N",415,18,18,"Ec",27,0,1,0,1,1,0.533148725443406
"24859","1325","Ec_N",415,19,19,"Ec",27,0,1,0,1,1,0.533148725443406
"24860","1325","Ec_N",415,20,20,"Ec",27,0,1,0,1,1,0.533148725443406
"24861","1325","Ec_N",415,21,21,"Ec",27,0,1,0,1,1,0.533148725443406
"24862","1325","Ec_N",415,22,22,"Ec",27,0,1,0,1,1,0.533148725443406
"24863","1325","Ec_N",415,23,23,"Ec",27,0,1,0,1,1,0.533148725443406
"24864","1325","Ec_N",415,24,24,"Ec",27,0,1,0,1,1,0.533148725443406
"24865","1325","Ec_N",415,25,25,"Ec",27,0,1,0,1,1,0.533148725443406
"24866","1325","Ec_N",415,26,26,"Ec",27,0,1,0,1,1,0.533148725443406
"24867","1325","Ec_N",415,27,27,"Ec",27,0,1,0,1,1,0.533148725443406
"24868","1325","Ec_N",415,28,28,"Ec",27,0,1,0,1,1,0.533148725443406
"24869","1325","Ec_N",415,29,29,"Ec",27,0,1,0,1,1,0.533148725443406
"24870","1325","Ec_N",415,30,30,"Ec",27,0,1,0,1,1,0.533148725443406
"24871","1325","Ec_N",415,31,31,"Ec",27,0,1,0,1,1,0.533148725443406
"24872","1325","Ec_N",415,32,32,"Ec",27,0,1,0,1,1,0.533148725443406
"24873","1325","Ec_N",415,33,33,"Ec",27,0,1,0,1,1,0.533148725443406
"24874","1325","Ec_N",415,34,34,"Ec",27,0,1,0,1,1,0.533148725443406
"24875","1325","Ec_N",415,35,35,"Ec",27,0,1,0,1,1,0.533148725443406
"24876","1325","Ec_N",415,36,36,"Ec",27,0,1,0,1,1,0.533148725443406
"24877","1325","Ec_N",415,37,37,"Ec",27,0,1,0,1,1,0.533148725443406
"24878","1325","Ec_N",415,38,38,"Ec",31,0,1,1,1,1,0.6927777538956
"24879","1325","Ec_N",415,39,39,"Ec",31,0,1,1,1,1,0.6927777538956
"24880","1325","Ec_N",415,40,40,"Ec",31,0,1,1,1,1,0.6927777538956
"24881","1325","Ec_N",415,41,41,"Ec",31,0,1,1,1,1,0.6927777538956
"24882","1325","Ec_N",415,42,42,"Ec",31,0,1,1,1,1,0.6927777538956
"24883","1325","Ec_N",415,43,43,"Ec",31,0,1,1,1,1,0.6927777538956
"24884","1325","Ec_N",415,44,44,"Ec",31,0,1,1,1,1,0.6927777538956
"24885","1325","Ec_N",415,45,45,"Ec",31,0,1,1,1,1,0.6927777538956
"24886","1325","Ec_N",415,46,46,"Ec",31,0,1,1,1,1,0.6927777538956
"24887","1325","Ec_N",415,47,47,"Ec",31,0,1,1,1,1,0.6927777538956
"24888","1325","Ec_N",415,48,48,"Ec",31,0,1,1,1,1,0.6927777538956
"24889","1325","Ec_N",415,49,49,"Ec",31,0,1,1,1,1,0.6927777538956
"24890","1325","Ec_N",415,50,50,"Ec",32,1,1,1,1,1,1
"24891","1325","Ec_N",415,51,51,"Ec",32,1,1,1,1,1,1
"24892","1325","Ec_N",415,52,52,"Ec",32,1,1,1,1,1,1
"24893","1325","Ec_N",415,53,53,"Ec",32,1,1,1,1,1,1
"24894","1325","Ec_N",415,54,54,"Ec",32,1,1,1,1,1,1
"24895","1325","Ec_N",415,55,55,"Ec",32,1,1,1,1,1,1
"24896","1325","Ec_N",415,56,56,"Ec",32,1,1,1,1,1,1
"24897","1325","Ec_N",415,57,57,"Ec",32,1,1,1,1,1,1
"24898","1325","Ec_N",415,58,58,"Ec",32,1,1,1,1,1,1
"24899","1325","Ec_N",415,59,59,"Ec",32,1,1,1,1,1,1
"24900","1325","Ec_N",415,60,60,"Ec",32,1,1,1,1,1,1
"24901","1325","Ec_N",416,1,1,"Ec",1,0,0,0,0,0,0
"24902","1325","Ec_N",416,2,2,"Ec",1,0,0,0,0,0,0
"24903","1325","Ec_N",416,3,3,"Ec",1,0,0,0,0,0,0
"24904","1325","Ec_N",416,4,4,"Ec",9,0,0,0,1,0,0.0490244839602376
"24905","1325","Ec_N",416,5,5,"Ec",9,0,0,0,1,0,0.0490244839602376
"24906","1325","Ec_N",416,6,6,"Ec",9,0,0,0,1,0,0.0490244839602376
"24907","1325","Ec_N",416,7,7,"Ec",9,0,0,0,1,0,0.0490244839602376
"24908","1325","Ec_N",416,8,8,"Ec",9,0,0,0,1,0,0.0490244839602376
"24909","1325","Ec_N",416,9,9,"Ec",10,1,0,0,1,0,0.356246730064637
"24910","1325","Ec_N",416,10,10,"Ec",10,1,0,0,1,0,0.356246730064637
"24911","1325","Ec_N",416,11,11,"Ec",10,1,0,0,1,0,0.356246730064637
"24912","1325","Ec_N",416,12,12,"Ec",10,1,0,0,1,0,0.356246730064637
"24913","1325","Ec_N",416,13,13,"Ec",10,1,0,0,1,0,0.356246730064637
"24914","1325","Ec_N",416,14,14,"Ec",10,1,0,0,1,0,0.356246730064637
"24915","1325","Ec_N",416,15,15,"Ec",14,1,0,1,1,0,0.479175264165032
"24916","1325","Ec_N",416,16,16,"Ec",14,1,0,1,1,0,0.479175264165032
"24917","1325","Ec_N",416,17,17,"Ec",14,1,0,1,1,0,0.479175264165032
"24918","1325","Ec_N",416,18,18,"Ec",14,1,0,1,1,0,0.479175264165032
"24919","1325","Ec_N",416,19,19,"Ec",30,1,0,1,1,1,0.579561703752182
"24920","1325","Ec_N",416,20,20,"Ec",30,1,0,1,1,1,0.579561703752182
"24921","1325","Ec_N",416,21,21,"Ec",30,1,0,1,1,1,0.579561703752182
"24922","1325","Ec_N",416,22,22,"Ec",30,1,0,1,1,1,0.579561703752182
"24923","1325","Ec_N",416,23,23,"Ec",30,1,0,1,1,1,0.579561703752182
"24924","1325","Ec_N",416,24,24,"Ec",30,1,0,1,1,1,0.579561703752182
"24925","1325","Ec_N",416,25,25,"Ec",30,1,0,1,1,1,0.579561703752182
"24926","1325","Ec_N",416,26,26,"Ec",30,1,0,1,1,1,0.579561703752182
"24927","1325","Ec_N",416,27,27,"Ec",30,1,0,1,1,1,0.579561703752182
"24928","1325","Ec_N",416,28,28,"Ec",30,1,0,1,1,1,0.579561703752182
"24929","1325","Ec_N",416,29,29,"Ec",30,1,0,1,1,1,0.579561703752182
"24930","1325","Ec_N",416,30,30,"Ec",30,1,0,1,1,1,0.579561703752182
"24931","1325","Ec_N",416,31,31,"Ec",30,1,0,1,1,1,0.579561703752182
"24932","1325","Ec_N",416,32,32,"Ec",32,1,1,1,1,1,1
"24933","1325","Ec_N",416,33,33,"Ec",32,1,1,1,1,1,1
"24934","1325","Ec_N",416,34,34,"Ec",32,1,1,1,1,1,1
"24935","1325","Ec_N",416,35,35,"Ec",32,1,1,1,1,1,1
"24936","1325","Ec_N",416,36,36,"Ec",32,1,1,1,1,1,1
"24937","1325","Ec_N",416,37,37,"Ec",32,1,1,1,1,1,1
"24938","1325","Ec_N",416,38,38,"Ec",32,1,1,1,1,1,1
"24939","1325","Ec_N",416,39,39,"Ec",32,1,1,1,1,1,1
"24940","1325","Ec_N",416,40,40,"Ec",32,1,1,1,1,1,1
"24941","1325","Ec_N",416,41,41,"Ec",32,1,1,1,1,1,1
"24942","1325","Ec_N",416,42,42,"Ec",32,1,1,1,1,1,1
"24943","1325","Ec_N",416,43,43,"Ec",32,1,1,1,1,1,1
"24944","1325","Ec_N",416,44,44,"Ec",32,1,1,1,1,1,1
"24945","1325","Ec_N",416,45,45,"Ec",32,1,1,1,1,1,1
"24946","1325","Ec_N",416,46,46,"Ec",32,1,1,1,1,1,1
"24947","1325","Ec_N",416,47,47,"Ec",32,1,1,1,1,1,1
"24948","1325","Ec_N",416,48,48,"Ec",32,1,1,1,1,1,1
"24949","1325","Ec_N",416,49,49,"Ec",32,1,1,1,1,1,1
"24950","1325","Ec_N",416,50,50,"Ec",32,1,1,1,1,1,1
"24951","1325","Ec_N",416,51,51,"Ec",32,1,1,1,1,1,1
"24952","1325","Ec_N",416,52,52,"Ec",32,1,1,1,1,1,1
"24953","1325","Ec_N",416,53,53,"Ec",32,1,1,1,1,1,1
"24954","1325","Ec_N",416,54,54,"Ec",32,1,1,1,1,1,1
"24955","1325","Ec_N",416,55,55,"Ec",32,1,1,1,1,1,1
"24956","1325","Ec_N",416,56,56,"Ec",32,1,1,1,1,1,1
"24957","1325","Ec_N",416,57,57,"Ec",32,1,1,1,1,1,1
"24958","1325","Ec_N",416,58,58,"Ec",32,1,1,1,1,1,1
"24959","1325","Ec_N",416,59,59,"Ec",32,1,1,1,1,1,1
"24960","1325","Ec_N",416,60,60,"Ec",32,1,1,1,1,1,1
"24961","1325","Ec_N",417,1,1,"Ec",1,0,0,0,0,0,0
"24962","1325","Ec_N",417,2,2,"Ec",1,0,0,0,0,0,0
"24963","1325","Ec_N",417,3,3,"Ec",1,0,0,0,0,0,0
"24964","1325","Ec_N",417,4,4,"Ec",1,0,0,0,0,0,0
"24965","1325","Ec_N",417,5,5,"Ec",1,0,0,0,0,0,0
"24966","1325","Ec_N",417,6,6,"Ec",1,0,0,0,0,0,0
"24967","1325","Ec_N",417,7,7,"Ec",1,0,0,0,0,0,0
"24968","1325","Ec_N",417,8,8,"Ec",1,0,0,0,0,0,0
"24969","1325","Ec_N",417,9,9,"Ec",1,0,0,0,0,0,0
"24970","1325","Ec_N",417,10,10,"Ec",1,0,0,0,0,0,0
"24971","1325","Ec_N",417,11,11,"Ec",1,0,0,0,0,0,0
"24972","1325","Ec_N",417,12,12,"Ec",1,0,0,0,0,0,0
"24973","1325","Ec_N",417,13,13,"Ec",1,0,0,0,0,0,0
"24974","1325","Ec_N",417,14,14,"Ec",1,0,0,0,0,0,0
"24975","1325","Ec_N",417,15,15,"Ec",9,0,0,0,1,0,0.0490244839602376
"24976","1325","Ec_N",417,16,16,"Ec",25,0,0,0,1,1,0.112710429195588
"24977","1325","Ec_N",417,17,17,"Ec",25,0,0,0,1,1,0.112710429195588
"24978","1325","Ec_N",417,18,18,"Ec",25,0,0,0,1,1,0.112710429195588
"24979","1325","Ec_N",417,19,19,"Ec",25,0,0,0,1,1,0.112710429195588
"24980","1325","Ec_N",417,20,20,"Ec",25,0,0,0,1,1,0.112710429195588
"24981","1325","Ec_N",417,21,21,"Ec",25,0,0,0,1,1,0.112710429195588
"24982","1325","Ec_N",417,22,22,"Ec",26,1,0,0,1,1,0.419932675299988
"24983","1325","Ec_N",417,23,23,"Ec",26,1,0,0,1,1,0.419932675299988
"24984","1325","Ec_N",417,24,24,"Ec",26,1,0,0,1,1,0.419932675299988
"24985","1325","Ec_N",417,25,25,"Ec",26,1,0,0,1,1,0.419932675299988
"24986","1325","Ec_N",417,26,26,"Ec",26,1,0,0,1,1,0.419932675299988
"24987","1325","Ec_N",417,27,27,"Ec",26,1,0,0,1,1,0.419932675299988
"24988","1325","Ec_N",417,28,28,"Ec",26,1,0,0,1,1,0.419932675299988
"24989","1325","Ec_N",417,29,29,"Ec",26,1,0,0,1,1,0.419932675299988
"24990","1325","Ec_N",417,30,30,"Ec",26,1,0,0,1,1,0.419932675299988
"24991","1325","Ec_N",417,31,31,"Ec",26,1,0,0,1,1,0.419932675299988
"24992","1325","Ec_N",417,32,32,"Ec",26,1,0,0,1,1,0.419932675299988
"24993","1325","Ec_N",417,33,33,"Ec",26,1,0,0,1,1,0.419932675299988
"24994","1325","Ec_N",417,34,34,"Ec",26,1,0,0,1,1,0.419932675299988
"24995","1325","Ec_N",417,35,35,"Ec",26,1,0,0,1,1,0.419932675299988
"24996","1325","Ec_N",417,36,36,"Ec",26,1,0,0,1,1,0.419932675299988
"24997","1325","Ec_N",417,37,37,"Ec",26,1,0,0,1,1,0.419932675299988
"24998","1325","Ec_N",417,38,38,"Ec",26,1,0,0,1,1,0.419932675299988
"24999","1325","Ec_N",417,39,39,"Ec",26,1,0,0,1,1,0.419932675299988
"25000","1325","Ec_N",417,40,40,"Ec",26,1,0,0,1,1,0.419932675299988
"25001","1325","Ec_N",417,41,41,"Ec",26,1,0,0,1,1,0.419932675299988
"25002","1325","Ec_N",417,42,42,"Ec",26,1,0,0,1,1,0.419932675299988
"25003","1325","Ec_N",417,43,43,"Ec",28,1,1,0,1,1,0.815884725734249
"25004","1325","Ec_N",417,44,44,"Ec",28,1,1,0,1,1,0.815884725734249
"25005","1325","Ec_N",417,45,45,"Ec",28,1,1,0,1,1,0.815884725734249
"25006","1325","Ec_N",417,46,46,"Ec",28,1,1,0,1,1,0.815884725734249
"25007","1325","Ec_N",417,47,47,"Ec",28,1,1,0,1,1,0.815884725734249
"25008","1325","Ec_N",417,48,48,"Ec",32,1,1,1,1,1,1
"25009","1325","Ec_N",417,49,49,"Ec",32,1,1,1,1,1,1
"25010","1325","Ec_N",417,50,50,"Ec",32,1,1,1,1,1,1
"25011","1325","Ec_N",417,51,51,"Ec",32,1,1,1,1,1,1
"25012","1325","Ec_N",417,52,52,"Ec",32,1,1,1,1,1,1
"25013","1325","Ec_N",417,53,53,"Ec",32,1,1,1,1,1,1
"25014","1325","Ec_N",417,54,54,"Ec",32,1,1,1,1,1,1
"25015","1325","Ec_N",417,55,55,"Ec",32,1,1,1,1,1,1
"25016","1325","Ec_N",417,56,56,"Ec",32,1,1,1,1,1,1
"25017","1325","Ec_N",417,57,57,"Ec",32,1,1,1,1,1,1
"25018","1325","Ec_N",417,58,58,"Ec",32,1,1,1,1,1,1
"25019","1325","Ec_N",417,59,59,"Ec",32,1,1,1,1,1,1
"25020","1325","Ec_N",417,60,60,"Ec",32,1,1,1,1,1,1
"25021","1325","Ec_N",418,1,1,"Ec",1,0,0,0,0,0,0
"25022","1325","Ec_N",418,2,2,"Ec",1,0,0,0,0,0,0
"25023","1325","Ec_N",418,3,3,"Ec",1,0,0,0,0,0,0
"25024","1325","Ec_N",418,4,4,"Ec",1,0,0,0,0,0,0
"25025","1325","Ec_N",418,5,5,"Ec",1,0,0,0,0,0,0
"25026","1325","Ec_N",418,6,6,"Ec",3,0,1,0,0,0,0.420438296247818
"25027","1325","Ec_N",418,7,7,"Ec",4,1,1,0,0,0,0.727660542352217
"25028","1325","Ec_N",418,8,8,"Ec",4,1,1,0,0,0,0.727660542352217
"25029","1325","Ec_N",418,9,9,"Ec",4,1,1,0,0,0,0.727660542352217
"25030","1325","Ec_N",418,10,10,"Ec",8,1,1,1,0,0,0.887289570804412
"25031","1325","Ec_N",418,11,11,"Ec",16,1,1,1,1,0,0.93631405476465
"25032","1325","Ec_N",418,12,12,"Ec",16,1,1,1,1,0,0.93631405476465
"25033","1325","Ec_N",418,13,13,"Ec",16,1,1,1,1,0,0.93631405476465
"25034","1325","Ec_N",418,14,14,"Ec",16,1,1,1,1,0,0.93631405476465
"25035","1325","Ec_N",418,15,15,"Ec",16,1,1,1,1,0,0.93631405476465
"25036","1325","Ec_N",418,16,16,"Ec",16,1,1,1,1,0,0.93631405476465
"25037","1325","Ec_N",418,17,17,"Ec",16,1,1,1,1,0,0.93631405476465
"25038","1325","Ec_N",418,18,18,"Ec",16,1,1,1,1,0,0.93631405476465
"25039","1325","Ec_N",418,19,19,"Ec",16,1,1,1,1,0,0.93631405476465
"25040","1325","Ec_N",418,20,20,"Ec",16,1,1,1,1,0,0.93631405476465
"25041","1325","Ec_N",418,21,21,"Ec",16,1,1,1,1,0,0.93631405476465
"25042","1325","Ec_N",418,22,22,"Ec",16,1,1,1,1,0,0.93631405476465
"25043","1325","Ec_N",418,23,23,"Ec",16,1,1,1,1,0,0.93631405476465
"25044","1325","Ec_N",418,24,24,"Ec",16,1,1,1,1,0,0.93631405476465
"25045","1325","Ec_N",418,25,25,"Ec",16,1,1,1,1,0,0.93631405476465
"25046","1325","Ec_N",418,26,26,"Ec",16,1,1,1,1,0,0.93631405476465
"25047","1325","Ec_N",418,27,27,"Ec",16,1,1,1,1,0,0.93631405476465
"25048","1325","Ec_N",418,28,28,"Ec",16,1,1,1,1,0,0.93631405476465
"25049","1325","Ec_N",418,29,29,"Ec",16,1,1,1,1,0,0.93631405476465
"25050","1325","Ec_N",418,30,30,"Ec",16,1,1,1,1,0,0.93631405476465
"25051","1325","Ec_N",418,31,31,"Ec",16,1,1,1,1,0,0.93631405476465
"25052","1325","Ec_N",418,32,32,"Ec",16,1,1,1,1,0,0.93631405476465
"25053","1325","Ec_N",418,33,33,"Ec",16,1,1,1,1,0,0.93631405476465
"25054","1325","Ec_N",418,34,34,"Ec",16,1,1,1,1,0,0.93631405476465
"25055","1325","Ec_N",418,35,35,"Ec",16,1,1,1,1,0,0.93631405476465
"25056","1325","Ec_N",418,36,36,"Ec",16,1,1,1,1,0,0.93631405476465
"25057","1325","Ec_N",418,37,37,"Ec",16,1,1,1,1,0,0.93631405476465
"25058","1325","Ec_N",418,38,38,"Ec",16,1,1,1,1,0,0.93631405476465
"25059","1325","Ec_N",418,39,39,"Ec",16,1,1,1,1,0,0.93631405476465
"25060","1325","Ec_N",418,40,40,"Ec",16,1,1,1,1,0,0.93631405476465
"25061","1325","Ec_N",418,41,41,"Ec",16,1,1,1,1,0,0.93631405476465
"25062","1325","Ec_N",418,42,42,"Ec",16,1,1,1,1,0,0.93631405476465
"25063","1325","Ec_N",418,43,43,"Ec",16,1,1,1,1,0,0.93631405476465
"25064","1325","Ec_N",418,44,44,"Ec",16,1,1,1,1,0,0.93631405476465
"25065","1325","Ec_N",418,45,45,"Ec",16,1,1,1,1,0,0.93631405476465
"25066","1325","Ec_N",418,46,46,"Ec",16,1,1,1,1,0,0.93631405476465
"25067","1325","Ec_N",418,47,47,"Ec",16,1,1,1,1,0,0.93631405476465
"25068","1325","Ec_N",418,48,48,"Ec",16,1,1,1,1,0,0.93631405476465
"25069","1325","Ec_N",418,49,49,"Ec",16,1,1,1,1,0,0.93631405476465
"25070","1325","Ec_N",418,50,50,"Ec",16,1,1,1,1,0,0.93631405476465
"25071","1325","Ec_N",418,51,51,"Ec",16,1,1,1,1,0,0.93631405476465
"25072","1325","Ec_N",418,52,52,"Ec",16,1,1,1,1,0,0.93631405476465
"25073","1325","Ec_N",418,53,53,"Ec",16,1,1,1,1,0,0.93631405476465
"25074","1325","Ec_N",418,54,54,"Ec",16,1,1,1,1,0,0.93631405476465
"25075","1325","Ec_N",418,55,55,"Ec",16,1,1,1,1,0,0.93631405476465
"25076","1325","Ec_N",418,56,56,"Ec",16,1,1,1,1,0,0.93631405476465
"25077","1325","Ec_N",418,57,57,"Ec",16,1,1,1,1,0,0.93631405476465
"25078","1325","Ec_N",418,58,58,"Ec",16,1,1,1,1,0,0.93631405476465
"25079","1325","Ec_N",418,59,59,"Ec",16,1,1,1,1,0,0.93631405476465
"25080","1325","Ec_N",418,60,60,"Ec",16,1,1,1,1,0,0.93631405476465
"25081","1325","Ec_N",419,1,1,"Ec",1,0,0,0,0,0,0
"25082","1325","Ec_N",419,2,2,"Ec",1,0,0,0,0,0,0
"25083","1325","Ec_N",419,3,3,"Ec",1,0,0,0,0,0,0
"25084","1325","Ec_N",419,4,4,"Ec",1,0,0,0,0,0,0
"25085","1325","Ec_N",419,5,5,"Ec",17,0,0,0,0,1,0.0636859452353503
"25086","1325","Ec_N",419,6,6,"Ec",17,0,0,0,0,1,0.0636859452353503
"25087","1325","Ec_N",419,7,7,"Ec",17,0,0,0,0,1,0.0636859452353503
"25088","1325","Ec_N",419,8,8,"Ec",18,1,0,0,0,1,0.37090819133975
"25089","1325","Ec_N",419,9,9,"Ec",18,1,0,0,0,1,0.37090819133975
"25090","1325","Ec_N",419,10,10,"Ec",18,1,0,0,0,1,0.37090819133975
"25091","1325","Ec_N",419,11,11,"Ec",18,1,0,0,0,1,0.37090819133975
"25092","1325","Ec_N",419,12,12,"Ec",18,1,0,0,0,1,0.37090819133975
"25093","1325","Ec_N",419,13,13,"Ec",18,1,0,0,0,1,0.37090819133975
"25094","1325","Ec_N",419,14,14,"Ec",26,1,0,0,1,1,0.419932675299988
"25095","1325","Ec_N",419,15,15,"Ec",26,1,0,0,1,1,0.419932675299988
"25096","1325","Ec_N",419,16,16,"Ec",26,1,0,0,1,1,0.419932675299988
"25097","1325","Ec_N",419,17,17,"Ec",26,1,0,0,1,1,0.419932675299988
"25098","1325","Ec_N",419,18,18,"Ec",26,1,0,0,1,1,0.419932675299988
"25099","1325","Ec_N",419,19,19,"Ec",26,1,0,0,1,1,0.419932675299988
"25100","1325","Ec_N",419,20,20,"Ec",26,1,0,0,1,1,0.419932675299988
"25101","1325","Ec_N",419,21,21,"Ec",26,1,0,0,1,1,0.419932675299988
"25102","1325","Ec_N",419,22,22,"Ec",26,1,0,0,1,1,0.419932675299988
"25103","1325","Ec_N",419,23,23,"Ec",26,1,0,0,1,1,0.419932675299988
"25104","1325","Ec_N",419,24,24,"Ec",26,1,0,0,1,1,0.419932675299988
"25105","1325","Ec_N",419,25,25,"Ec",26,1,0,0,1,1,0.419932675299988
"25106","1325","Ec_N",419,26,26,"Ec",26,1,0,0,1,1,0.419932675299988
"25107","1325","Ec_N",419,27,27,"Ec",26,1,0,0,1,1,0.419932675299988
"25108","1325","Ec_N",419,28,28,"Ec",26,1,0,0,1,1,0.419932675299988
"25109","1325","Ec_N",419,29,29,"Ec",26,1,0,0,1,1,0.419932675299988
"25110","1325","Ec_N",419,30,30,"Ec",30,1,0,1,1,1,0.579561703752182
"25111","1325","Ec_N",419,31,31,"Ec",30,1,0,1,1,1,0.579561703752182
"25112","1325","Ec_N",419,32,32,"Ec",30,1,0,1,1,1,0.579561703752182
"25113","1325","Ec_N",419,33,33,"Ec",30,1,0,1,1,1,0.579561703752182
"25114","1325","Ec_N",419,34,34,"Ec",30,1,0,1,1,1,0.579561703752182
"25115","1325","Ec_N",419,35,35,"Ec",30,1,0,1,1,1,0.579561703752182
"25116","1325","Ec_N",419,36,36,"Ec",30,1,0,1,1,1,0.579561703752182
"25117","1325","Ec_N",419,37,37,"Ec",32,1,1,1,1,1,1
"25118","1325","Ec_N",419,38,38,"Ec",32,1,1,1,1,1,1
"25119","1325","Ec_N",419,39,39,"Ec",32,1,1,1,1,1,1
"25120","1325","Ec_N",419,40,40,"Ec",32,1,1,1,1,1,1
"25121","1325","Ec_N",419,41,41,"Ec",32,1,1,1,1,1,1
"25122","1325","Ec_N",419,42,42,"Ec",32,1,1,1,1,1,1
"25123","1325","Ec_N",419,43,43,"Ec",32,1,1,1,1,1,1
"25124","1325","Ec_N",419,44,44,"Ec",32,1,1,1,1,1,1
"25125","1325","Ec_N",419,45,45,"Ec",32,1,1,1,1,1,1
"25126","1325","Ec_N",419,46,46,"Ec",32,1,1,1,1,1,1
"25127","1325","Ec_N",419,47,47,"Ec",32,1,1,1,1,1,1
"25128","1325","Ec_N",419,48,48,"Ec",32,1,1,1,1,1,1
"25129","1325","Ec_N",419,49,49,"Ec",32,1,1,1,1,1,1
"25130","1325","Ec_N",419,50,50,"Ec",32,1,1,1,1,1,1
"25131","1325","Ec_N",419,51,51,"Ec",32,1,1,1,1,1,1
"25132","1325","Ec_N",419,52,52,"Ec",32,1,1,1,1,1,1
"25133","1325","Ec_N",419,53,53,"Ec",32,1,1,1,1,1,1
"25134","1325","Ec_N",419,54,54,"Ec",32,1,1,1,1,1,1
"25135","1325","Ec_N",419,55,55,"Ec",32,1,1,1,1,1,1
"25136","1325","Ec_N",419,56,56,"Ec",32,1,1,1,1,1,1
"25137","1325","Ec_N",419,57,57,"Ec",32,1,1,1,1,1,1
"25138","1325","Ec_N",419,58,58,"Ec",32,1,1,1,1,1,1
"25139","1325","Ec_N",419,59,59,"Ec",32,1,1,1,1,1,1
"25140","1325","Ec_N",419,60,60,"Ec",32,1,1,1,1,1,1
"25141","1325","Ec_N",420,1,1,"Ec",1,0,0,0,0,0,0
"25142","1325","Ec_N",420,2,2,"Ec",1,0,0,0,0,0,0
"25143","1325","Ec_N",420,3,3,"Ec",5,0,0,1,0,0,0.159629028452195
"25144","1325","Ec_N",420,4,4,"Ec",5,0,0,1,0,0,0.159629028452195
"25145","1325","Ec_N",420,5,5,"Ec",5,0,0,1,0,0,0.159629028452195
"25146","1325","Ec_N",420,6,6,"Ec",5,0,0,1,0,0,0.159629028452195
"25147","1325","Ec_N",420,7,7,"Ec",5,0,0,1,0,0,0.159629028452195
"25148","1325","Ec_N",420,8,8,"Ec",5,0,0,1,0,0,0.159629028452195
"25149","1325","Ec_N",420,9,9,"Ec",5,0,0,1,0,0,0.159629028452195
"25150","1325","Ec_N",420,10,10,"Ec",5,0,0,1,0,0,0.159629028452195
"25151","1325","Ec_N",420,11,11,"Ec",13,0,0,1,1,0,0.208653512412432
"25152","1325","Ec_N",420,12,12,"Ec",13,0,0,1,1,0,0.208653512412432
"25153","1325","Ec_N",420,13,13,"Ec",13,0,0,1,1,0,0.208653512412432
"25154","1325","Ec_N",420,14,14,"Ec",13,0,0,1,1,0,0.208653512412432
"25155","1325","Ec_N",420,15,15,"Ec",13,0,0,1,1,0,0.208653512412432
"25156","1325","Ec_N",420,16,16,"Ec",13,0,0,1,1,0,0.208653512412432
"25157","1325","Ec_N",420,17,17,"Ec",13,0,0,1,1,0,0.208653512412432
"25158","1325","Ec_N",420,18,18,"Ec",13,0,0,1,1,0,0.208653512412432
"25159","1325","Ec_N",420,19,19,"Ec",13,0,0,1,1,0,0.208653512412432
"25160","1325","Ec_N",420,20,20,"Ec",13,0,0,1,1,0,0.208653512412432
"25161","1325","Ec_N",420,21,21,"Ec",13,0,0,1,1,0,0.208653512412432
"25162","1325","Ec_N",420,22,22,"Ec",13,0,0,1,1,0,0.208653512412432
"25163","1325","Ec_N",420,23,23,"Ec",13,0,0,1,1,0,0.208653512412432
"25164","1325","Ec_N",420,24,24,"Ec",15,0,1,1,1,0,0.62909180866025
"25165","1325","Ec_N",420,25,25,"Ec",15,0,1,1,1,0,0.62909180866025
"25166","1325","Ec_N",420,26,26,"Ec",15,0,1,1,1,0,0.62909180866025
"25167","1325","Ec_N",420,27,27,"Ec",16,1,1,1,1,0,0.93631405476465
"25168","1325","Ec_N",420,28,28,"Ec",16,1,1,1,1,0,0.93631405476465
"25169","1325","Ec_N",420,29,29,"Ec",16,1,1,1,1,0,0.93631405476465
"25170","1325","Ec_N",420,30,30,"Ec",32,1,1,1,1,1,1
"25171","1325","Ec_N",420,31,31,"Ec",32,1,1,1,1,1,1
"25172","1325","Ec_N",420,32,32,"Ec",32,1,1,1,1,1,1
"25173","1325","Ec_N",420,33,33,"Ec",32,1,1,1,1,1,1
"25174","1325","Ec_N",420,34,34,"Ec",32,1,1,1,1,1,1
"25175","1325","Ec_N",420,35,35,"Ec",32,1,1,1,1,1,1
"25176","1325","Ec_N",420,36,36,"Ec",32,1,1,1,1,1,1
"25177","1325","Ec_N",420,37,37,"Ec",32,1,1,1,1,1,1
"25178","1325","Ec_N",420,38,38,"Ec",32,1,1,1,1,1,1
"25179","1325","Ec_N",420,39,39,"Ec",32,1,1,1,1,1,1
"25180","1325","Ec_N",420,40,40,"Ec",32,1,1,1,1,1,1
"25181","1325","Ec_N",420,41,41,"Ec",32,1,1,1,1,1,1
"25182","1325","Ec_N",420,42,42,"Ec",32,1,1,1,1,1,1
"25183","1325","Ec_N",420,43,43,"Ec",32,1,1,1,1,1,1
"25184","1325","Ec_N",420,44,44,"Ec",32,1,1,1,1,1,1
"25185","1325","Ec_N",420,45,45,"Ec",32,1,1,1,1,1,1
"25186","1325","Ec_N",420,46,46,"Ec",32,1,1,1,1,1,1
"25187","1325","Ec_N",420,47,47,"Ec",32,1,1,1,1,1,1
"25188","1325","Ec_N",420,48,48,"Ec",32,1,1,1,1,1,1
"25189","1325","Ec_N",420,49,49,"Ec",32,1,1,1,1,1,1
"25190","1325","Ec_N",420,50,50,"Ec",32,1,1,1,1,1,1
"25191","1325","Ec_N",420,51,51,"Ec",32,1,1,1,1,1,1
"25192","1325","Ec_N",420,52,52,"Ec",32,1,1,1,1,1,1
"25193","1325","Ec_N",420,53,53,"Ec",32,1,1,1,1,1,1
"25194","1325","Ec_N",420,54,54,"Ec",32,1,1,1,1,1,1
"25195","1325","Ec_N",420,55,55,"Ec",32,1,1,1,1,1,1
"25196","1325","Ec_N",420,56,56,"Ec",32,1,1,1,1,1,1
"25197","1325","Ec_N",420,57,57,"Ec",32,1,1,1,1,1,1
"25198","1325","Ec_N",420,58,58,"Ec",32,1,1,1,1,1,1
"25199","1325","Ec_N",420,59,59,"Ec",32,1,1,1,1,1,1
"25200","1325","Ec_N",420,60,60,"Ec",32,1,1,1,1,1,1
"25201","1325","Ec_N",421,1,1,"Ec",1,0,0,0,0,0,0
"25202","1325","Ec_N",421,2,2,"Ec",17,0,0,0,0,1,0.0636859452353503
"25203","1325","Ec_N",421,3,3,"Ec",21,0,0,1,0,1,0.223314973687545
"25204","1325","Ec_N",421,4,4,"Ec",21,0,0,1,0,1,0.223314973687545
"25205","1325","Ec_N",421,5,5,"Ec",21,0,0,1,0,1,0.223314973687545
"25206","1325","Ec_N",421,6,6,"Ec",21,0,0,1,0,1,0.223314973687545
"25207","1325","Ec_N",421,7,7,"Ec",21,0,0,1,0,1,0.223314973687545
"25208","1325","Ec_N",421,8,8,"Ec",21,0,0,1,0,1,0.223314973687545
"25209","1325","Ec_N",421,9,9,"Ec",21,0,0,1,0,1,0.223314973687545
"25210","1325","Ec_N",421,10,10,"Ec",21,0,0,1,0,1,0.223314973687545
"25211","1325","Ec_N",421,11,11,"Ec",21,0,0,1,0,1,0.223314973687545
"25212","1325","Ec_N",421,12,12,"Ec",21,0,0,1,0,1,0.223314973687545
"25213","1325","Ec_N",421,13,13,"Ec",21,0,0,1,0,1,0.223314973687545
"25214","1325","Ec_N",421,14,14,"Ec",21,0,0,1,0,1,0.223314973687545
"25215","1325","Ec_N",421,15,15,"Ec",21,0,0,1,0,1,0.223314973687545
"25216","1325","Ec_N",421,16,16,"Ec",21,0,0,1,0,1,0.223314973687545
"25217","1325","Ec_N",421,17,17,"Ec",21,0,0,1,0,1,0.223314973687545
"25218","1325","Ec_N",421,18,18,"Ec",29,0,0,1,1,1,0.272339457647783
"25219","1325","Ec_N",421,19,19,"Ec",30,1,0,1,1,1,0.579561703752182
"25220","1325","Ec_N",421,20,20,"Ec",30,1,0,1,1,1,0.579561703752182
"25221","1325","Ec_N",421,21,21,"Ec",30,1,0,1,1,1,0.579561703752182
"25222","1325","Ec_N",421,22,22,"Ec",30,1,0,1,1,1,0.579561703752182
"25223","1325","Ec_N",421,23,23,"Ec",30,1,0,1,1,1,0.579561703752182
"25224","1325","Ec_N",421,24,24,"Ec",30,1,0,1,1,1,0.579561703752182
"25225","1325","Ec_N",421,25,25,"Ec",30,1,0,1,1,1,0.579561703752182
"25226","1325","Ec_N",421,26,26,"Ec",30,1,0,1,1,1,0.579561703752182
"25227","1325","Ec_N",421,27,27,"Ec",30,1,0,1,1,1,0.579561703752182
"25228","1325","Ec_N",421,28,28,"Ec",30,1,0,1,1,1,0.579561703752182
"25229","1325","Ec_N",421,29,29,"Ec",30,1,0,1,1,1,0.579561703752182
"25230","1325","Ec_N",421,30,30,"Ec",30,1,0,1,1,1,0.579561703752182
"25231","1325","Ec_N",421,31,31,"Ec",30,1,0,1,1,1,0.579561703752182
"25232","1325","Ec_N",421,32,32,"Ec",30,1,0,1,1,1,0.579561703752182
"25233","1325","Ec_N",421,33,33,"Ec",30,1,0,1,1,1,0.579561703752182
"25234","1325","Ec_N",421,34,34,"Ec",30,1,0,1,1,1,0.579561703752182
"25235","1325","Ec_N",421,35,35,"Ec",30,1,0,1,1,1,0.579561703752182
"25236","1325","Ec_N",421,36,36,"Ec",30,1,0,1,1,1,0.579561703752182
"25237","1325","Ec_N",421,37,37,"Ec",30,1,0,1,1,1,0.579561703752182
"25238","1325","Ec_N",421,38,38,"Ec",30,1,0,1,1,1,0.579561703752182
"25239","1325","Ec_N",421,39,39,"Ec",30,1,0,1,1,1,0.579561703752182
"25240","1325","Ec_N",421,40,40,"Ec",30,1,0,1,1,1,0.579561703752182
"25241","1325","Ec_N",421,41,41,"Ec",30,1,0,1,1,1,0.579561703752182
"25242","1325","Ec_N",421,42,42,"Ec",30,1,0,1,1,1,0.579561703752182
"25243","1325","Ec_N",421,43,43,"Ec",30,1,0,1,1,1,0.579561703752182
"25244","1325","Ec_N",421,44,44,"Ec",30,1,0,1,1,1,0.579561703752182
"25245","1325","Ec_N",421,45,45,"Ec",30,1,0,1,1,1,0.579561703752182
"25246","1325","Ec_N",421,46,46,"Ec",30,1,0,1,1,1,0.579561703752182
"25247","1325","Ec_N",421,47,47,"Ec",30,1,0,1,1,1,0.579561703752182
"25248","1325","Ec_N",421,48,48,"Ec",30,1,0,1,1,1,0.579561703752182
"25249","1325","Ec_N",421,49,49,"Ec",30,1,0,1,1,1,0.579561703752182
"25250","1325","Ec_N",421,50,50,"Ec",30,1,0,1,1,1,0.579561703752182
"25251","1325","Ec_N",421,51,51,"Ec",30,1,0,1,1,1,0.579561703752182
"25252","1325","Ec_N",421,52,52,"Ec",30,1,0,1,1,1,0.579561703752182
"25253","1325","Ec_N",421,53,53,"Ec",30,1,0,1,1,1,0.579561703752182
"25254","1325","Ec_N",421,54,54,"Ec",30,1,0,1,1,1,0.579561703752182
"25255","1325","Ec_N",421,55,55,"Ec",30,1,0,1,1,1,0.579561703752182
"25256","1325","Ec_N",421,56,56,"Ec",30,1,0,1,1,1,0.579561703752182
"25257","1325","Ec_N",421,57,57,"Ec",30,1,0,1,1,1,0.579561703752182
"25258","1325","Ec_N",421,58,58,"Ec",30,1,0,1,1,1,0.579561703752182
"25259","1325","Ec_N",421,59,59,"Ec",30,1,0,1,1,1,0.579561703752182
"25260","1325","Ec_N",421,60,60,"Ec",30,1,0,1,1,1,0.579561703752182
"25261","1325","Ec_N",422,1,1,"Ec",1,0,0,0,0,0,0
"25262","1325","Ec_N",422,2,2,"Ec",3,0,1,0,0,0,0.420438296247818
"25263","1325","Ec_N",422,3,3,"Ec",3,0,1,0,0,0,0.420438296247818
"25264","1325","Ec_N",422,4,4,"Ec",3,0,1,0,0,0,0.420438296247818
"25265","1325","Ec_N",422,5,5,"Ec",3,0,1,0,0,0,0.420438296247818
"25266","1325","Ec_N",422,6,6,"Ec",19,0,1,0,0,1,0.484124241483168
"25267","1325","Ec_N",422,7,7,"Ec",19,0,1,0,0,1,0.484124241483168
"25268","1325","Ec_N",422,8,8,"Ec",19,0,1,0,0,1,0.484124241483168
"25269","1325","Ec_N",422,9,9,"Ec",19,0,1,0,0,1,0.484124241483168
"25270","1325","Ec_N",422,10,10,"Ec",27,0,1,0,1,1,0.533148725443406
"25271","1325","Ec_N",422,11,11,"Ec",27,0,1,0,1,1,0.533148725443406
"25272","1325","Ec_N",422,12,12,"Ec",27,0,1,0,1,1,0.533148725443406
"25273","1325","Ec_N",422,13,13,"Ec",27,0,1,0,1,1,0.533148725443406
"25274","1325","Ec_N",422,14,14,"Ec",27,0,1,0,1,1,0.533148725443406
"25275","1325","Ec_N",422,15,15,"Ec",27,0,1,0,1,1,0.533148725443406
"25276","1325","Ec_N",422,16,16,"Ec",27,0,1,0,1,1,0.533148725443406
"25277","1325","Ec_N",422,17,17,"Ec",27,0,1,0,1,1,0.533148725443406
"25278","1325","Ec_N",422,18,18,"Ec",27,0,1,0,1,1,0.533148725443406
"25279","1325","Ec_N",422,19,19,"Ec",28,1,1,0,1,1,0.815884725734249
"25280","1325","Ec_N",422,20,20,"Ec",28,1,1,0,1,1,0.815884725734249
"25281","1325","Ec_N",422,21,21,"Ec",28,1,1,0,1,1,0.815884725734249
"25282","1325","Ec_N",422,22,22,"Ec",28,1,1,0,1,1,0.815884725734249
"25283","1325","Ec_N",422,23,23,"Ec",28,1,1,0,1,1,0.815884725734249
"25284","1325","Ec_N",422,24,24,"Ec",28,1,1,0,1,1,0.815884725734249
"25285","1325","Ec_N",422,25,25,"Ec",28,1,1,0,1,1,0.815884725734249
"25286","1325","Ec_N",422,26,26,"Ec",28,1,1,0,1,1,0.815884725734249
"25287","1325","Ec_N",422,27,27,"Ec",28,1,1,0,1,1,0.815884725734249
"25288","1325","Ec_N",422,28,28,"Ec",28,1,1,0,1,1,0.815884725734249
"25289","1325","Ec_N",422,29,29,"Ec",28,1,1,0,1,1,0.815884725734249
"25290","1325","Ec_N",422,30,30,"Ec",28,1,1,0,1,1,0.815884725734249
"25291","1325","Ec_N",422,31,31,"Ec",28,1,1,0,1,1,0.815884725734249
"25292","1325","Ec_N",422,32,32,"Ec",28,1,1,0,1,1,0.815884725734249
"25293","1325","Ec_N",422,33,33,"Ec",28,1,1,0,1,1,0.815884725734249
"25294","1325","Ec_N",422,34,34,"Ec",28,1,1,0,1,1,0.815884725734249
"25295","1325","Ec_N",422,35,35,"Ec",28,1,1,0,1,1,0.815884725734249
"25296","1325","Ec_N",422,36,36,"Ec",28,1,1,0,1,1,0.815884725734249
"25297","1325","Ec_N",422,37,37,"Ec",28,1,1,0,1,1,0.815884725734249
"25298","1325","Ec_N",422,38,38,"Ec",28,1,1,0,1,1,0.815884725734249
"25299","1325","Ec_N",422,39,39,"Ec",28,1,1,0,1,1,0.815884725734249
"25300","1325","Ec_N",422,40,40,"Ec",28,1,1,0,1,1,0.815884725734249
"25301","1325","Ec_N",422,41,41,"Ec",28,1,1,0,1,1,0.815884725734249
"25302","1325","Ec_N",422,42,42,"Ec",28,1,1,0,1,1,0.815884725734249
"25303","1325","Ec_N",422,43,43,"Ec",28,1,1,0,1,1,0.815884725734249
"25304","1325","Ec_N",422,44,44,"Ec",28,1,1,0,1,1,0.815884725734249
"25305","1325","Ec_N",422,45,45,"Ec",28,1,1,0,1,1,0.815884725734249
"25306","1325","Ec_N",422,46,46,"Ec",28,1,1,0,1,1,0.815884725734249
"25307","1325","Ec_N",422,47,47,"Ec",28,1,1,0,1,1,0.815884725734249
"25308","1325","Ec_N",422,48,48,"Ec",28,1,1,0,1,1,0.815884725734249
"25309","1325","Ec_N",422,49,49,"Ec",28,1,1,0,1,1,0.815884725734249
"25310","1325","Ec_N",422,50,50,"Ec",28,1,1,0,1,1,0.815884725734249
"25311","1325","Ec_N",422,51,51,"Ec",28,1,1,0,1,1,0.815884725734249
"25312","1325","Ec_N",422,52,52,"Ec",28,1,1,0,1,1,0.815884725734249
"25313","1325","Ec_N",422,53,53,"Ec",28,1,1,0,1,1,0.815884725734249
"25314","1325","Ec_N",422,54,54,"Ec",28,1,1,0,1,1,0.815884725734249
"25315","1325","Ec_N",422,55,55,"Ec",28,1,1,0,1,1,0.815884725734249
"25316","1325","Ec_N",422,56,56,"Ec",28,1,1,0,1,1,0.815884725734249
"25317","1325","Ec_N",422,57,57,"Ec",28,1,1,0,1,1,0.815884725734249
"25318","1325","Ec_N",422,58,58,"Ec",28,1,1,0,1,1,0.815884725734249
"25319","1325","Ec_N",422,59,59,"Ec",28,1,1,0,1,1,0.815884725734249
"25320","1325","Ec_N",422,60,60,"Ec",28,1,1,0,1,1,0.815884725734249
"25321","1325","Ec_N",423,1,1,"Ec",1,0,0,0,0,0,0
"25322","1325","Ec_N",423,2,2,"Ec",1,0,0,0,0,0,0
"25323","1325","Ec_N",423,3,3,"Ec",1,0,0,0,0,0,0
"25324","1325","Ec_N",423,4,4,"Ec",17,0,0,0,0,1,0.0636859452353503
"25325","1325","Ec_N",423,5,5,"Ec",17,0,0,0,0,1,0.0636859452353503
"25326","1325","Ec_N",423,6,6,"Ec",17,0,0,0,0,1,0.0636859452353503
"25327","1325","Ec_N",423,7,7,"Ec",17,0,0,0,0,1,0.0636859452353503
"25328","1325","Ec_N",423,8,8,"Ec",17,0,0,0,0,1,0.0636859452353503
"25329","1325","Ec_N",423,9,9,"Ec",17,0,0,0,0,1,0.0636859452353503
"25330","1325","Ec_N",423,10,10,"Ec",17,0,0,0,0,1,0.0636859452353503
"25331","1325","Ec_N",423,11,11,"Ec",17,0,0,0,0,1,0.0636859452353503
"25332","1325","Ec_N",423,12,12,"Ec",17,0,0,0,0,1,0.0636859452353503
"25333","1325","Ec_N",423,13,13,"Ec",17,0,0,0,0,1,0.0636859452353503
"25334","1325","Ec_N",423,14,14,"Ec",17,0,0,0,0,1,0.0636859452353503
"25335","1325","Ec_N",423,15,15,"Ec",19,0,1,0,0,1,0.484124241483168
"25336","1325","Ec_N",423,16,16,"Ec",27,0,1,0,1,1,0.533148725443406
"25337","1325","Ec_N",423,17,17,"Ec",27,0,1,0,1,1,0.533148725443406
"25338","1325","Ec_N",423,18,18,"Ec",27,0,1,0,1,1,0.533148725443406
"25339","1325","Ec_N",423,19,19,"Ec",27,0,1,0,1,1,0.533148725443406
"25340","1325","Ec_N",423,20,20,"Ec",27,0,1,0,1,1,0.533148725443406
"25341","1325","Ec_N",423,21,21,"Ec",27,0,1,0,1,1,0.533148725443406
"25342","1325","Ec_N",423,22,22,"Ec",27,0,1,0,1,1,0.533148725443406
"25343","1325","Ec_N",423,23,23,"Ec",27,0,1,0,1,1,0.533148725443406
"25344","1325","Ec_N",423,24,24,"Ec",27,0,1,0,1,1,0.533148725443406
"25345","1325","Ec_N",423,25,25,"Ec",27,0,1,0,1,1,0.533148725443406
"25346","1325","Ec_N",423,26,26,"Ec",31,0,1,1,1,1,0.6927777538956
"25347","1325","Ec_N",423,27,27,"Ec",31,0,1,1,1,1,0.6927777538956
"25348","1325","Ec_N",423,28,28,"Ec",31,0,1,1,1,1,0.6927777538956
"25349","1325","Ec_N",423,29,29,"Ec",31,0,1,1,1,1,0.6927777538956
"25350","1325","Ec_N",423,30,30,"Ec",31,0,1,1,1,1,0.6927777538956
"25351","1325","Ec_N",423,31,31,"Ec",31,0,1,1,1,1,0.6927777538956
"25352","1325","Ec_N",423,32,32,"Ec",31,0,1,1,1,1,0.6927777538956
"25353","1325","Ec_N",423,33,33,"Ec",31,0,1,1,1,1,0.6927777538956
"25354","1325","Ec_N",423,34,34,"Ec",31,0,1,1,1,1,0.6927777538956
"25355","1325","Ec_N",423,35,35,"Ec",31,0,1,1,1,1,0.6927777538956
"25356","1325","Ec_N",423,36,36,"Ec",31,0,1,1,1,1,0.6927777538956
"25357","1325","Ec_N",423,37,37,"Ec",32,1,1,1,1,1,1
"25358","1325","Ec_N",423,38,38,"Ec",32,1,1,1,1,1,1
"25359","1325","Ec_N",423,39,39,"Ec",32,1,1,1,1,1,1
"25360","1325","Ec_N",423,40,40,"Ec",32,1,1,1,1,1,1
"25361","1325","Ec_N",423,41,41,"Ec",32,1,1,1,1,1,1
"25362","1325","Ec_N",423,42,42,"Ec",32,1,1,1,1,1,1
"25363","1325","Ec_N",423,43,43,"Ec",32,1,1,1,1,1,1
"25364","1325","Ec_N",423,44,44,"Ec",32,1,1,1,1,1,1
"25365","1325","Ec_N",423,45,45,"Ec",32,1,1,1,1,1,1
"25366","1325","Ec_N",423,46,46,"Ec",32,1,1,1,1,1,1
"25367","1325","Ec_N",423,47,47,"Ec",32,1,1,1,1,1,1
"25368","1325","Ec_N",423,48,48,"Ec",32,1,1,1,1,1,1
"25369","1325","Ec_N",423,49,49,"Ec",32,1,1,1,1,1,1
"25370","1325","Ec_N",423,50,50,"Ec",32,1,1,1,1,1,1
"25371","1325","Ec_N",423,51,51,"Ec",32,1,1,1,1,1,1
"25372","1325","Ec_N",423,52,52,"Ec",32,1,1,1,1,1,1
"25373","1325","Ec_N",423,53,53,"Ec",32,1,1,1,1,1,1
"25374","1325","Ec_N",423,54,54,"Ec",32,1,1,1,1,1,1
"25375","1325","Ec_N",423,55,55,"Ec",32,1,1,1,1,1,1
"25376","1325","Ec_N",423,56,56,"Ec",32,1,1,1,1,1,1
"25377","1325","Ec_N",423,57,57,"Ec",32,1,1,1,1,1,1
"25378","1325","Ec_N",423,58,58,"Ec",32,1,1,1,1,1,1
"25379","1325","Ec_N",423,59,59,"Ec",32,1,1,1,1,1,1
"25380","1325","Ec_N",423,60,60,"Ec",32,1,1,1,1,1,1
"25381","1325","Ec_N",424,1,1,"Ec",1,0,0,0,0,0,0
"25382","1325","Ec_N",424,2,2,"Ec",1,0,0,0,0,0,0
"25383","1325","Ec_N",424,3,3,"Ec",1,0,0,0,0,0,0
"25384","1325","Ec_N",424,4,4,"Ec",1,0,0,0,0,0,0
"25385","1325","Ec_N",424,5,5,"Ec",1,0,0,0,0,0,0
"25386","1325","Ec_N",424,6,6,"Ec",1,0,0,0,0,0,0
"25387","1325","Ec_N",424,7,7,"Ec",1,0,0,0,0,0,0
"25388","1325","Ec_N",424,8,8,"Ec",3,0,1,0,0,0,0.420438296247818
"25389","1325","Ec_N",424,9,9,"Ec",3,0,1,0,0,0,0.420438296247818
"25390","1325","Ec_N",424,10,10,"Ec",3,0,1,0,0,0,0.420438296247818
"25391","1325","Ec_N",424,11,11,"Ec",3,0,1,0,0,0,0.420438296247818
"25392","1325","Ec_N",424,12,12,"Ec",3,0,1,0,0,0,0.420438296247818
"25393","1325","Ec_N",424,13,13,"Ec",3,0,1,0,0,0,0.420438296247818
"25394","1325","Ec_N",424,14,14,"Ec",3,0,1,0,0,0,0.420438296247818
"25395","1325","Ec_N",424,15,15,"Ec",3,0,1,0,0,0,0.420438296247818
"25396","1325","Ec_N",424,16,16,"Ec",19,0,1,0,0,1,0.484124241483168
"25397","1325","Ec_N",424,17,17,"Ec",27,0,1,0,1,1,0.533148725443406
"25398","1325","Ec_N",424,18,18,"Ec",27,0,1,0,1,1,0.533148725443406
"25399","1325","Ec_N",424,19,19,"Ec",27,0,1,0,1,1,0.533148725443406
"25400","1325","Ec_N",424,20,20,"Ec",27,0,1,0,1,1,0.533148725443406
"25401","1325","Ec_N",424,21,21,"Ec",27,0,1,0,1,1,0.533148725443406
"25402","1325","Ec_N",424,22,22,"Ec",27,0,1,0,1,1,0.533148725443406
"25403","1325","Ec_N",424,23,23,"Ec",27,0,1,0,1,1,0.533148725443406
"25404","1325","Ec_N",424,24,24,"Ec",28,1,1,0,1,1,0.815884725734249
"25405","1325","Ec_N",424,25,25,"Ec",32,1,1,1,1,1,1
"25406","1325","Ec_N",424,26,26,"Ec",32,1,1,1,1,1,1
"25407","1325","Ec_N",424,27,27,"Ec",32,1,1,1,1,1,1
"25408","1325","Ec_N",424,28,28,"Ec",32,1,1,1,1,1,1
"25409","1325","Ec_N",424,29,29,"Ec",32,1,1,1,1,1,1
"25410","1325","Ec_N",424,30,30,"Ec",32,1,1,1,1,1,1
"25411","1325","Ec_N",424,31,31,"Ec",32,1,1,1,1,1,1
"25412","1325","Ec_N",424,32,32,"Ec",32,1,1,1,1,1,1
"25413","1325","Ec_N",424,33,33,"Ec",32,1,1,1,1,1,1
"25414","1325","Ec_N",424,34,34,"Ec",32,1,1,1,1,1,1
"25415","1325","Ec_N",424,35,35,"Ec",32,1,1,1,1,1,1
"25416","1325","Ec_N",424,36,36,"Ec",32,1,1,1,1,1,1
"25417","1325","Ec_N",424,37,37,"Ec",32,1,1,1,1,1,1
"25418","1325","Ec_N",424,38,38,"Ec",32,1,1,1,1,1,1
"25419","1325","Ec_N",424,39,39,"Ec",32,1,1,1,1,1,1
"25420","1325","Ec_N",424,40,40,"Ec",32,1,1,1,1,1,1
"25421","1325","Ec_N",424,41,41,"Ec",32,1,1,1,1,1,1
"25422","1325","Ec_N",424,42,42,"Ec",32,1,1,1,1,1,1
"25423","1325","Ec_N",424,43,43,"Ec",32,1,1,1,1,1,1
"25424","1325","Ec_N",424,44,44,"Ec",32,1,1,1,1,1,1
"25425","1325","Ec_N",424,45,45,"Ec",32,1,1,1,1,1,1
"25426","1325","Ec_N",424,46,46,"Ec",32,1,1,1,1,1,1
"25427","1325","Ec_N",424,47,47,"Ec",32,1,1,1,1,1,1
"25428","1325","Ec_N",424,48,48,"Ec",32,1,1,1,1,1,1
"25429","1325","Ec_N",424,49,49,"Ec",32,1,1,1,1,1,1
"25430","1325","Ec_N",424,50,50,"Ec",32,1,1,1,1,1,1
"25431","1325","Ec_N",424,51,51,"Ec",32,1,1,1,1,1,1
"25432","1325","Ec_N",424,52,52,"Ec",32,1,1,1,1,1,1
"25433","1325","Ec_N",424,53,53,"Ec",32,1,1,1,1,1,1
"25434","1325","Ec_N",424,54,54,"Ec",32,1,1,1,1,1,1
"25435","1325","Ec_N",424,55,55,"Ec",32,1,1,1,1,1,1
"25436","1325","Ec_N",424,56,56,"Ec",32,1,1,1,1,1,1
"25437","1325","Ec_N",424,57,57,"Ec",32,1,1,1,1,1,1
"25438","1325","Ec_N",424,58,58,"Ec",32,1,1,1,1,1,1
"25439","1325","Ec_N",424,59,59,"Ec",32,1,1,1,1,1,1
"25440","1325","Ec_N",424,60,60,"Ec",32,1,1,1,1,1,1
"25441","1325","Ec_N",425,1,1,"Ec",1,0,0,0,0,0,0
"25442","1325","Ec_N",425,2,2,"Ec",3,0,1,0,0,0,0.420438296247818
"25443","1325","Ec_N",425,3,3,"Ec",3,0,1,0,0,0,0.420438296247818
"25444","1325","Ec_N",425,4,4,"Ec",3,0,1,0,0,0,0.420438296247818
"25445","1325","Ec_N",425,5,5,"Ec",11,0,1,0,1,0,0.503461616060769
"25446","1325","Ec_N",425,6,6,"Ec",11,0,1,0,1,0,0.503461616060769
"25447","1325","Ec_N",425,7,7,"Ec",11,0,1,0,1,0,0.503461616060769
"25448","1325","Ec_N",425,8,8,"Ec",12,1,1,0,1,0,0.776685026312455
"25449","1325","Ec_N",425,9,9,"Ec",12,1,1,0,1,0,0.776685026312455
"25450","1325","Ec_N",425,10,10,"Ec",12,1,1,0,1,0,0.776685026312455
"25451","1325","Ec_N",425,11,11,"Ec",28,1,1,0,1,1,0.815884725734249
"25452","1325","Ec_N",425,12,12,"Ec",28,1,1,0,1,1,0.815884725734249
"25453","1325","Ec_N",425,13,13,"Ec",28,1,1,0,1,1,0.815884725734249
"25454","1325","Ec_N",425,14,14,"Ec",28,1,1,0,1,1,0.815884725734249
"25455","1325","Ec_N",425,15,15,"Ec",28,1,1,0,1,1,0.815884725734249
"25456","1325","Ec_N",425,16,16,"Ec",28,1,1,0,1,1,0.815884725734249
"25457","1325","Ec_N",425,17,17,"Ec",28,1,1,0,1,1,0.815884725734249
"25458","1325","Ec_N",425,18,18,"Ec",28,1,1,0,1,1,0.815884725734249
"25459","1325","Ec_N",425,19,19,"Ec",28,1,1,0,1,1,0.815884725734249
"25460","1325","Ec_N",425,20,20,"Ec",28,1,1,0,1,1,0.815884725734249
"25461","1325","Ec_N",425,21,21,"Ec",28,1,1,0,1,1,0.815884725734249
"25462","1325","Ec_N",425,22,22,"Ec",28,1,1,0,1,1,0.815884725734249
"25463","1325","Ec_N",425,23,23,"Ec",28,1,1,0,1,1,0.815884725734249
"25464","1325","Ec_N",425,24,24,"Ec",28,1,1,0,1,1,0.815884725734249
"25465","1325","Ec_N",425,25,25,"Ec",28,1,1,0,1,1,0.815884725734249
"25466","1325","Ec_N",425,26,26,"Ec",28,1,1,0,1,1,0.815884725734249
"25467","1325","Ec_N",425,27,27,"Ec",28,1,1,0,1,1,0.815884725734249
"25468","1325","Ec_N",425,28,28,"Ec",28,1,1,0,1,1,0.815884725734249
"25469","1325","Ec_N",425,29,29,"Ec",32,1,1,1,1,1,1
"25470","1325","Ec_N",425,30,30,"Ec",32,1,1,1,1,1,1
"25471","1325","Ec_N",425,31,31,"Ec",32,1,1,1,1,1,1
"25472","1325","Ec_N",425,32,32,"Ec",32,1,1,1,1,1,1
"25473","1325","Ec_N",425,33,33,"Ec",32,1,1,1,1,1,1
"25474","1325","Ec_N",425,34,34,"Ec",32,1,1,1,1,1,1
"25475","1325","Ec_N",425,35,35,"Ec",32,1,1,1,1,1,1
"25476","1325","Ec_N",425,36,36,"Ec",32,1,1,1,1,1,1
"25477","1325","Ec_N",425,37,37,"Ec",32,1,1,1,1,1,1
"25478","1325","Ec_N",425,38,38,"Ec",32,1,1,1,1,1,1
"25479","1325","Ec_N",425,39,39,"Ec",32,1,1,1,1,1,1
"25480","1325","Ec_N",425,40,40,"Ec",32,1,1,1,1,1,1
"25481","1325","Ec_N",425,41,41,"Ec",32,1,1,1,1,1,1
"25482","1325","Ec_N",425,42,42,"Ec",32,1,1,1,1,1,1
"25483","1325","Ec_N",425,43,43,"Ec",32,1,1,1,1,1,1
"25484","1325","Ec_N",425,44,44,"Ec",32,1,1,1,1,1,1
"25485","1325","Ec_N",425,45,45,"Ec",32,1,1,1,1,1,1
"25486","1325","Ec_N",425,46,46,"Ec",32,1,1,1,1,1,1
"25487","1325","Ec_N",425,47,47,"Ec",32,1,1,1,1,1,1
"25488","1325","Ec_N",425,48,48,"Ec",32,1,1,1,1,1,1
"25489","1325","Ec_N",425,49,49,"Ec",32,1,1,1,1,1,1
"25490","1325","Ec_N",425,50,50,"Ec",32,1,1,1,1,1,1
"25491","1325","Ec_N",425,51,51,"Ec",32,1,1,1,1,1,1
"25492","1325","Ec_N",425,52,52,"Ec",32,1,1,1,1,1,1
"25493","1325","Ec_N",425,53,53,"Ec",32,1,1,1,1,1,1
"25494","1325","Ec_N",425,54,54,"Ec",32,1,1,1,1,1,1
"25495","1325","Ec_N",425,55,55,"Ec",32,1,1,1,1,1,1
"25496","1325","Ec_N",425,56,56,"Ec",32,1,1,1,1,1,1
"25497","1325","Ec_N",425,57,57,"Ec",32,1,1,1,1,1,1
"25498","1325","Ec_N",425,58,58,"Ec",32,1,1,1,1,1,1
"25499","1325","Ec_N",425,59,59,"Ec",32,1,1,1,1,1,1
"25500","1325","Ec_N",425,60,60,"Ec",32,1,1,1,1,1,1
"25501","1325","Ec_N",426,1,1,"Ec",1,0,0,0,0,0,0
"25502","1325","Ec_N",426,2,2,"Ec",1,0,0,0,0,0,0
"25503","1325","Ec_N",426,3,3,"Ec",1,0,0,0,0,0,0
"25504","1325","Ec_N",426,4,4,"Ec",1,0,0,0,0,0,0
"25505","1325","Ec_N",426,5,5,"Ec",1,0,0,0,0,0,0
"25506","1325","Ec_N",426,6,6,"Ec",1,0,0,0,0,0,0
"25507","1325","Ec_N",426,7,7,"Ec",1,0,0,0,0,0,0
"25508","1325","Ec_N",426,8,8,"Ec",1,0,0,0,0,0,0
"25509","1325","Ec_N",426,9,9,"Ec",17,0,0,0,0,1,0.0636859452353503
"25510","1325","Ec_N",426,10,10,"Ec",18,1,0,0,0,1,0.37090819133975
"25511","1325","Ec_N",426,11,11,"Ec",22,1,0,1,0,1,0.530537219791945
"25512","1325","Ec_N",426,12,12,"Ec",22,1,0,1,0,1,0.530537219791945
"25513","1325","Ec_N",426,13,13,"Ec",22,1,0,1,0,1,0.530537219791945
"25514","1325","Ec_N",426,14,14,"Ec",22,1,0,1,0,1,0.530537219791945
"25515","1325","Ec_N",426,15,15,"Ec",22,1,0,1,0,1,0.530537219791945
"25516","1325","Ec_N",426,16,16,"Ec",22,1,0,1,0,1,0.530537219791945
"25517","1325","Ec_N",426,17,17,"Ec",22,1,0,1,0,1,0.530537219791945
"25518","1325","Ec_N",426,18,18,"Ec",22,1,0,1,0,1,0.530537219791945
"25519","1325","Ec_N",426,19,19,"Ec",22,1,0,1,0,1,0.530537219791945
"25520","1325","Ec_N",426,20,20,"Ec",22,1,0,1,0,1,0.530537219791945
"25521","1325","Ec_N",426,21,21,"Ec",30,1,0,1,1,1,0.579561703752182
"25522","1325","Ec_N",426,22,22,"Ec",30,1,0,1,1,1,0.579561703752182
"25523","1325","Ec_N",426,23,23,"Ec",30,1,0,1,1,1,0.579561703752182
"25524","1325","Ec_N",426,24,24,"Ec",30,1,0,1,1,1,0.579561703752182
"25525","1325","Ec_N",426,25,25,"Ec",30,1,0,1,1,1,0.579561703752182
"25526","1325","Ec_N",426,26,26,"Ec",30,1,0,1,1,1,0.579561703752182
"25527","1325","Ec_N",426,27,27,"Ec",30,1,0,1,1,1,0.579561703752182
"25528","1325","Ec_N",426,28,28,"Ec",30,1,0,1,1,1,0.579561703752182
"25529","1325","Ec_N",426,29,29,"Ec",30,1,0,1,1,1,0.579561703752182
"25530","1325","Ec_N",426,30,30,"Ec",30,1,0,1,1,1,0.579561703752182
"25531","1325","Ec_N",426,31,31,"Ec",30,1,0,1,1,1,0.579561703752182
"25532","1325","Ec_N",426,32,32,"Ec",30,1,0,1,1,1,0.579561703752182
"25533","1325","Ec_N",426,33,33,"Ec",32,1,1,1,1,1,1
"25534","1325","Ec_N",426,34,34,"Ec",32,1,1,1,1,1,1
"25535","1325","Ec_N",426,35,35,"Ec",32,1,1,1,1,1,1
"25536","1325","Ec_N",426,36,36,"Ec",32,1,1,1,1,1,1
"25537","1325","Ec_N",426,37,37,"Ec",32,1,1,1,1,1,1
"25538","1325","Ec_N",426,38,38,"Ec",32,1,1,1,1,1,1
"25539","1325","Ec_N",426,39,39,"Ec",32,1,1,1,1,1,1
"25540","1325","Ec_N",426,40,40,"Ec",32,1,1,1,1,1,1
"25541","1325","Ec_N",426,41,41,"Ec",32,1,1,1,1,1,1
"25542","1325","Ec_N",426,42,42,"Ec",32,1,1,1,1,1,1
"25543","1325","Ec_N",426,43,43,"Ec",32,1,1,1,1,1,1
"25544","1325","Ec_N",426,44,44,"Ec",32,1,1,1,1,1,1
"25545","1325","Ec_N",426,45,45,"Ec",32,1,1,1,1,1,1
"25546","1325","Ec_N",426,46,46,"Ec",32,1,1,1,1,1,1
"25547","1325","Ec_N",426,47,47,"Ec",32,1,1,1,1,1,1
"25548","1325","Ec_N",426,48,48,"Ec",32,1,1,1,1,1,1
"25549","1325","Ec_N",426,49,49,"Ec",32,1,1,1,1,1,1
"25550","1325","Ec_N",426,50,50,"Ec",32,1,1,1,1,1,1
"25551","1325","Ec_N",426,51,51,"Ec",32,1,1,1,1,1,1
"25552","1325","Ec_N",426,52,52,"Ec",32,1,1,1,1,1,1
"25553","1325","Ec_N",426,53,53,"Ec",32,1,1,1,1,1,1
"25554","1325","Ec_N",426,54,54,"Ec",32,1,1,1,1,1,1
"25555","1325","Ec_N",426,55,55,"Ec",32,1,1,1,1,1,1
"25556","1325","Ec_N",426,56,56,"Ec",32,1,1,1,1,1,1
"25557","1325","Ec_N",426,57,57,"Ec",32,1,1,1,1,1,1
"25558","1325","Ec_N",426,58,58,"Ec",32,1,1,1,1,1,1
"25559","1325","Ec_N",426,59,59,"Ec",32,1,1,1,1,1,1
"25560","1325","Ec_N",426,60,60,"Ec",32,1,1,1,1,1,1
"25561","1325","Ec_N",427,1,1,"Ec",1,0,0,0,0,0,0
"25562","1325","Ec_N",427,2,2,"Ec",1,0,0,0,0,0,0
"25563","1325","Ec_N",427,3,3,"Ec",1,0,0,0,0,0,0
"25564","1325","Ec_N",427,4,4,"Ec",1,0,0,0,0,0,0
"25565","1325","Ec_N",427,5,5,"Ec",1,0,0,0,0,0,0
"25566","1325","Ec_N",427,6,6,"Ec",1,0,0,0,0,0,0
"25567","1325","Ec_N",427,7,7,"Ec",1,0,0,0,0,0,0
"25568","1325","Ec_N",427,8,8,"Ec",17,0,0,0,0,1,0.0636859452353503
"25569","1325","Ec_N",427,9,9,"Ec",17,0,0,0,0,1,0.0636859452353503
"25570","1325","Ec_N",427,10,10,"Ec",17,0,0,0,0,1,0.0636859452353503
"25571","1325","Ec_N",427,11,11,"Ec",17,0,0,0,0,1,0.0636859452353503
"25572","1325","Ec_N",427,12,12,"Ec",17,0,0,0,0,1,0.0636859452353503
"25573","1325","Ec_N",427,13,13,"Ec",17,0,0,0,0,1,0.0636859452353503
"25574","1325","Ec_N",427,14,14,"Ec",18,1,0,0,0,1,0.37090819133975
"25575","1325","Ec_N",427,15,15,"Ec",18,1,0,0,0,1,0.37090819133975
"25576","1325","Ec_N",427,16,16,"Ec",18,1,0,0,0,1,0.37090819133975
"25577","1325","Ec_N",427,17,17,"Ec",18,1,0,0,0,1,0.37090819133975
"25578","1325","Ec_N",427,18,18,"Ec",18,1,0,0,0,1,0.37090819133975
"25579","1325","Ec_N",427,19,19,"Ec",18,1,0,0,0,1,0.37090819133975
"25580","1325","Ec_N",427,20,20,"Ec",18,1,0,0,0,1,0.37090819133975
"25581","1325","Ec_N",427,21,21,"Ec",18,1,0,0,0,1,0.37090819133975
"25582","1325","Ec_N",427,22,22,"Ec",18,1,0,0,0,1,0.37090819133975
"25583","1325","Ec_N",427,23,23,"Ec",18,1,0,0,0,1,0.37090819133975
"25584","1325","Ec_N",427,24,24,"Ec",18,1,0,0,0,1,0.37090819133975
"25585","1325","Ec_N",427,25,25,"Ec",18,1,0,0,0,1,0.37090819133975
"25586","1325","Ec_N",427,26,26,"Ec",18,1,0,0,0,1,0.37090819133975
"25587","1325","Ec_N",427,27,27,"Ec",22,1,0,1,0,1,0.530537219791945
"25588","1325","Ec_N",427,28,28,"Ec",22,1,0,1,0,1,0.530537219791945
"25589","1325","Ec_N",427,29,29,"Ec",22,1,0,1,0,1,0.530537219791945
"25590","1325","Ec_N",427,30,30,"Ec",22,1,0,1,0,1,0.530537219791945
"25591","1325","Ec_N",427,31,31,"Ec",22,1,0,1,0,1,0.530537219791945
"25592","1325","Ec_N",427,32,32,"Ec",22,1,0,1,0,1,0.530537219791945
"25593","1325","Ec_N",427,33,33,"Ec",22,1,0,1,0,1,0.530537219791945
"25594","1325","Ec_N",427,34,34,"Ec",24,1,1,1,0,1,0.872975948786018
"25595","1325","Ec_N",427,35,35,"Ec",24,1,1,1,0,1,0.872975948786018
"25596","1325","Ec_N",427,36,36,"Ec",24,1,1,1,0,1,0.872975948786018
"25597","1325","Ec_N",427,37,37,"Ec",24,1,1,1,0,1,0.872975948786018
"25598","1325","Ec_N",427,38,38,"Ec",24,1,1,1,0,1,0.872975948786018
"25599","1325","Ec_N",427,39,39,"Ec",24,1,1,1,0,1,0.872975948786018
"25600","1325","Ec_N",427,40,40,"Ec",24,1,1,1,0,1,0.872975948786018
"25601","1325","Ec_N",427,41,41,"Ec",24,1,1,1,0,1,0.872975948786018
"25602","1325","Ec_N",427,42,42,"Ec",24,1,1,1,0,1,0.872975948786018
"25603","1325","Ec_N",427,43,43,"Ec",24,1,1,1,0,1,0.872975948786018
"25604","1325","Ec_N",427,44,44,"Ec",32,1,1,1,1,1,1
"25605","1325","Ec_N",427,45,45,"Ec",32,1,1,1,1,1,1
"25606","1325","Ec_N",427,46,46,"Ec",32,1,1,1,1,1,1
"25607","1325","Ec_N",427,47,47,"Ec",32,1,1,1,1,1,1
"25608","1325","Ec_N",427,48,48,"Ec",32,1,1,1,1,1,1
"25609","1325","Ec_N",427,49,49,"Ec",32,1,1,1,1,1,1
"25610","1325","Ec_N",427,50,50,"Ec",32,1,1,1,1,1,1
"25611","1325","Ec_N",427,51,51,"Ec",32,1,1,1,1,1,1
"25612","1325","Ec_N",427,52,52,"Ec",32,1,1,1,1,1,1
"25613","1325","Ec_N",427,53,53,"Ec",32,1,1,1,1,1,1
"25614","1325","Ec_N",427,54,54,"Ec",32,1,1,1,1,1,1
"25615","1325","Ec_N",427,55,55,"Ec",32,1,1,1,1,1,1
"25616","1325","Ec_N",427,56,56,"Ec",32,1,1,1,1,1,1
"25617","1325","Ec_N",427,57,57,"Ec",32,1,1,1,1,1,1
"25618","1325","Ec_N",427,58,58,"Ec",32,1,1,1,1,1,1
"25619","1325","Ec_N",427,59,59,"Ec",32,1,1,1,1,1,1
"25620","1325","Ec_N",427,60,60,"Ec",32,1,1,1,1,1,1
"25621","1325","Ec_N",428,1,1,"Ec",1,0,0,0,0,0,0
"25622","1325","Ec_N",428,2,2,"Ec",1,0,0,0,0,0,0
"25623","1325","Ec_N",428,3,3,"Ec",9,0,0,0,1,0,0.0490244839602376
"25624","1325","Ec_N",428,4,4,"Ec",9,0,0,0,1,0,0.0490244839602376
"25625","1325","Ec_N",428,5,5,"Ec",9,0,0,0,1,0,0.0490244839602376
"25626","1325","Ec_N",428,6,6,"Ec",25,0,0,0,1,1,0.112710429195588
"25627","1325","Ec_N",428,7,7,"Ec",26,1,0,0,1,1,0.419932675299988
"25628","1325","Ec_N",428,8,8,"Ec",26,1,0,0,1,1,0.419932675299988
"25629","1325","Ec_N",428,9,9,"Ec",26,1,0,0,1,1,0.419932675299988
"25630","1325","Ec_N",428,10,10,"Ec",26,1,0,0,1,1,0.419932675299988
"25631","1325","Ec_N",428,11,11,"Ec",26,1,0,0,1,1,0.419932675299988
"25632","1325","Ec_N",428,12,12,"Ec",26,1,0,0,1,1,0.419932675299988
"25633","1325","Ec_N",428,13,13,"Ec",26,1,0,0,1,1,0.419932675299988
"25634","1325","Ec_N",428,14,14,"Ec",26,1,0,0,1,1,0.419932675299988
"25635","1325","Ec_N",428,15,15,"Ec",26,1,0,0,1,1,0.419932675299988
"25636","1325","Ec_N",428,16,16,"Ec",26,1,0,0,1,1,0.419932675299988
"25637","1325","Ec_N",428,17,17,"Ec",26,1,0,0,1,1,0.419932675299988
"25638","1325","Ec_N",428,18,18,"Ec",26,1,0,0,1,1,0.419932675299988
"25639","1325","Ec_N",428,19,19,"Ec",26,1,0,0,1,1,0.419932675299988
"25640","1325","Ec_N",428,20,20,"Ec",26,1,0,0,1,1,0.419932675299988
"25641","1325","Ec_N",428,21,21,"Ec",30,1,0,1,1,1,0.579561703752182
"25642","1325","Ec_N",428,22,22,"Ec",30,1,0,1,1,1,0.579561703752182
"25643","1325","Ec_N",428,23,23,"Ec",30,1,0,1,1,1,0.579561703752182
"25644","1325","Ec_N",428,24,24,"Ec",30,1,0,1,1,1,0.579561703752182
"25645","1325","Ec_N",428,25,25,"Ec",30,1,0,1,1,1,0.579561703752182
"25646","1325","Ec_N",428,26,26,"Ec",30,1,0,1,1,1,0.579561703752182
"25647","1325","Ec_N",428,27,27,"Ec",32,1,1,1,1,1,1
"25648","1325","Ec_N",428,28,28,"Ec",32,1,1,1,1,1,1
"25649","1325","Ec_N",428,29,29,"Ec",32,1,1,1,1,1,1
"25650","1325","Ec_N",428,30,30,"Ec",32,1,1,1,1,1,1
"25651","1325","Ec_N",428,31,31,"Ec",32,1,1,1,1,1,1
"25652","1325","Ec_N",428,32,32,"Ec",32,1,1,1,1,1,1
"25653","1325","Ec_N",428,33,33,"Ec",32,1,1,1,1,1,1
"25654","1325","Ec_N",428,34,34,"Ec",32,1,1,1,1,1,1
"25655","1325","Ec_N",428,35,35,"Ec",32,1,1,1,1,1,1
"25656","1325","Ec_N",428,36,36,"Ec",32,1,1,1,1,1,1
"25657","1325","Ec_N",428,37,37,"Ec",32,1,1,1,1,1,1
"25658","1325","Ec_N",428,38,38,"Ec",32,1,1,1,1,1,1
"25659","1325","Ec_N",428,39,39,"Ec",32,1,1,1,1,1,1
"25660","1325","Ec_N",428,40,40,"Ec",32,1,1,1,1,1,1
"25661","1325","Ec_N",428,41,41,"Ec",32,1,1,1,1,1,1
"25662","1325","Ec_N",428,42,42,"Ec",32,1,1,1,1,1,1
"25663","1325","Ec_N",428,43,43,"Ec",32,1,1,1,1,1,1
"25664","1325","Ec_N",428,44,44,"Ec",32,1,1,1,1,1,1
"25665","1325","Ec_N",428,45,45,"Ec",32,1,1,1,1,1,1
"25666","1325","Ec_N",428,46,46,"Ec",32,1,1,1,1,1,1
"25667","1325","Ec_N",428,47,47,"Ec",32,1,1,1,1,1,1
"25668","1325","Ec_N",428,48,48,"Ec",32,1,1,1,1,1,1
"25669","1325","Ec_N",428,49,49,"Ec",32,1,1,1,1,1,1
"25670","1325","Ec_N",428,50,50,"Ec",32,1,1,1,1,1,1
"25671","1325","Ec_N",428,51,51,"Ec",32,1,1,1,1,1,1
"25672","1325","Ec_N",428,52,52,"Ec",32,1,1,1,1,1,1
"25673","1325","Ec_N",428,53,53,"Ec",32,1,1,1,1,1,1
"25674","1325","Ec_N",428,54,54,"Ec",32,1,1,1,1,1,1
"25675","1325","Ec_N",428,55,55,"Ec",32,1,1,1,1,1,1
"25676","1325","Ec_N",428,56,56,"Ec",32,1,1,1,1,1,1
"25677","1325","Ec_N",428,57,57,"Ec",32,1,1,1,1,1,1
"25678","1325","Ec_N",428,58,58,"Ec",32,1,1,1,1,1,1
"25679","1325","Ec_N",428,59,59,"Ec",32,1,1,1,1,1,1
"25680","1325","Ec_N",428,60,60,"Ec",32,1,1,1,1,1,1
"25681","1325","Ec_N",429,1,1,"Ec",1,0,0,0,0,0,0
"25682","1325","Ec_N",429,2,2,"Ec",1,0,0,0,0,0,0
"25683","1325","Ec_N",429,3,3,"Ec",1,0,0,0,0,0,0
"25684","1325","Ec_N",429,4,4,"Ec",1,0,0,0,0,0,0
"25685","1325","Ec_N",429,5,5,"Ec",9,0,0,0,1,0,0.0490244839602376
"25686","1325","Ec_N",429,6,6,"Ec",9,0,0,0,1,0,0.0490244839602376
"25687","1325","Ec_N",429,7,7,"Ec",9,0,0,0,1,0,0.0490244839602376
"25688","1325","Ec_N",429,8,8,"Ec",9,0,0,0,1,0,0.0490244839602376
"25689","1325","Ec_N",429,9,9,"Ec",9,0,0,0,1,0,0.0490244839602376
"25690","1325","Ec_N",429,10,10,"Ec",9,0,0,0,1,0,0.0490244839602376
"25691","1325","Ec_N",429,11,11,"Ec",9,0,0,0,1,0,0.0490244839602376
"25692","1325","Ec_N",429,12,12,"Ec",9,0,0,0,1,0,0.0490244839602376
"25693","1325","Ec_N",429,13,13,"Ec",9,0,0,0,1,0,0.0490244839602376
"25694","1325","Ec_N",429,14,14,"Ec",25,0,0,0,1,1,0.112710429195588
"25695","1325","Ec_N",429,15,15,"Ec",25,0,0,0,1,1,0.112710429195588
"25696","1325","Ec_N",429,16,16,"Ec",25,0,0,0,1,1,0.112710429195588
"25697","1325","Ec_N",429,17,17,"Ec",25,0,0,0,1,1,0.112710429195588
"25698","1325","Ec_N",429,18,18,"Ec",25,0,0,0,1,1,0.112710429195588
"25699","1325","Ec_N",429,19,19,"Ec",27,0,1,0,1,1,0.533148725443406
"25700","1325","Ec_N",429,20,20,"Ec",31,0,1,1,1,1,0.6927777538956
"25701","1325","Ec_N",429,21,21,"Ec",31,0,1,1,1,1,0.6927777538956
"25702","1325","Ec_N",429,22,22,"Ec",31,0,1,1,1,1,0.6927777538956
"25703","1325","Ec_N",429,23,23,"Ec",31,0,1,1,1,1,0.6927777538956
"25704","1325","Ec_N",429,24,24,"Ec",31,0,1,1,1,1,0.6927777538956
"25705","1325","Ec_N",429,25,25,"Ec",31,0,1,1,1,1,0.6927777538956
"25706","1325","Ec_N",429,26,26,"Ec",31,0,1,1,1,1,0.6927777538956
"25707","1325","Ec_N",429,27,27,"Ec",31,0,1,1,1,1,0.6927777538956
"25708","1325","Ec_N",429,28,28,"Ec",31,0,1,1,1,1,0.6927777538956
"25709","1325","Ec_N",429,29,29,"Ec",31,0,1,1,1,1,0.6927777538956
"25710","1325","Ec_N",429,30,30,"Ec",31,0,1,1,1,1,0.6927777538956
"25711","1325","Ec_N",429,31,31,"Ec",31,0,1,1,1,1,0.6927777538956
"25712","1325","Ec_N",429,32,32,"Ec",31,0,1,1,1,1,0.6927777538956
"25713","1325","Ec_N",429,33,33,"Ec",31,0,1,1,1,1,0.6927777538956
"25714","1325","Ec_N",429,34,34,"Ec",31,0,1,1,1,1,0.6927777538956
"25715","1325","Ec_N",429,35,35,"Ec",31,0,1,1,1,1,0.6927777538956
"25716","1325","Ec_N",429,36,36,"Ec",31,0,1,1,1,1,0.6927777538956
"25717","1325","Ec_N",429,37,37,"Ec",31,0,1,1,1,1,0.6927777538956
"25718","1325","Ec_N",429,38,38,"Ec",31,0,1,1,1,1,0.6927777538956
"25719","1325","Ec_N",429,39,39,"Ec",31,0,1,1,1,1,0.6927777538956
"25720","1325","Ec_N",429,40,40,"Ec",31,0,1,1,1,1,0.6927777538956
"25721","1325","Ec_N",429,41,41,"Ec",31,0,1,1,1,1,0.6927777538956
"25722","1325","Ec_N",429,42,42,"Ec",31,0,1,1,1,1,0.6927777538956
"25723","1325","Ec_N",429,43,43,"Ec",31,0,1,1,1,1,0.6927777538956
"25724","1325","Ec_N",429,44,44,"Ec",31,0,1,1,1,1,0.6927777538956
"25725","1325","Ec_N",429,45,45,"Ec",31,0,1,1,1,1,0.6927777538956
"25726","1325","Ec_N",429,46,46,"Ec",31,0,1,1,1,1,0.6927777538956
"25727","1325","Ec_N",429,47,47,"Ec",31,0,1,1,1,1,0.6927777538956
"25728","1325","Ec_N",429,48,48,"Ec",31,0,1,1,1,1,0.6927777538956
"25729","1325","Ec_N",429,49,49,"Ec",32,1,1,1,1,1,1
"25730","1325","Ec_N",429,50,50,"Ec",32,1,1,1,1,1,1
"25731","1325","Ec_N",429,51,51,"Ec",32,1,1,1,1,1,1
"25732","1325","Ec_N",429,52,52,"Ec",32,1,1,1,1,1,1
"25733","1325","Ec_N",429,53,53,"Ec",32,1,1,1,1,1,1
"25734","1325","Ec_N",429,54,54,"Ec",32,1,1,1,1,1,1
"25735","1325","Ec_N",429,55,55,"Ec",32,1,1,1,1,1,1
"25736","1325","Ec_N",429,56,56,"Ec",32,1,1,1,1,1,1
"25737","1325","Ec_N",429,57,57,"Ec",32,1,1,1,1,1,1
"25738","1325","Ec_N",429,58,58,"Ec",32,1,1,1,1,1,1
"25739","1325","Ec_N",429,59,59,"Ec",32,1,1,1,1,1,1
"25740","1325","Ec_N",429,60,60,"Ec",32,1,1,1,1,1,1
"25741","1325","Ec_N",430,1,1,"Ec",1,0,0,0,0,0,0
"25742","1325","Ec_N",430,2,2,"Ec",1,0,0,0,0,0,0
"25743","1325","Ec_N",430,3,3,"Ec",1,0,0,0,0,0,0
"25744","1325","Ec_N",430,4,4,"Ec",1,0,0,0,0,0,0
"25745","1325","Ec_N",430,5,5,"Ec",17,0,0,0,0,1,0.0636859452353503
"25746","1325","Ec_N",430,6,6,"Ec",17,0,0,0,0,1,0.0636859452353503
"25747","1325","Ec_N",430,7,7,"Ec",19,0,1,0,0,1,0.484124241483168
"25748","1325","Ec_N",430,8,8,"Ec",19,0,1,0,0,1,0.484124241483168
"25749","1325","Ec_N",430,9,9,"Ec",19,0,1,0,0,1,0.484124241483168
"25750","1325","Ec_N",430,10,10,"Ec",23,0,1,1,0,1,0.57389469344254
"25751","1325","Ec_N",430,11,11,"Ec",31,0,1,1,1,1,0.6927777538956
"25752","1325","Ec_N",430,12,12,"Ec",31,0,1,1,1,1,0.6927777538956
"25753","1325","Ec_N",430,13,13,"Ec",31,0,1,1,1,1,0.6927777538956
"25754","1325","Ec_N",430,14,14,"Ec",31,0,1,1,1,1,0.6927777538956
"25755","1325","Ec_N",430,15,15,"Ec",31,0,1,1,1,1,0.6927777538956
"25756","1325","Ec_N",430,16,16,"Ec",31,0,1,1,1,1,0.6927777538956
"25757","1325","Ec_N",430,17,17,"Ec",31,0,1,1,1,1,0.6927777538956
"25758","1325","Ec_N",430,18,18,"Ec",31,0,1,1,1,1,0.6927777538956
"25759","1325","Ec_N",430,19,19,"Ec",31,0,1,1,1,1,0.6927777538956
"25760","1325","Ec_N",430,20,20,"Ec",31,0,1,1,1,1,0.6927777538956
"25761","1325","Ec_N",430,21,21,"Ec",31,0,1,1,1,1,0.6927777538956
"25762","1325","Ec_N",430,22,22,"Ec",31,0,1,1,1,1,0.6927777538956
"25763","1325","Ec_N",430,23,23,"Ec",31,0,1,1,1,1,0.6927777538956
"25764","1325","Ec_N",430,24,24,"Ec",31,0,1,1,1,1,0.6927777538956
"25765","1325","Ec_N",430,25,25,"Ec",31,0,1,1,1,1,0.6927777538956
"25766","1325","Ec_N",430,26,26,"Ec",31,0,1,1,1,1,0.6927777538956
"25767","1325","Ec_N",430,27,27,"Ec",31,0,1,1,1,1,0.6927777538956
"25768","1325","Ec_N",430,28,28,"Ec",31,0,1,1,1,1,0.6927777538956
"25769","1325","Ec_N",430,29,29,"Ec",31,0,1,1,1,1,0.6927777538956
"25770","1325","Ec_N",430,30,30,"Ec",31,0,1,1,1,1,0.6927777538956
"25771","1325","Ec_N",430,31,31,"Ec",31,0,1,1,1,1,0.6927777538956
"25772","1325","Ec_N",430,32,32,"Ec",31,0,1,1,1,1,0.6927777538956
"25773","1325","Ec_N",430,33,33,"Ec",31,0,1,1,1,1,0.6927777538956
"25774","1325","Ec_N",430,34,34,"Ec",31,0,1,1,1,1,0.6927777538956
"25775","1325","Ec_N",430,35,35,"Ec",31,0,1,1,1,1,0.6927777538956
"25776","1325","Ec_N",430,36,36,"Ec",31,0,1,1,1,1,0.6927777538956
"25777","1325","Ec_N",430,37,37,"Ec",31,0,1,1,1,1,0.6927777538956
"25778","1325","Ec_N",430,38,38,"Ec",31,0,1,1,1,1,0.6927777538956
"25779","1325","Ec_N",430,39,39,"Ec",31,0,1,1,1,1,0.6927777538956
"25780","1325","Ec_N",430,40,40,"Ec",31,0,1,1,1,1,0.6927777538956
"25781","1325","Ec_N",430,41,41,"Ec",31,0,1,1,1,1,0.6927777538956
"25782","1325","Ec_N",430,42,42,"Ec",31,0,1,1,1,1,0.6927777538956
"25783","1325","Ec_N",430,43,43,"Ec",31,0,1,1,1,1,0.6927777538956
"25784","1325","Ec_N",430,44,44,"Ec",31,0,1,1,1,1,0.6927777538956
"25785","1325","Ec_N",430,45,45,"Ec",31,0,1,1,1,1,0.6927777538956
"25786","1325","Ec_N",430,46,46,"Ec",31,0,1,1,1,1,0.6927777538956
"25787","1325","Ec_N",430,47,47,"Ec",31,0,1,1,1,1,0.6927777538956
"25788","1325","Ec_N",430,48,48,"Ec",31,0,1,1,1,1,0.6927777538956
"25789","1325","Ec_N",430,49,49,"Ec",31,0,1,1,1,1,0.6927777538956
"25790","1325","Ec_N",430,50,50,"Ec",31,0,1,1,1,1,0.6927777538956
"25791","1325","Ec_N",430,51,51,"Ec",31,0,1,1,1,1,0.6927777538956
"25792","1325","Ec_N",430,52,52,"Ec",31,0,1,1,1,1,0.6927777538956
"25793","1325","Ec_N",430,53,53,"Ec",31,0,1,1,1,1,0.6927777538956
"25794","1325","Ec_N",430,54,54,"Ec",31,0,1,1,1,1,0.6927777538956
"25795","1325","Ec_N",430,55,55,"Ec",31,0,1,1,1,1,0.6927777538956
"25796","1325","Ec_N",430,56,56,"Ec",31,0,1,1,1,1,0.6927777538956
"25797","1325","Ec_N",430,57,57,"Ec",31,0,1,1,1,1,0.6927777538956
"25798","1325","Ec_N",430,58,58,"Ec",31,0,1,1,1,1,0.6927777538956
"25799","1325","Ec_N",430,59,59,"Ec",31,0,1,1,1,1,0.6927777538956
"25800","1325","Ec_N",430,60,60,"Ec",31,0,1,1,1,1,0.6927777538956
"25801","1325","Ec_N",431,1,1,"Ec",1,0,0,0,0,0,0
"25802","1325","Ec_N",431,2,2,"Ec",1,0,0,0,0,0,0
"25803","1325","Ec_N",431,3,3,"Ec",1,0,0,0,0,0,0
"25804","1325","Ec_N",431,4,4,"Ec",1,0,0,0,0,0,0
"25805","1325","Ec_N",431,5,5,"Ec",3,0,1,0,0,0,0.420438296247818
"25806","1325","Ec_N",431,6,6,"Ec",3,0,1,0,0,0,0.420438296247818
"25807","1325","Ec_N",431,7,7,"Ec",3,0,1,0,0,0,0.420438296247818
"25808","1325","Ec_N",431,8,8,"Ec",3,0,1,0,0,0,0.420438296247818
"25809","1325","Ec_N",431,9,9,"Ec",3,0,1,0,0,0,0.420438296247818
"25810","1325","Ec_N",431,10,10,"Ec",3,0,1,0,0,0,0.420438296247818
"25811","1325","Ec_N",431,11,11,"Ec",4,1,1,0,0,0,0.727660542352217
"25812","1325","Ec_N",431,12,12,"Ec",4,1,1,0,0,0,0.727660542352217
"25813","1325","Ec_N",431,13,13,"Ec",4,1,1,0,0,0,0.727660542352217
"25814","1325","Ec_N",431,14,14,"Ec",4,1,1,0,0,0,0.727660542352217
"25815","1325","Ec_N",431,15,15,"Ec",4,1,1,0,0,0,0.727660542352217
"25816","1325","Ec_N",431,16,16,"Ec",20,1,1,0,0,1,0.791346487587567
"25817","1325","Ec_N",431,17,17,"Ec",24,1,1,1,0,1,0.872975948786018
"25818","1325","Ec_N",431,18,18,"Ec",24,1,1,1,0,1,0.872975948786018
"25819","1325","Ec_N",431,19,19,"Ec",24,1,1,1,0,1,0.872975948786018
"25820","1325","Ec_N",431,20,20,"Ec",24,1,1,1,0,1,0.872975948786018
"25821","1325","Ec_N",431,21,21,"Ec",24,1,1,1,0,1,0.872975948786018
"25822","1325","Ec_N",431,22,22,"Ec",24,1,1,1,0,1,0.872975948786018
"25823","1325","Ec_N",431,23,23,"Ec",24,1,1,1,0,1,0.872975948786018
"25824","1325","Ec_N",431,24,24,"Ec",24,1,1,1,0,1,0.872975948786018
"25825","1325","Ec_N",431,25,25,"Ec",32,1,1,1,1,1,1
"25826","1325","Ec_N",431,26,26,"Ec",32,1,1,1,1,1,1
"25827","1325","Ec_N",431,27,27,"Ec",32,1,1,1,1,1,1
"25828","1325","Ec_N",431,28,28,"Ec",32,1,1,1,1,1,1
"25829","1325","Ec_N",431,29,29,"Ec",32,1,1,1,1,1,1
"25830","1325","Ec_N",431,30,30,"Ec",32,1,1,1,1,1,1
"25831","1325","Ec_N",431,31,31,"Ec",32,1,1,1,1,1,1
"25832","1325","Ec_N",431,32,32,"Ec",32,1,1,1,1,1,1
"25833","1325","Ec_N",431,33,33,"Ec",32,1,1,1,1,1,1
"25834","1325","Ec_N",431,34,34,"Ec",32,1,1,1,1,1,1
"25835","1325","Ec_N",431,35,35,"Ec",32,1,1,1,1,1,1
"25836","1325","Ec_N",431,36,36,"Ec",32,1,1,1,1,1,1
"25837","1325","Ec_N",431,37,37,"Ec",32,1,1,1,1,1,1
"25838","1325","Ec_N",431,38,38,"Ec",32,1,1,1,1,1,1
"25839","1325","Ec_N",431,39,39,"Ec",32,1,1,1,1,1,1
"25840","1325","Ec_N",431,40,40,"Ec",32,1,1,1,1,1,1
"25841","1325","Ec_N",431,41,41,"Ec",32,1,1,1,1,1,1
"25842","1325","Ec_N",431,42,42,"Ec",32,1,1,1,1,1,1
"25843","1325","Ec_N",431,43,43,"Ec",32,1,1,1,1,1,1
"25844","1325","Ec_N",431,44,44,"Ec",32,1,1,1,1,1,1
"25845","1325","Ec_N",431,45,45,"Ec",32,1,1,1,1,1,1
"25846","1325","Ec_N",431,46,46,"Ec",32,1,1,1,1,1,1
"25847","1325","Ec_N",431,47,47,"Ec",32,1,1,1,1,1,1
"25848","1325","Ec_N",431,48,48,"Ec",32,1,1,1,1,1,1
"25849","1325","Ec_N",431,49,49,"Ec",32,1,1,1,1,1,1
"25850","1325","Ec_N",431,50,50,"Ec",32,1,1,1,1,1,1
"25851","1325","Ec_N",431,51,51,"Ec",32,1,1,1,1,1,1
"25852","1325","Ec_N",431,52,52,"Ec",32,1,1,1,1,1,1
"25853","1325","Ec_N",431,53,53,"Ec",32,1,1,1,1,1,1
"25854","1325","Ec_N",431,54,54,"Ec",32,1,1,1,1,1,1
"25855","1325","Ec_N",431,55,55,"Ec",32,1,1,1,1,1,1
"25856","1325","Ec_N",431,56,56,"Ec",32,1,1,1,1,1,1
"25857","1325","Ec_N",431,57,57,"Ec",32,1,1,1,1,1,1
"25858","1325","Ec_N",431,58,58,"Ec",32,1,1,1,1,1,1
"25859","1325","Ec_N",431,59,59,"Ec",32,1,1,1,1,1,1
"25860","1325","Ec_N",431,60,60,"Ec",32,1,1,1,1,1,1
"25861","1325","Ec_N",432,1,1,"Ec",1,0,0,0,0,0,0
"25862","1325","Ec_N",432,2,2,"Ec",1,0,0,0,0,0,0
"25863","1325","Ec_N",432,3,3,"Ec",1,0,0,0,0,0,0
"25864","1325","Ec_N",432,4,4,"Ec",1,0,0,0,0,0,0
"25865","1325","Ec_N",432,5,5,"Ec",9,0,0,0,1,0,0.0490244839602376
"25866","1325","Ec_N",432,6,6,"Ec",9,0,0,0,1,0,0.0490244839602376
"25867","1325","Ec_N",432,7,7,"Ec",9,0,0,0,1,0,0.0490244839602376
"25868","1325","Ec_N",432,8,8,"Ec",11,0,1,0,1,0,0.503461616060769
"25869","1325","Ec_N",432,9,9,"Ec",11,0,1,0,1,0,0.503461616060769
"25870","1325","Ec_N",432,10,10,"Ec",11,0,1,0,1,0,0.503461616060769
"25871","1325","Ec_N",432,11,11,"Ec",11,0,1,0,1,0,0.503461616060769
"25872","1325","Ec_N",432,12,12,"Ec",15,0,1,1,1,0,0.62909180866025
"25873","1325","Ec_N",432,13,13,"Ec",15,0,1,1,1,0,0.62909180866025
"25874","1325","Ec_N",432,14,14,"Ec",15,0,1,1,1,0,0.62909180866025
"25875","1325","Ec_N",432,15,15,"Ec",15,0,1,1,1,0,0.62909180866025
"25876","1325","Ec_N",432,16,16,"Ec",15,0,1,1,1,0,0.62909180866025
"25877","1325","Ec_N",432,17,17,"Ec",15,0,1,1,1,0,0.62909180866025
"25878","1325","Ec_N",432,18,18,"Ec",15,0,1,1,1,0,0.62909180866025
"25879","1325","Ec_N",432,19,19,"Ec",16,1,1,1,1,0,0.93631405476465
"25880","1325","Ec_N",432,20,20,"Ec",16,1,1,1,1,0,0.93631405476465
"25881","1325","Ec_N",432,21,21,"Ec",16,1,1,1,1,0,0.93631405476465
"25882","1325","Ec_N",432,22,22,"Ec",16,1,1,1,1,0,0.93631405476465
"25883","1325","Ec_N",432,23,23,"Ec",16,1,1,1,1,0,0.93631405476465
"25884","1325","Ec_N",432,24,24,"Ec",16,1,1,1,1,0,0.93631405476465
"25885","1325","Ec_N",432,25,25,"Ec",16,1,1,1,1,0,0.93631405476465
"25886","1325","Ec_N",432,26,26,"Ec",16,1,1,1,1,0,0.93631405476465
"25887","1325","Ec_N",432,27,27,"Ec",16,1,1,1,1,0,0.93631405476465
"25888","1325","Ec_N",432,28,28,"Ec",16,1,1,1,1,0,0.93631405476465
"25889","1325","Ec_N",432,29,29,"Ec",16,1,1,1,1,0,0.93631405476465
"25890","1325","Ec_N",432,30,30,"Ec",16,1,1,1,1,0,0.93631405476465
"25891","1325","Ec_N",432,31,31,"Ec",16,1,1,1,1,0,0.93631405476465
"25892","1325","Ec_N",432,32,32,"Ec",16,1,1,1,1,0,0.93631405476465
"25893","1325","Ec_N",432,33,33,"Ec",16,1,1,1,1,0,0.93631405476465
"25894","1325","Ec_N",432,34,34,"Ec",16,1,1,1,1,0,0.93631405476465
"25895","1325","Ec_N",432,35,35,"Ec",16,1,1,1,1,0,0.93631405476465
"25896","1325","Ec_N",432,36,36,"Ec",16,1,1,1,1,0,0.93631405476465
"25897","1325","Ec_N",432,37,37,"Ec",16,1,1,1,1,0,0.93631405476465
"25898","1325","Ec_N",432,38,38,"Ec",16,1,1,1,1,0,0.93631405476465
"25899","1325","Ec_N",432,39,39,"Ec",16,1,1,1,1,0,0.93631405476465
"25900","1325","Ec_N",432,40,40,"Ec",16,1,1,1,1,0,0.93631405476465
"25901","1325","Ec_N",432,41,41,"Ec",32,1,1,1,1,1,1
"25902","1325","Ec_N",432,42,42,"Ec",32,1,1,1,1,1,1
"25903","1325","Ec_N",432,43,43,"Ec",32,1,1,1,1,1,1
"25904","1325","Ec_N",432,44,44,"Ec",32,1,1,1,1,1,1
"25905","1325","Ec_N",432,45,45,"Ec",32,1,1,1,1,1,1
"25906","1325","Ec_N",432,46,46,"Ec",32,1,1,1,1,1,1
"25907","1325","Ec_N",432,47,47,"Ec",32,1,1,1,1,1,1
"25908","1325","Ec_N",432,48,48,"Ec",32,1,1,1,1,1,1
"25909","1325","Ec_N",432,49,49,"Ec",32,1,1,1,1,1,1
"25910","1325","Ec_N",432,50,50,"Ec",32,1,1,1,1,1,1
"25911","1325","Ec_N",432,51,51,"Ec",32,1,1,1,1,1,1
"25912","1325","Ec_N",432,52,52,"Ec",32,1,1,1,1,1,1
"25913","1325","Ec_N",432,53,53,"Ec",32,1,1,1,1,1,1
"25914","1325","Ec_N",432,54,54,"Ec",32,1,1,1,1,1,1
"25915","1325","Ec_N",432,55,55,"Ec",32,1,1,1,1,1,1
"25916","1325","Ec_N",432,56,56,"Ec",32,1,1,1,1,1,1
"25917","1325","Ec_N",432,57,57,"Ec",32,1,1,1,1,1,1
"25918","1325","Ec_N",432,58,58,"Ec",32,1,1,1,1,1,1
"25919","1325","Ec_N",432,59,59,"Ec",32,1,1,1,1,1,1
"25920","1325","Ec_N",432,60,60,"Ec",32,1,1,1,1,1,1
"25921","1325","Ec_N",433,1,1,"Ec",1,0,0,0,0,0,0
"25922","1325","Ec_N",433,2,2,"Ec",5,0,0,1,0,0,0.159629028452195
"25923","1325","Ec_N",433,3,3,"Ec",5,0,0,1,0,0,0.159629028452195
"25924","1325","Ec_N",433,4,4,"Ec",5,0,0,1,0,0,0.159629028452195
"25925","1325","Ec_N",433,5,5,"Ec",5,0,0,1,0,0,0.159629028452195
"25926","1325","Ec_N",433,6,6,"Ec",5,0,0,1,0,0,0.159629028452195
"25927","1325","Ec_N",433,7,7,"Ec",5,0,0,1,0,0,0.159629028452195
"25928","1325","Ec_N",433,8,8,"Ec",5,0,0,1,0,0,0.159629028452195
"25929","1325","Ec_N",433,9,9,"Ec",5,0,0,1,0,0,0.159629028452195
"25930","1325","Ec_N",433,10,10,"Ec",5,0,0,1,0,0,0.159629028452195
"25931","1325","Ec_N",433,11,11,"Ec",5,0,0,1,0,0,0.159629028452195
"25932","1325","Ec_N",433,12,12,"Ec",5,0,0,1,0,0,0.159629028452195
"25933","1325","Ec_N",433,13,13,"Ec",5,0,0,1,0,0,0.159629028452195
"25934","1325","Ec_N",433,14,14,"Ec",5,0,0,1,0,0,0.159629028452195
"25935","1325","Ec_N",433,15,15,"Ec",5,0,0,1,0,0,0.159629028452195
"25936","1325","Ec_N",433,16,16,"Ec",5,0,0,1,0,0,0.159629028452195
"25937","1325","Ec_N",433,17,17,"Ec",7,0,1,1,0,0,0.580067324700012
"25938","1325","Ec_N",433,18,18,"Ec",7,0,1,1,0,0,0.580067324700012
"25939","1325","Ec_N",433,19,19,"Ec",7,0,1,1,0,0,0.580067324700012
"25940","1325","Ec_N",433,20,20,"Ec",7,0,1,1,0,0,0.580067324700012
"25941","1325","Ec_N",433,21,21,"Ec",7,0,1,1,0,0,0.580067324700012
"25942","1325","Ec_N",433,22,22,"Ec",7,0,1,1,0,0,0.580067324700012
"25943","1325","Ec_N",433,23,23,"Ec",7,0,1,1,0,0,0.580067324700012
"25944","1325","Ec_N",433,24,24,"Ec",7,0,1,1,0,0,0.580067324700012
"25945","1325","Ec_N",433,25,25,"Ec",7,0,1,1,0,0,0.580067324700012
"25946","1325","Ec_N",433,26,26,"Ec",7,0,1,1,0,0,0.580067324700012
"25947","1325","Ec_N",433,27,27,"Ec",7,0,1,1,0,0,0.580067324700012
"25948","1325","Ec_N",433,28,28,"Ec",7,0,1,1,0,0,0.580067324700012
"25949","1325","Ec_N",433,29,29,"Ec",7,0,1,1,0,0,0.580067324700012
"25950","1325","Ec_N",433,30,30,"Ec",7,0,1,1,0,0,0.580067324700012
"25951","1325","Ec_N",433,31,31,"Ec",7,0,1,1,0,0,0.580067324700012
"25952","1325","Ec_N",433,32,32,"Ec",7,0,1,1,0,0,0.580067324700012
"25953","1325","Ec_N",433,33,33,"Ec",7,0,1,1,0,0,0.580067324700012
"25954","1325","Ec_N",433,34,34,"Ec",7,0,1,1,0,0,0.580067324700012
"25955","1325","Ec_N",433,35,35,"Ec",7,0,1,1,0,0,0.580067324700012
"25956","1325","Ec_N",433,36,36,"Ec",15,0,1,1,1,0,0.62909180866025
"25957","1325","Ec_N",433,37,37,"Ec",15,0,1,1,1,0,0.62909180866025
"25958","1325","Ec_N",433,38,38,"Ec",15,0,1,1,1,0,0.62909180866025
"25959","1325","Ec_N",433,39,39,"Ec",15,0,1,1,1,0,0.62909180866025
"25960","1325","Ec_N",433,40,40,"Ec",15,0,1,1,1,0,0.62909180866025
"25961","1325","Ec_N",433,41,41,"Ec",15,0,1,1,1,0,0.62909180866025
"25962","1325","Ec_N",433,42,42,"Ec",15,0,1,1,1,0,0.62909180866025
"25963","1325","Ec_N",433,43,43,"Ec",16,1,1,1,1,0,0.93631405476465
"25964","1325","Ec_N",433,44,44,"Ec",16,1,1,1,1,0,0.93631405476465
"25965","1325","Ec_N",433,45,45,"Ec",16,1,1,1,1,0,0.93631405476465
"25966","1325","Ec_N",433,46,46,"Ec",16,1,1,1,1,0,0.93631405476465
"25967","1325","Ec_N",433,47,47,"Ec",16,1,1,1,1,0,0.93631405476465
"25968","1325","Ec_N",433,48,48,"Ec",16,1,1,1,1,0,0.93631405476465
"25969","1325","Ec_N",433,49,49,"Ec",16,1,1,1,1,0,0.93631405476465
"25970","1325","Ec_N",433,50,50,"Ec",16,1,1,1,1,0,0.93631405476465
"25971","1325","Ec_N",433,51,51,"Ec",16,1,1,1,1,0,0.93631405476465
"25972","1325","Ec_N",433,52,52,"Ec",16,1,1,1,1,0,0.93631405476465
"25973","1325","Ec_N",433,53,53,"Ec",16,1,1,1,1,0,0.93631405476465
"25974","1325","Ec_N",433,54,54,"Ec",16,1,1,1,1,0,0.93631405476465
"25975","1325","Ec_N",433,55,55,"Ec",16,1,1,1,1,0,0.93631405476465
"25976","1325","Ec_N",433,56,56,"Ec",16,1,1,1,1,0,0.93631405476465
"25977","1325","Ec_N",433,57,57,"Ec",16,1,1,1,1,0,0.93631405476465
"25978","1325","Ec_N",433,58,58,"Ec",16,1,1,1,1,0,0.93631405476465
"25979","1325","Ec_N",433,59,59,"Ec",16,1,1,1,1,0,0.93631405476465
"25980","1325","Ec_N",433,60,60,"Ec",16,1,1,1,1,0,0.93631405476465
"25981","1325","Ec_N",434,1,1,"Ec",1,0,0,0,0,0,0
"25982","1325","Ec_N",434,2,2,"Ec",1,0,0,0,0,0,0
"25983","1325","Ec_N",434,3,3,"Ec",1,0,0,0,0,0,0
"25984","1325","Ec_N",434,4,4,"Ec",1,0,0,0,0,0,0
"25985","1325","Ec_N",434,5,5,"Ec",1,0,0,0,0,0,0
"25986","1325","Ec_N",434,6,6,"Ec",1,0,0,0,0,0,0
"25987","1325","Ec_N",434,7,7,"Ec",1,0,0,0,0,0,0
"25988","1325","Ec_N",434,8,8,"Ec",1,0,0,0,0,0,0
"25989","1325","Ec_N",434,9,9,"Ec",1,0,0,0,0,0,0
"25990","1325","Ec_N",434,10,10,"Ec",17,0,0,0,0,1,0.0636859452353503
"25991","1325","Ec_N",434,11,11,"Ec",17,0,0,0,0,1,0.0636859452353503
"25992","1325","Ec_N",434,12,12,"Ec",17,0,0,0,0,1,0.0636859452353503
"25993","1325","Ec_N",434,13,13,"Ec",19,0,1,0,0,1,0.484124241483168
"25994","1325","Ec_N",434,14,14,"Ec",19,0,1,0,0,1,0.484124241483168
"25995","1325","Ec_N",434,15,15,"Ec",19,0,1,0,0,1,0.484124241483168
"25996","1325","Ec_N",434,16,16,"Ec",19,0,1,0,0,1,0.484124241483168
"25997","1325","Ec_N",434,17,17,"Ec",19,0,1,0,0,1,0.484124241483168
"25998","1325","Ec_N",434,18,18,"Ec",19,0,1,0,0,1,0.484124241483168
"25999","1325","Ec_N",434,19,19,"Ec",19,0,1,0,0,1,0.484124241483168
"26000","1325","Ec_N",434,20,20,"Ec",19,0,1,0,0,1,0.484124241483168
"26001","1325","Ec_N",434,21,21,"Ec",23,0,1,1,0,1,0.57389469344254
"26002","1325","Ec_N",434,22,22,"Ec",31,0,1,1,1,1,0.6927777538956
"26003","1325","Ec_N",434,23,23,"Ec",31,0,1,1,1,1,0.6927777538956
"26004","1325","Ec_N",434,24,24,"Ec",31,0,1,1,1,1,0.6927777538956
"26005","1325","Ec_N",434,25,25,"Ec",31,0,1,1,1,1,0.6927777538956
"26006","1325","Ec_N",434,26,26,"Ec",31,0,1,1,1,1,0.6927777538956
"26007","1325","Ec_N",434,27,27,"Ec",32,1,1,1,1,1,1
"26008","1325","Ec_N",434,28,28,"Ec",32,1,1,1,1,1,1
"26009","1325","Ec_N",434,29,29,"Ec",32,1,1,1,1,1,1
"26010","1325","Ec_N",434,30,30,"Ec",32,1,1,1,1,1,1
"26011","1325","Ec_N",434,31,31,"Ec",32,1,1,1,1,1,1
"26012","1325","Ec_N",434,32,32,"Ec",32,1,1,1,1,1,1
"26013","1325","Ec_N",434,33,33,"Ec",32,1,1,1,1,1,1
"26014","1325","Ec_N",434,34,34,"Ec",32,1,1,1,1,1,1
"26015","1325","Ec_N",434,35,35,"Ec",32,1,1,1,1,1,1
"26016","1325","Ec_N",434,36,36,"Ec",32,1,1,1,1,1,1
"26017","1325","Ec_N",434,37,37,"Ec",32,1,1,1,1,1,1
"26018","1325","Ec_N",434,38,38,"Ec",32,1,1,1,1,1,1
"26019","1325","Ec_N",434,39,39,"Ec",32,1,1,1,1,1,1
"26020","1325","Ec_N",434,40,40,"Ec",32,1,1,1,1,1,1
"26021","1325","Ec_N",434,41,41,"Ec",32,1,1,1,1,1,1
"26022","1325","Ec_N",434,42,42,"Ec",32,1,1,1,1,1,1
"26023","1325","Ec_N",434,43,43,"Ec",32,1,1,1,1,1,1
"26024","1325","Ec_N",434,44,44,"Ec",32,1,1,1,1,1,1
"26025","1325","Ec_N",434,45,45,"Ec",32,1,1,1,1,1,1
"26026","1325","Ec_N",434,46,46,"Ec",32,1,1,1,1,1,1
"26027","1325","Ec_N",434,47,47,"Ec",32,1,1,1,1,1,1
"26028","1325","Ec_N",434,48,48,"Ec",32,1,1,1,1,1,1
"26029","1325","Ec_N",434,49,49,"Ec",32,1,1,1,1,1,1
"26030","1325","Ec_N",434,50,50,"Ec",32,1,1,1,1,1,1
"26031","1325","Ec_N",434,51,51,"Ec",32,1,1,1,1,1,1
"26032","1325","Ec_N",434,52,52,"Ec",32,1,1,1,1,1,1
"26033","1325","Ec_N",434,53,53,"Ec",32,1,1,1,1,1,1
"26034","1325","Ec_N",434,54,54,"Ec",32,1,1,1,1,1,1
"26035","1325","Ec_N",434,55,55,"Ec",32,1,1,1,1,1,1
"26036","1325","Ec_N",434,56,56,"Ec",32,1,1,1,1,1,1
"26037","1325","Ec_N",434,57,57,"Ec",32,1,1,1,1,1,1
"26038","1325","Ec_N",434,58,58,"Ec",32,1,1,1,1,1,1
"26039","1325","Ec_N",434,59,59,"Ec",32,1,1,1,1,1,1
"26040","1325","Ec_N",434,60,60,"Ec",32,1,1,1,1,1,1
"26041","1325","Ec_N",435,1,1,"Ec",1,0,0,0,0,0,0
"26042","1325","Ec_N",435,2,2,"Ec",1,0,0,0,0,0,0
"26043","1325","Ec_N",435,3,3,"Ec",1,0,0,0,0,0,0
"26044","1325","Ec_N",435,4,4,"Ec",1,0,0,0,0,0,0
"26045","1325","Ec_N",435,5,5,"Ec",5,0,0,1,0,0,0.159629028452195
"26046","1325","Ec_N",435,6,6,"Ec",5,0,0,1,0,0,0.159629028452195
"26047","1325","Ec_N",435,7,7,"Ec",5,0,0,1,0,0,0.159629028452195
"26048","1325","Ec_N",435,8,8,"Ec",5,0,0,1,0,0,0.159629028452195
"26049","1325","Ec_N",435,9,9,"Ec",5,0,0,1,0,0,0.159629028452195
"26050","1325","Ec_N",435,10,10,"Ec",5,0,0,1,0,0,0.159629028452195
"26051","1325","Ec_N",435,11,11,"Ec",5,0,0,1,0,0,0.159629028452195
"26052","1325","Ec_N",435,12,12,"Ec",5,0,0,1,0,0,0.159629028452195
"26053","1325","Ec_N",435,13,13,"Ec",5,0,0,1,0,0,0.159629028452195
"26054","1325","Ec_N",435,14,14,"Ec",5,0,0,1,0,0,0.159629028452195
"26055","1325","Ec_N",435,15,15,"Ec",5,0,0,1,0,0,0.159629028452195
"26056","1325","Ec_N",435,16,16,"Ec",5,0,0,1,0,0,0.159629028452195
"26057","1325","Ec_N",435,17,17,"Ec",5,0,0,1,0,0,0.159629028452195
"26058","1325","Ec_N",435,18,18,"Ec",5,0,0,1,0,0,0.159629028452195
"26059","1325","Ec_N",435,19,19,"Ec",5,0,0,1,0,0,0.159629028452195
"26060","1325","Ec_N",435,20,20,"Ec",6,1,0,1,0,0,0.466851274556594
"26061","1325","Ec_N",435,21,21,"Ec",8,1,1,1,0,0,0.887289570804412
"26062","1325","Ec_N",435,22,22,"Ec",8,1,1,1,0,0,0.887289570804412
"26063","1325","Ec_N",435,23,23,"Ec",8,1,1,1,0,0,0.887289570804412
"26064","1325","Ec_N",435,24,24,"Ec",8,1,1,1,0,0,0.887289570804412
"26065","1325","Ec_N",435,25,25,"Ec",8,1,1,1,0,0,0.887289570804412
"26066","1325","Ec_N",435,26,26,"Ec",8,1,1,1,0,0,0.887289570804412
"26067","1325","Ec_N",435,27,27,"Ec",8,1,1,1,0,0,0.887289570804412
"26068","1325","Ec_N",435,28,28,"Ec",8,1,1,1,0,0,0.887289570804412
"26069","1325","Ec_N",435,29,29,"Ec",8,1,1,1,0,0,0.887289570804412
"26070","1325","Ec_N",435,30,30,"Ec",8,1,1,1,0,0,0.887289570804412
"26071","1325","Ec_N",435,31,31,"Ec",8,1,1,1,0,0,0.887289570804412
"26072","1325","Ec_N",435,32,32,"Ec",8,1,1,1,0,0,0.887289570804412
"26073","1325","Ec_N",435,33,33,"Ec",8,1,1,1,0,0,0.887289570804412
"26074","1325","Ec_N",435,34,34,"Ec",8,1,1,1,0,0,0.887289570804412
"26075","1325","Ec_N",435,35,35,"Ec",8,1,1,1,0,0,0.887289570804412
"26076","1325","Ec_N",435,36,36,"Ec",8,1,1,1,0,0,0.887289570804412
"26077","1325","Ec_N",435,37,37,"Ec",8,1,1,1,0,0,0.887289570804412
"26078","1325","Ec_N",435,38,38,"Ec",8,1,1,1,0,0,0.887289570804412
"26079","1325","Ec_N",435,39,39,"Ec",8,1,1,1,0,0,0.887289570804412
"26080","1325","Ec_N",435,40,40,"Ec",8,1,1,1,0,0,0.887289570804412
"26081","1325","Ec_N",435,41,41,"Ec",8,1,1,1,0,0,0.887289570804412
"26082","1325","Ec_N",435,42,42,"Ec",8,1,1,1,0,0,0.887289570804412
"26083","1325","Ec_N",435,43,43,"Ec",8,1,1,1,0,0,0.887289570804412
"26084","1325","Ec_N",435,44,44,"Ec",8,1,1,1,0,0,0.887289570804412
"26085","1325","Ec_N",435,45,45,"Ec",8,1,1,1,0,0,0.887289570804412
"26086","1325","Ec_N",435,46,46,"Ec",8,1,1,1,0,0,0.887289570804412
"26087","1325","Ec_N",435,47,47,"Ec",8,1,1,1,0,0,0.887289570804412
"26088","1325","Ec_N",435,48,48,"Ec",8,1,1,1,0,0,0.887289570804412
"26089","1325","Ec_N",435,49,49,"Ec",8,1,1,1,0,0,0.887289570804412
"26090","1325","Ec_N",435,50,50,"Ec",8,1,1,1,0,0,0.887289570804412
"26091","1325","Ec_N",435,51,51,"Ec",8,1,1,1,0,0,0.887289570804412
"26092","1325","Ec_N",435,52,52,"Ec",8,1,1,1,0,0,0.887289570804412
"26093","1325","Ec_N",435,53,53,"Ec",8,1,1,1,0,0,0.887289570804412
"26094","1325","Ec_N",435,54,54,"Ec",8,1,1,1,0,0,0.887289570804412
"26095","1325","Ec_N",435,55,55,"Ec",8,1,1,1,0,0,0.887289570804412
"26096","1325","Ec_N",435,56,56,"Ec",8,1,1,1,0,0,0.887289570804412
"26097","1325","Ec_N",435,57,57,"Ec",8,1,1,1,0,0,0.887289570804412
"26098","1325","Ec_N",435,58,58,"Ec",8,1,1,1,0,0,0.887289570804412
"26099","1325","Ec_N",435,59,59,"Ec",8,1,1,1,0,0,0.887289570804412
"26100","1325","Ec_N",435,60,60,"Ec",8,1,1,1,0,0,0.887289570804412
"26101","1325","Ec_N",436,1,1,"Ec",1,0,0,0,0,0,0
"26102","1325","Ec_N",436,2,2,"Ec",3,0,1,0,0,0,0.420438296247818
"26103","1325","Ec_N",436,3,3,"Ec",4,1,1,0,0,0,0.727660542352217
"26104","1325","Ec_N",436,4,4,"Ec",4,1,1,0,0,0,0.727660542352217
"26105","1325","Ec_N",436,5,5,"Ec",4,1,1,0,0,0,0.727660542352217
"26106","1325","Ec_N",436,6,6,"Ec",4,1,1,0,0,0,0.727660542352217
"26107","1325","Ec_N",436,7,7,"Ec",4,1,1,0,0,0,0.727660542352217
"26108","1325","Ec_N",436,8,8,"Ec",4,1,1,0,0,0,0.727660542352217
"26109","1325","Ec_N",436,9,9,"Ec",4,1,1,0,0,0,0.727660542352217
"26110","1325","Ec_N",436,10,10,"Ec",4,1,1,0,0,0,0.727660542352217
"26111","1325","Ec_N",436,11,11,"Ec",4,1,1,0,0,0,0.727660542352217
"26112","1325","Ec_N",436,12,12,"Ec",4,1,1,0,0,0,0.727660542352217
"26113","1325","Ec_N",436,13,13,"Ec",4,1,1,0,0,0,0.727660542352217
"26114","1325","Ec_N",436,14,14,"Ec",4,1,1,0,0,0,0.727660542352217
"26115","1325","Ec_N",436,15,15,"Ec",4,1,1,0,0,0,0.727660542352217
"26116","1325","Ec_N",436,16,16,"Ec",4,1,1,0,0,0,0.727660542352217
"26117","1325","Ec_N",436,17,17,"Ec",4,1,1,0,0,0,0.727660542352217
"26118","1325","Ec_N",436,18,18,"Ec",12,1,1,0,1,0,0.776685026312455
"26119","1325","Ec_N",436,19,19,"Ec",12,1,1,0,1,0,0.776685026312455
"26120","1325","Ec_N",436,20,20,"Ec",12,1,1,0,1,0,0.776685026312455
"26121","1325","Ec_N",436,21,21,"Ec",12,1,1,0,1,0,0.776685026312455
"26122","1325","Ec_N",436,22,22,"Ec",16,1,1,1,1,0,0.93631405476465
"26123","1325","Ec_N",436,23,23,"Ec",16,1,1,1,1,0,0.93631405476465
"26124","1325","Ec_N",436,24,24,"Ec",16,1,1,1,1,0,0.93631405476465
"26125","1325","Ec_N",436,25,25,"Ec",16,1,1,1,1,0,0.93631405476465
"26126","1325","Ec_N",436,26,26,"Ec",16,1,1,1,1,0,0.93631405476465
"26127","1325","Ec_N",436,27,27,"Ec",16,1,1,1,1,0,0.93631405476465
"26128","1325","Ec_N",436,28,28,"Ec",16,1,1,1,1,0,0.93631405476465
"26129","1325","Ec_N",436,29,29,"Ec",16,1,1,1,1,0,0.93631405476465
"26130","1325","Ec_N",436,30,30,"Ec",16,1,1,1,1,0,0.93631405476465
"26131","1325","Ec_N",436,31,31,"Ec",16,1,1,1,1,0,0.93631405476465
"26132","1325","Ec_N",436,32,32,"Ec",16,1,1,1,1,0,0.93631405476465
"26133","1325","Ec_N",436,33,33,"Ec",16,1,1,1,1,0,0.93631405476465
"26134","1325","Ec_N",436,34,34,"Ec",16,1,1,1,1,0,0.93631405476465
"26135","1325","Ec_N",436,35,35,"Ec",16,1,1,1,1,0,0.93631405476465
"26136","1325","Ec_N",436,36,36,"Ec",32,1,1,1,1,1,1
"26137","1325","Ec_N",436,37,37,"Ec",32,1,1,1,1,1,1
"26138","1325","Ec_N",436,38,38,"Ec",32,1,1,1,1,1,1
"26139","1325","Ec_N",436,39,39,"Ec",32,1,1,1,1,1,1
"26140","1325","Ec_N",436,40,40,"Ec",32,1,1,1,1,1,1
"26141","1325","Ec_N",436,41,41,"Ec",32,1,1,1,1,1,1
"26142","1325","Ec_N",436,42,42,"Ec",32,1,1,1,1,1,1
"26143","1325","Ec_N",436,43,43,"Ec",32,1,1,1,1,1,1
"26144","1325","Ec_N",436,44,44,"Ec",32,1,1,1,1,1,1
"26145","1325","Ec_N",436,45,45,"Ec",32,1,1,1,1,1,1
"26146","1325","Ec_N",436,46,46,"Ec",32,1,1,1,1,1,1
"26147","1325","Ec_N",436,47,47,"Ec",32,1,1,1,1,1,1
"26148","1325","Ec_N",436,48,48,"Ec",32,1,1,1,1,1,1
"26149","1325","Ec_N",436,49,49,"Ec",32,1,1,1,1,1,1
"26150","1325","Ec_N",436,50,50,"Ec",32,1,1,1,1,1,1
"26151","1325","Ec_N",436,51,51,"Ec",32,1,1,1,1,1,1
"26152","1325","Ec_N",436,52,52,"Ec",32,1,1,1,1,1,1
"26153","1325","Ec_N",436,53,53,"Ec",32,1,1,1,1,1,1
"26154","1325","Ec_N",436,54,54,"Ec",32,1,1,1,1,1,1
"26155","1325","Ec_N",436,55,55,"Ec",32,1,1,1,1,1,1
"26156","1325","Ec_N",436,56,56,"Ec",32,1,1,1,1,1,1
"26157","1325","Ec_N",436,57,57,"Ec",32,1,1,1,1,1,1
"26158","1325","Ec_N",436,58,58,"Ec",32,1,1,1,1,1,1
"26159","1325","Ec_N",436,59,59,"Ec",32,1,1,1,1,1,1
"26160","1325","Ec_N",436,60,60,"Ec",32,1,1,1,1,1,1
"26161","1325","Ec_N",437,1,1,"Ec",1,0,0,0,0,0,0
"26162","1325","Ec_N",437,2,2,"Ec",1,0,0,0,0,0,0
"26163","1325","Ec_N",437,3,3,"Ec",1,0,0,0,0,0,0
"26164","1325","Ec_N",437,4,4,"Ec",1,0,0,0,0,0,0
"26165","1325","Ec_N",437,5,5,"Ec",1,0,0,0,0,0,0
"26166","1325","Ec_N",437,6,6,"Ec",1,0,0,0,0,0,0
"26167","1325","Ec_N",437,7,7,"Ec",1,0,0,0,0,0,0
"26168","1325","Ec_N",437,8,8,"Ec",1,0,0,0,0,0,0
"26169","1325","Ec_N",437,9,9,"Ec",1,0,0,0,0,0,0
"26170","1325","Ec_N",437,10,10,"Ec",5,0,0,1,0,0,0.159629028452195
"26171","1325","Ec_N",437,11,11,"Ec",5,0,0,1,0,0,0.159629028452195
"26172","1325","Ec_N",437,12,12,"Ec",21,0,0,1,0,1,0.223314973687545
"26173","1325","Ec_N",437,13,13,"Ec",21,0,0,1,0,1,0.223314973687545
"26174","1325","Ec_N",437,14,14,"Ec",21,0,0,1,0,1,0.223314973687545
"26175","1325","Ec_N",437,15,15,"Ec",21,0,0,1,0,1,0.223314973687545
"26176","1325","Ec_N",437,16,16,"Ec",21,0,0,1,0,1,0.223314973687545
"26177","1325","Ec_N",437,17,17,"Ec",21,0,0,1,0,1,0.223314973687545
"26178","1325","Ec_N",437,18,18,"Ec",21,0,0,1,0,1,0.223314973687545
"26179","1325","Ec_N",437,19,19,"Ec",23,0,1,1,0,1,0.57389469344254
"26180","1325","Ec_N",437,20,20,"Ec",23,0,1,1,0,1,0.57389469344254
"26181","1325","Ec_N",437,21,21,"Ec",31,0,1,1,1,1,0.6927777538956
"26182","1325","Ec_N",437,22,22,"Ec",31,0,1,1,1,1,0.6927777538956
"26183","1325","Ec_N",437,23,23,"Ec",31,0,1,1,1,1,0.6927777538956
"26184","1325","Ec_N",437,24,24,"Ec",32,1,1,1,1,1,1
"26185","1325","Ec_N",437,25,25,"Ec",32,1,1,1,1,1,1
"26186","1325","Ec_N",437,26,26,"Ec",32,1,1,1,1,1,1
"26187","1325","Ec_N",437,27,27,"Ec",32,1,1,1,1,1,1
"26188","1325","Ec_N",437,28,28,"Ec",32,1,1,1,1,1,1
"26189","1325","Ec_N",437,29,29,"Ec",32,1,1,1,1,1,1
"26190","1325","Ec_N",437,30,30,"Ec",32,1,1,1,1,1,1
"26191","1325","Ec_N",437,31,31,"Ec",32,1,1,1,1,1,1
"26192","1325","Ec_N",437,32,32,"Ec",32,1,1,1,1,1,1
"26193","1325","Ec_N",437,33,33,"Ec",32,1,1,1,1,1,1
"26194","1325","Ec_N",437,34,34,"Ec",32,1,1,1,1,1,1
"26195","1325","Ec_N",437,35,35,"Ec",32,1,1,1,1,1,1
"26196","1325","Ec_N",437,36,36,"Ec",32,1,1,1,1,1,1
"26197","1325","Ec_N",437,37,37,"Ec",32,1,1,1,1,1,1
"26198","1325","Ec_N",437,38,38,"Ec",32,1,1,1,1,1,1
"26199","1325","Ec_N",437,39,39,"Ec",32,1,1,1,1,1,1
"26200","1325","Ec_N",437,40,40,"Ec",32,1,1,1,1,1,1
"26201","1325","Ec_N",437,41,41,"Ec",32,1,1,1,1,1,1
"26202","1325","Ec_N",437,42,42,"Ec",32,1,1,1,1,1,1
"26203","1325","Ec_N",437,43,43,"Ec",32,1,1,1,1,1,1
"26204","1325","Ec_N",437,44,44,"Ec",32,1,1,1,1,1,1
"26205","1325","Ec_N",437,45,45,"Ec",32,1,1,1,1,1,1
"26206","1325","Ec_N",437,46,46,"Ec",32,1,1,1,1,1,1
"26207","1325","Ec_N",437,47,47,"Ec",32,1,1,1,1,1,1
"26208","1325","Ec_N",437,48,48,"Ec",32,1,1,1,1,1,1
"26209","1325","Ec_N",437,49,49,"Ec",32,1,1,1,1,1,1
"26210","1325","Ec_N",437,50,50,"Ec",32,1,1,1,1,1,1
"26211","1325","Ec_N",437,51,51,"Ec",32,1,1,1,1,1,1
"26212","1325","Ec_N",437,52,52,"Ec",32,1,1,1,1,1,1
"26213","1325","Ec_N",437,53,53,"Ec",32,1,1,1,1,1,1
"26214","1325","Ec_N",437,54,54,"Ec",32,1,1,1,1,1,1
"26215","1325","Ec_N",437,55,55,"Ec",32,1,1,1,1,1,1
"26216","1325","Ec_N",437,56,56,"Ec",32,1,1,1,1,1,1
"26217","1325","Ec_N",437,57,57,"Ec",32,1,1,1,1,1,1
"26218","1325","Ec_N",437,58,58,"Ec",32,1,1,1,1,1,1
"26219","1325","Ec_N",437,59,59,"Ec",32,1,1,1,1,1,1
"26220","1325","Ec_N",437,60,60,"Ec",32,1,1,1,1,1,1
"26221","1325","Ec_N",438,1,1,"Ec",1,0,0,0,0,0,0
"26222","1325","Ec_N",438,2,2,"Ec",1,0,0,0,0,0,0
"26223","1325","Ec_N",438,3,3,"Ec",1,0,0,0,0,0,0
"26224","1325","Ec_N",438,4,4,"Ec",1,0,0,0,0,0,0
"26225","1325","Ec_N",438,5,5,"Ec",1,0,0,0,0,0,0
"26226","1325","Ec_N",438,6,6,"Ec",3,0,1,0,0,0,0.420438296247818
"26227","1325","Ec_N",438,7,7,"Ec",3,0,1,0,0,0,0.420438296247818
"26228","1325","Ec_N",438,8,8,"Ec",3,0,1,0,0,0,0.420438296247818
"26229","1325","Ec_N",438,9,9,"Ec",3,0,1,0,0,0,0.420438296247818
"26230","1325","Ec_N",438,10,10,"Ec",7,0,1,1,0,0,0.580067324700012
"26231","1325","Ec_N",438,11,11,"Ec",7,0,1,1,0,0,0.580067324700012
"26232","1325","Ec_N",438,12,12,"Ec",7,0,1,1,0,0,0.580067324700012
"26233","1325","Ec_N",438,13,13,"Ec",7,0,1,1,0,0,0.580067324700012
"26234","1325","Ec_N",438,14,14,"Ec",7,0,1,1,0,0,0.580067324700012
"26235","1325","Ec_N",438,15,15,"Ec",7,0,1,1,0,0,0.580067324700012
"26236","1325","Ec_N",438,16,16,"Ec",7,0,1,1,0,0,0.580067324700012
"26237","1325","Ec_N",438,17,17,"Ec",7,0,1,1,0,0,0.580067324700012
"26238","1325","Ec_N",438,18,18,"Ec",7,0,1,1,0,0,0.580067324700012
"26239","1325","Ec_N",438,19,19,"Ec",7,0,1,1,0,0,0.580067324700012
"26240","1325","Ec_N",438,20,20,"Ec",7,0,1,1,0,0,0.580067324700012
"26241","1325","Ec_N",438,21,21,"Ec",7,0,1,1,0,0,0.580067324700012
"26242","1325","Ec_N",438,22,22,"Ec",7,0,1,1,0,0,0.580067324700012
"26243","1325","Ec_N",438,23,23,"Ec",7,0,1,1,0,0,0.580067324700012
"26244","1325","Ec_N",438,24,24,"Ec",7,0,1,1,0,0,0.580067324700012
"26245","1325","Ec_N",438,25,25,"Ec",7,0,1,1,0,0,0.580067324700012
"26246","1325","Ec_N",438,26,26,"Ec",7,0,1,1,0,0,0.580067324700012
"26247","1325","Ec_N",438,27,27,"Ec",7,0,1,1,0,0,0.580067324700012
"26248","1325","Ec_N",438,28,28,"Ec",7,0,1,1,0,0,0.580067324700012
"26249","1325","Ec_N",438,29,29,"Ec",7,0,1,1,0,0,0.580067324700012
"26250","1325","Ec_N",438,30,30,"Ec",7,0,1,1,0,0,0.580067324700012
"26251","1325","Ec_N",438,31,31,"Ec",7,0,1,1,0,0,0.580067324700012
"26252","1325","Ec_N",438,32,32,"Ec",7,0,1,1,0,0,0.580067324700012
"26253","1325","Ec_N",438,33,33,"Ec",7,0,1,1,0,0,0.580067324700012
"26254","1325","Ec_N",438,34,34,"Ec",7,0,1,1,0,0,0.580067324700012
"26255","1325","Ec_N",438,35,35,"Ec",7,0,1,1,0,0,0.580067324700012
"26256","1325","Ec_N",438,36,36,"Ec",7,0,1,1,0,0,0.580067324700012
"26257","1325","Ec_N",438,37,37,"Ec",7,0,1,1,0,0,0.580067324700012
"26258","1325","Ec_N",438,38,38,"Ec",8,1,1,1,0,0,0.887289570804412
"26259","1325","Ec_N",438,39,39,"Ec",8,1,1,1,0,0,0.887289570804412
"26260","1325","Ec_N",438,40,40,"Ec",8,1,1,1,0,0,0.887289570804412
"26261","1325","Ec_N",438,41,41,"Ec",8,1,1,1,0,0,0.887289570804412
"26262","1325","Ec_N",438,42,42,"Ec",8,1,1,1,0,0,0.887289570804412
"26263","1325","Ec_N",438,43,43,"Ec",8,1,1,1,0,0,0.887289570804412
"26264","1325","Ec_N",438,44,44,"Ec",8,1,1,1,0,0,0.887289570804412
"26265","1325","Ec_N",438,45,45,"Ec",8,1,1,1,0,0,0.887289570804412
"26266","1325","Ec_N",438,46,46,"Ec",8,1,1,1,0,0,0.887289570804412
"26267","1325","Ec_N",438,47,47,"Ec",8,1,1,1,0,0,0.887289570804412
"26268","1325","Ec_N",438,48,48,"Ec",8,1,1,1,0,0,0.887289570804412
"26269","1325","Ec_N",438,49,49,"Ec",8,1,1,1,0,0,0.887289570804412
"26270","1325","Ec_N",438,50,50,"Ec",8,1,1,1,0,0,0.887289570804412
"26271","1325","Ec_N",438,51,51,"Ec",8,1,1,1,0,0,0.887289570804412
"26272","1325","Ec_N",438,52,52,"Ec",8,1,1,1,0,0,0.887289570804412
"26273","1325","Ec_N",438,53,53,"Ec",8,1,1,1,0,0,0.887289570804412
"26274","1325","Ec_N",438,54,54,"Ec",8,1,1,1,0,0,0.887289570804412
"26275","1325","Ec_N",438,55,55,"Ec",8,1,1,1,0,0,0.887289570804412
"26276","1325","Ec_N",438,56,56,"Ec",8,1,1,1,0,0,0.887289570804412
"26277","1325","Ec_N",438,57,57,"Ec",8,1,1,1,0,0,0.887289570804412
"26278","1325","Ec_N",438,58,58,"Ec",8,1,1,1,0,0,0.887289570804412
"26279","1325","Ec_N",438,59,59,"Ec",8,1,1,1,0,0,0.887289570804412
"26280","1325","Ec_N",438,60,60,"Ec",8,1,1,1,0,0,0.887289570804412
"26281","1325","Ec_N",439,1,1,"Ec",1,0,0,0,0,0,0
"26282","1325","Ec_N",439,2,2,"Ec",1,0,0,0,0,0,0
"26283","1325","Ec_N",439,3,3,"Ec",1,0,0,0,0,0,0
"26284","1325","Ec_N",439,4,4,"Ec",5,0,0,1,0,0,0.159629028452195
"26285","1325","Ec_N",439,5,5,"Ec",21,0,0,1,0,1,0.223314973687545
"26286","1325","Ec_N",439,6,6,"Ec",21,0,0,1,0,1,0.223314973687545
"26287","1325","Ec_N",439,7,7,"Ec",23,0,1,1,0,1,0.57389469344254
"26288","1325","Ec_N",439,8,8,"Ec",23,0,1,1,0,1,0.57389469344254
"26289","1325","Ec_N",439,9,9,"Ec",23,0,1,1,0,1,0.57389469344254
"26290","1325","Ec_N",439,10,10,"Ec",23,0,1,1,0,1,0.57389469344254
"26291","1325","Ec_N",439,11,11,"Ec",23,0,1,1,0,1,0.57389469344254
"26292","1325","Ec_N",439,12,12,"Ec",31,0,1,1,1,1,0.6927777538956
"26293","1325","Ec_N",439,13,13,"Ec",31,0,1,1,1,1,0.6927777538956
"26294","1325","Ec_N",439,14,14,"Ec",31,0,1,1,1,1,0.6927777538956
"26295","1325","Ec_N",439,15,15,"Ec",31,0,1,1,1,1,0.6927777538956
"26296","1325","Ec_N",439,16,16,"Ec",31,0,1,1,1,1,0.6927777538956
"26297","1325","Ec_N",439,17,17,"Ec",31,0,1,1,1,1,0.6927777538956
"26298","1325","Ec_N",439,18,18,"Ec",31,0,1,1,1,1,0.6927777538956
"26299","1325","Ec_N",439,19,19,"Ec",32,1,1,1,1,1,1
"26300","1325","Ec_N",439,20,20,"Ec",32,1,1,1,1,1,1
"26301","1325","Ec_N",439,21,21,"Ec",32,1,1,1,1,1,1
"26302","1325","Ec_N",439,22,22,"Ec",32,1,1,1,1,1,1
"26303","1325","Ec_N",439,23,23,"Ec",32,1,1,1,1,1,1
"26304","1325","Ec_N",439,24,24,"Ec",32,1,1,1,1,1,1
"26305","1325","Ec_N",439,25,25,"Ec",32,1,1,1,1,1,1
"26306","1325","Ec_N",439,26,26,"Ec",32,1,1,1,1,1,1
"26307","1325","Ec_N",439,27,27,"Ec",32,1,1,1,1,1,1
"26308","1325","Ec_N",439,28,28,"Ec",32,1,1,1,1,1,1
"26309","1325","Ec_N",439,29,29,"Ec",32,1,1,1,1,1,1
"26310","1325","Ec_N",439,30,30,"Ec",32,1,1,1,1,1,1
"26311","1325","Ec_N",439,31,31,"Ec",32,1,1,1,1,1,1
"26312","1325","Ec_N",439,32,32,"Ec",32,1,1,1,1,1,1
"26313","1325","Ec_N",439,33,33,"Ec",32,1,1,1,1,1,1
"26314","1325","Ec_N",439,34,34,"Ec",32,1,1,1,1,1,1
"26315","1325","Ec_N",439,35,35,"Ec",32,1,1,1,1,1,1
"26316","1325","Ec_N",439,36,36,"Ec",32,1,1,1,1,1,1
"26317","1325","Ec_N",439,37,37,"Ec",32,1,1,1,1,1,1
"26318","1325","Ec_N",439,38,38,"Ec",32,1,1,1,1,1,1
"26319","1325","Ec_N",439,39,39,"Ec",32,1,1,1,1,1,1
"26320","1325","Ec_N",439,40,40,"Ec",32,1,1,1,1,1,1
"26321","1325","Ec_N",439,41,41,"Ec",32,1,1,1,1,1,1
"26322","1325","Ec_N",439,42,42,"Ec",32,1,1,1,1,1,1
"26323","1325","Ec_N",439,43,43,"Ec",32,1,1,1,1,1,1
"26324","1325","Ec_N",439,44,44,"Ec",32,1,1,1,1,1,1
"26325","1325","Ec_N",439,45,45,"Ec",32,1,1,1,1,1,1
"26326","1325","Ec_N",439,46,46,"Ec",32,1,1,1,1,1,1
"26327","1325","Ec_N",439,47,47,"Ec",32,1,1,1,1,1,1
"26328","1325","Ec_N",439,48,48,"Ec",32,1,1,1,1,1,1
"26329","1325","Ec_N",439,49,49,"Ec",32,1,1,1,1,1,1
"26330","1325","Ec_N",439,50,50,"Ec",32,1,1,1,1,1,1
"26331","1325","Ec_N",439,51,51,"Ec",32,1,1,1,1,1,1
"26332","1325","Ec_N",439,52,52,"Ec",32,1,1,1,1,1,1
"26333","1325","Ec_N",439,53,53,"Ec",32,1,1,1,1,1,1
"26334","1325","Ec_N",439,54,54,"Ec",32,1,1,1,1,1,1
"26335","1325","Ec_N",439,55,55,"Ec",32,1,1,1,1,1,1
"26336","1325","Ec_N",439,56,56,"Ec",32,1,1,1,1,1,1
"26337","1325","Ec_N",439,57,57,"Ec",32,1,1,1,1,1,1
"26338","1325","Ec_N",439,58,58,"Ec",32,1,1,1,1,1,1
"26339","1325","Ec_N",439,59,59,"Ec",32,1,1,1,1,1,1
"26340","1325","Ec_N",439,60,60,"Ec",32,1,1,1,1,1,1
"26341","1325","Ec_N",440,1,1,"Ec",1,0,0,0,0,0,0
"26342","1325","Ec_N",440,2,2,"Ec",1,0,0,0,0,0,0
"26343","1325","Ec_N",440,3,3,"Ec",2,1,0,0,0,0,0.3072222461044
"26344","1325","Ec_N",440,4,4,"Ec",2,1,0,0,0,0,0.3072222461044
"26345","1325","Ec_N",440,5,5,"Ec",2,1,0,0,0,0,0.3072222461044
"26346","1325","Ec_N",440,6,6,"Ec",2,1,0,0,0,0,0.3072222461044
"26347","1325","Ec_N",440,7,7,"Ec",2,1,0,0,0,0,0.3072222461044
"26348","1325","Ec_N",440,8,8,"Ec",2,1,0,0,0,0,0.3072222461044
"26349","1325","Ec_N",440,9,9,"Ec",2,1,0,0,0,0,0.3072222461044
"26350","1325","Ec_N",440,10,10,"Ec",2,1,0,0,0,0,0.3072222461044
"26351","1325","Ec_N",440,11,11,"Ec",2,1,0,0,0,0,0.3072222461044
"26352","1325","Ec_N",440,12,12,"Ec",4,1,1,0,0,0,0.727660542352217
"26353","1325","Ec_N",440,13,13,"Ec",4,1,1,0,0,0,0.727660542352217
"26354","1325","Ec_N",440,14,14,"Ec",4,1,1,0,0,0,0.727660542352217
"26355","1325","Ec_N",440,15,15,"Ec",20,1,1,0,0,1,0.791346487587567
"26356","1325","Ec_N",440,16,16,"Ec",20,1,1,0,0,1,0.791346487587567
"26357","1325","Ec_N",440,17,17,"Ec",24,1,1,1,0,1,0.872975948786018
"26358","1325","Ec_N",440,18,18,"Ec",8,1,1,1,0,0,0.887289570804412
"26359","1325","Ec_N",440,19,19,"Ec",8,1,1,1,0,0,0.887289570804412
"26360","1325","Ec_N",440,20,20,"Ec",8,1,1,1,0,0,0.887289570804412
"26361","1325","Ec_N",440,21,21,"Ec",8,1,1,1,0,0,0.887289570804412
"26362","1325","Ec_N",440,22,22,"Ec",8,1,1,1,0,0,0.887289570804412
"26363","1325","Ec_N",440,23,23,"Ec",8,1,1,1,0,0,0.887289570804412
"26364","1325","Ec_N",440,24,24,"Ec",16,1,1,1,1,0,0.93631405476465
"26365","1325","Ec_N",440,25,25,"Ec",16,1,1,1,1,0,0.93631405476465
"26366","1325","Ec_N",440,26,26,"Ec",32,1,1,1,1,1,1
"26367","1325","Ec_N",440,27,27,"Ec",32,1,1,1,1,1,1
"26368","1325","Ec_N",440,28,28,"Ec",32,1,1,1,1,1,1
"26369","1325","Ec_N",440,29,29,"Ec",32,1,1,1,1,1,1
"26370","1325","Ec_N",440,30,30,"Ec",32,1,1,1,1,1,1
"26371","1325","Ec_N",440,31,31,"Ec",32,1,1,1,1,1,1
"26372","1325","Ec_N",440,32,32,"Ec",32,1,1,1,1,1,1
"26373","1325","Ec_N",440,33,33,"Ec",32,1,1,1,1,1,1
"26374","1325","Ec_N",440,34,34,"Ec",32,1,1,1,1,1,1
"26375","1325","Ec_N",440,35,35,"Ec",32,1,1,1,1,1,1
"26376","1325","Ec_N",440,36,36,"Ec",32,1,1,1,1,1,1
"26377","1325","Ec_N",440,37,37,"Ec",32,1,1,1,1,1,1
"26378","1325","Ec_N",440,38,38,"Ec",32,1,1,1,1,1,1
"26379","1325","Ec_N",440,39,39,"Ec",32,1,1,1,1,1,1
"26380","1325","Ec_N",440,40,40,"Ec",32,1,1,1,1,1,1
"26381","1325","Ec_N",440,41,41,"Ec",32,1,1,1,1,1,1
"26382","1325","Ec_N",440,42,42,"Ec",32,1,1,1,1,1,1
"26383","1325","Ec_N",440,43,43,"Ec",32,1,1,1,1,1,1
"26384","1325","Ec_N",440,44,44,"Ec",32,1,1,1,1,1,1
"26385","1325","Ec_N",440,45,45,"Ec",32,1,1,1,1,1,1
"26386","1325","Ec_N",440,46,46,"Ec",32,1,1,1,1,1,1
"26387","1325","Ec_N",440,47,47,"Ec",32,1,1,1,1,1,1
"26388","1325","Ec_N",440,48,48,"Ec",32,1,1,1,1,1,1
"26389","1325","Ec_N",440,49,49,"Ec",32,1,1,1,1,1,1
"26390","1325","Ec_N",440,50,50,"Ec",32,1,1,1,1,1,1
"26391","1325","Ec_N",440,51,51,"Ec",32,1,1,1,1,1,1
"26392","1325","Ec_N",440,52,52,"Ec",32,1,1,1,1,1,1
"26393","1325","Ec_N",440,53,53,"Ec",32,1,1,1,1,1,1
"26394","1325","Ec_N",440,54,54,"Ec",32,1,1,1,1,1,1
"26395","1325","Ec_N",440,55,55,"Ec",32,1,1,1,1,1,1
"26396","1325","Ec_N",440,56,56,"Ec",32,1,1,1,1,1,1
"26397","1325","Ec_N",440,57,57,"Ec",32,1,1,1,1,1,1
"26398","1325","Ec_N",440,58,58,"Ec",32,1,1,1,1,1,1
"26399","1325","Ec_N",440,59,59,"Ec",32,1,1,1,1,1,1
"26400","1325","Ec_N",440,60,60,"Ec",32,1,1,1,1,1,1
"26401","1325","Ec_N",441,1,1,"Ec",1,0,0,0,0,0,0
"26402","1325","Ec_N",441,2,2,"Ec",1,0,0,0,0,0,0
"26403","1325","Ec_N",441,3,3,"Ec",1,0,0,0,0,0,0
"26404","1325","Ec_N",441,4,4,"Ec",1,0,0,0,0,0,0
"26405","1325","Ec_N",441,5,5,"Ec",1,0,0,0,0,0,0
"26406","1325","Ec_N",441,6,6,"Ec",1,0,0,0,0,0,0
"26407","1325","Ec_N",441,7,7,"Ec",9,0,0,0,1,0,0.0490244839602376
"26408","1325","Ec_N",441,8,8,"Ec",9,0,0,0,1,0,0.0490244839602376
"26409","1325","Ec_N",441,9,9,"Ec",25,0,0,0,1,1,0.112710429195588
"26410","1325","Ec_N",441,10,10,"Ec",26,1,0,0,1,1,0.419932675299988
"26411","1325","Ec_N",441,11,11,"Ec",26,1,0,0,1,1,0.419932675299988
"26412","1325","Ec_N",441,12,12,"Ec",26,1,0,0,1,1,0.419932675299988
"26413","1325","Ec_N",441,13,13,"Ec",26,1,0,0,1,1,0.419932675299988
"26414","1325","Ec_N",441,14,14,"Ec",26,1,0,0,1,1,0.419932675299988
"26415","1325","Ec_N",441,15,15,"Ec",26,1,0,0,1,1,0.419932675299988
"26416","1325","Ec_N",441,16,16,"Ec",26,1,0,0,1,1,0.419932675299988
"26417","1325","Ec_N",441,17,17,"Ec",26,1,0,0,1,1,0.419932675299988
"26418","1325","Ec_N",441,18,18,"Ec",26,1,0,0,1,1,0.419932675299988
"26419","1325","Ec_N",441,19,19,"Ec",26,1,0,0,1,1,0.419932675299988
"26420","1325","Ec_N",441,20,20,"Ec",26,1,0,0,1,1,0.419932675299988
"26421","1325","Ec_N",441,21,21,"Ec",26,1,0,0,1,1,0.419932675299988
"26422","1325","Ec_N",441,22,22,"Ec",26,1,0,0,1,1,0.419932675299988
"26423","1325","Ec_N",441,23,23,"Ec",26,1,0,0,1,1,0.419932675299988
"26424","1325","Ec_N",441,24,24,"Ec",26,1,0,0,1,1,0.419932675299988
"26425","1325","Ec_N",441,25,25,"Ec",26,1,0,0,1,1,0.419932675299988
"26426","1325","Ec_N",441,26,26,"Ec",26,1,0,0,1,1,0.419932675299988
"26427","1325","Ec_N",441,27,27,"Ec",28,1,1,0,1,1,0.815884725734249
"26428","1325","Ec_N",441,28,28,"Ec",28,1,1,0,1,1,0.815884725734249
"26429","1325","Ec_N",441,29,29,"Ec",28,1,1,0,1,1,0.815884725734249
"26430","1325","Ec_N",441,30,30,"Ec",28,1,1,0,1,1,0.815884725734249
"26431","1325","Ec_N",441,31,31,"Ec",28,1,1,0,1,1,0.815884725734249
"26432","1325","Ec_N",441,32,32,"Ec",28,1,1,0,1,1,0.815884725734249
"26433","1325","Ec_N",441,33,33,"Ec",28,1,1,0,1,1,0.815884725734249
"26434","1325","Ec_N",441,34,34,"Ec",28,1,1,0,1,1,0.815884725734249
"26435","1325","Ec_N",441,35,35,"Ec",28,1,1,0,1,1,0.815884725734249
"26436","1325","Ec_N",441,36,36,"Ec",28,1,1,0,1,1,0.815884725734249
"26437","1325","Ec_N",441,37,37,"Ec",28,1,1,0,1,1,0.815884725734249
"26438","1325","Ec_N",441,38,38,"Ec",28,1,1,0,1,1,0.815884725734249
"26439","1325","Ec_N",441,39,39,"Ec",28,1,1,0,1,1,0.815884725734249
"26440","1325","Ec_N",441,40,40,"Ec",28,1,1,0,1,1,0.815884725734249
"26441","1325","Ec_N",441,41,41,"Ec",28,1,1,0,1,1,0.815884725734249
"26442","1325","Ec_N",441,42,42,"Ec",28,1,1,0,1,1,0.815884725734249
"26443","1325","Ec_N",441,43,43,"Ec",28,1,1,0,1,1,0.815884725734249
"26444","1325","Ec_N",441,44,44,"Ec",28,1,1,0,1,1,0.815884725734249
"26445","1325","Ec_N",441,45,45,"Ec",28,1,1,0,1,1,0.815884725734249
"26446","1325","Ec_N",441,46,46,"Ec",28,1,1,0,1,1,0.815884725734249
"26447","1325","Ec_N",441,47,47,"Ec",28,1,1,0,1,1,0.815884725734249
"26448","1325","Ec_N",441,48,48,"Ec",28,1,1,0,1,1,0.815884725734249
"26449","1325","Ec_N",441,49,49,"Ec",28,1,1,0,1,1,0.815884725734249
"26450","1325","Ec_N",441,50,50,"Ec",28,1,1,0,1,1,0.815884725734249
"26451","1325","Ec_N",441,51,51,"Ec",28,1,1,0,1,1,0.815884725734249
"26452","1325","Ec_N",441,52,52,"Ec",28,1,1,0,1,1,0.815884725734249
"26453","1325","Ec_N",441,53,53,"Ec",28,1,1,0,1,1,0.815884725734249
"26454","1325","Ec_N",441,54,54,"Ec",28,1,1,0,1,1,0.815884725734249
"26455","1325","Ec_N",441,55,55,"Ec",28,1,1,0,1,1,0.815884725734249
"26456","1325","Ec_N",441,56,56,"Ec",28,1,1,0,1,1,0.815884725734249
"26457","1325","Ec_N",441,57,57,"Ec",28,1,1,0,1,1,0.815884725734249
"26458","1325","Ec_N",441,58,58,"Ec",28,1,1,0,1,1,0.815884725734249
"26459","1325","Ec_N",441,59,59,"Ec",28,1,1,0,1,1,0.815884725734249
"26460","1325","Ec_N",441,60,60,"Ec",28,1,1,0,1,1,0.815884725734249
"26461","1325","Ec_N",442,1,1,"Ec",1,0,0,0,0,0,0
"26462","1325","Ec_N",442,2,2,"Ec",1,0,0,0,0,0,0
"26463","1325","Ec_N",442,3,3,"Ec",9,0,0,0,1,0,0.0490244839602376
"26464","1325","Ec_N",442,4,4,"Ec",9,0,0,0,1,0,0.0490244839602376
"26465","1325","Ec_N",442,5,5,"Ec",9,0,0,0,1,0,0.0490244839602376
"26466","1325","Ec_N",442,6,6,"Ec",9,0,0,0,1,0,0.0490244839602376
"26467","1325","Ec_N",442,7,7,"Ec",9,0,0,0,1,0,0.0490244839602376
"26468","1325","Ec_N",442,8,8,"Ec",9,0,0,0,1,0,0.0490244839602376
"26469","1325","Ec_N",442,9,9,"Ec",9,0,0,0,1,0,0.0490244839602376
"26470","1325","Ec_N",442,10,10,"Ec",9,0,0,0,1,0,0.0490244839602376
"26471","1325","Ec_N",442,11,11,"Ec",9,0,0,0,1,0,0.0490244839602376
"26472","1325","Ec_N",442,12,12,"Ec",9,0,0,0,1,0,0.0490244839602376
"26473","1325","Ec_N",442,13,13,"Ec",9,0,0,0,1,0,0.0490244839602376
"26474","1325","Ec_N",442,14,14,"Ec",9,0,0,0,1,0,0.0490244839602376
"26475","1325","Ec_N",442,15,15,"Ec",9,0,0,0,1,0,0.0490244839602376
"26476","1325","Ec_N",442,16,16,"Ec",9,0,0,0,1,0,0.0490244839602376
"26477","1325","Ec_N",442,17,17,"Ec",25,0,0,0,1,1,0.112710429195588
"26478","1325","Ec_N",442,18,18,"Ec",25,0,0,0,1,1,0.112710429195588
"26479","1325","Ec_N",442,19,19,"Ec",25,0,0,0,1,1,0.112710429195588
"26480","1325","Ec_N",442,20,20,"Ec",25,0,0,0,1,1,0.112710429195588
"26481","1325","Ec_N",442,21,21,"Ec",25,0,0,0,1,1,0.112710429195588
"26482","1325","Ec_N",442,22,22,"Ec",25,0,0,0,1,1,0.112710429195588
"26483","1325","Ec_N",442,23,23,"Ec",25,0,0,0,1,1,0.112710429195588
"26484","1325","Ec_N",442,24,24,"Ec",25,0,0,0,1,1,0.112710429195588
"26485","1325","Ec_N",442,25,25,"Ec",25,0,0,0,1,1,0.112710429195588
"26486","1325","Ec_N",442,26,26,"Ec",25,0,0,0,1,1,0.112710429195588
"26487","1325","Ec_N",442,27,27,"Ec",25,0,0,0,1,1,0.112710429195588
"26488","1325","Ec_N",442,28,28,"Ec",27,0,1,0,1,1,0.533148725443406
"26489","1325","Ec_N",442,29,29,"Ec",27,0,1,0,1,1,0.533148725443406
"26490","1325","Ec_N",442,30,30,"Ec",27,0,1,0,1,1,0.533148725443406
"26491","1325","Ec_N",442,31,31,"Ec",27,0,1,0,1,1,0.533148725443406
"26492","1325","Ec_N",442,32,32,"Ec",27,0,1,0,1,1,0.533148725443406
"26493","1325","Ec_N",442,33,33,"Ec",27,0,1,0,1,1,0.533148725443406
"26494","1325","Ec_N",442,34,34,"Ec",27,0,1,0,1,1,0.533148725443406
"26495","1325","Ec_N",442,35,35,"Ec",27,0,1,0,1,1,0.533148725443406
"26496","1325","Ec_N",442,36,36,"Ec",27,0,1,0,1,1,0.533148725443406
"26497","1325","Ec_N",442,37,37,"Ec",27,0,1,0,1,1,0.533148725443406
"26498","1325","Ec_N",442,38,38,"Ec",27,0,1,0,1,1,0.533148725443406
"26499","1325","Ec_N",442,39,39,"Ec",27,0,1,0,1,1,0.533148725443406
"26500","1325","Ec_N",442,40,40,"Ec",27,0,1,0,1,1,0.533148725443406
"26501","1325","Ec_N",442,41,41,"Ec",27,0,1,0,1,1,0.533148725443406
"26502","1325","Ec_N",442,42,42,"Ec",27,0,1,0,1,1,0.533148725443406
"26503","1325","Ec_N",442,43,43,"Ec",27,0,1,0,1,1,0.533148725443406
"26504","1325","Ec_N",442,44,44,"Ec",28,1,1,0,1,1,0.815884725734249
"26505","1325","Ec_N",442,45,45,"Ec",28,1,1,0,1,1,0.815884725734249
"26506","1325","Ec_N",442,46,46,"Ec",28,1,1,0,1,1,0.815884725734249
"26507","1325","Ec_N",442,47,47,"Ec",28,1,1,0,1,1,0.815884725734249
"26508","1325","Ec_N",442,48,48,"Ec",28,1,1,0,1,1,0.815884725734249
"26509","1325","Ec_N",442,49,49,"Ec",28,1,1,0,1,1,0.815884725734249
"26510","1325","Ec_N",442,50,50,"Ec",28,1,1,0,1,1,0.815884725734249
"26511","1325","Ec_N",442,51,51,"Ec",28,1,1,0,1,1,0.815884725734249
"26512","1325","Ec_N",442,52,52,"Ec",28,1,1,0,1,1,0.815884725734249
"26513","1325","Ec_N",442,53,53,"Ec",28,1,1,0,1,1,0.815884725734249
"26514","1325","Ec_N",442,54,54,"Ec",32,1,1,1,1,1,1
"26515","1325","Ec_N",442,55,55,"Ec",32,1,1,1,1,1,1
"26516","1325","Ec_N",442,56,56,"Ec",32,1,1,1,1,1,1
"26517","1325","Ec_N",442,57,57,"Ec",32,1,1,1,1,1,1
"26518","1325","Ec_N",442,58,58,"Ec",32,1,1,1,1,1,1
"26519","1325","Ec_N",442,59,59,"Ec",32,1,1,1,1,1,1
"26520","1325","Ec_N",442,60,60,"Ec",32,1,1,1,1,1,1
"26521","1325","Ec_N",443,1,1,"Ec",1,0,0,0,0,0,0
"26522","1325","Ec_N",443,2,2,"Ec",9,0,0,0,1,0,0.0490244839602376
"26523","1325","Ec_N",443,3,3,"Ec",9,0,0,0,1,0,0.0490244839602376
"26524","1325","Ec_N",443,4,4,"Ec",10,1,0,0,1,0,0.356246730064637
"26525","1325","Ec_N",443,5,5,"Ec",10,1,0,0,1,0,0.356246730064637
"26526","1325","Ec_N",443,6,6,"Ec",10,1,0,0,1,0,0.356246730064637
"26527","1325","Ec_N",443,7,7,"Ec",10,1,0,0,1,0,0.356246730064637
"26528","1325","Ec_N",443,8,8,"Ec",12,1,1,0,1,0,0.776685026312455
"26529","1325","Ec_N",443,9,9,"Ec",12,1,1,0,1,0,0.776685026312455
"26530","1325","Ec_N",443,10,10,"Ec",28,1,1,0,1,1,0.815884725734249
"26531","1325","Ec_N",443,11,11,"Ec",28,1,1,0,1,1,0.815884725734249
"26532","1325","Ec_N",443,12,12,"Ec",28,1,1,0,1,1,0.815884725734249
"26533","1325","Ec_N",443,13,13,"Ec",28,1,1,0,1,1,0.815884725734249
"26534","1325","Ec_N",443,14,14,"Ec",28,1,1,0,1,1,0.815884725734249
"26535","1325","Ec_N",443,15,15,"Ec",28,1,1,0,1,1,0.815884725734249
"26536","1325","Ec_N",443,16,16,"Ec",28,1,1,0,1,1,0.815884725734249
"26537","1325","Ec_N",443,17,17,"Ec",28,1,1,0,1,1,0.815884725734249
"26538","1325","Ec_N",443,18,18,"Ec",28,1,1,0,1,1,0.815884725734249
"26539","1325","Ec_N",443,19,19,"Ec",28,1,1,0,1,1,0.815884725734249
"26540","1325","Ec_N",443,20,20,"Ec",28,1,1,0,1,1,0.815884725734249
"26541","1325","Ec_N",443,21,21,"Ec",28,1,1,0,1,1,0.815884725734249
"26542","1325","Ec_N",443,22,22,"Ec",28,1,1,0,1,1,0.815884725734249
"26543","1325","Ec_N",443,23,23,"Ec",28,1,1,0,1,1,0.815884725734249
"26544","1325","Ec_N",443,24,24,"Ec",28,1,1,0,1,1,0.815884725734249
"26545","1325","Ec_N",443,25,25,"Ec",28,1,1,0,1,1,0.815884725734249
"26546","1325","Ec_N",443,26,26,"Ec",28,1,1,0,1,1,0.815884725734249
"26547","1325","Ec_N",443,27,27,"Ec",28,1,1,0,1,1,0.815884725734249
"26548","1325","Ec_N",443,28,28,"Ec",28,1,1,0,1,1,0.815884725734249
"26549","1325","Ec_N",443,29,29,"Ec",28,1,1,0,1,1,0.815884725734249
"26550","1325","Ec_N",443,30,30,"Ec",28,1,1,0,1,1,0.815884725734249
"26551","1325","Ec_N",443,31,31,"Ec",28,1,1,0,1,1,0.815884725734249
"26552","1325","Ec_N",443,32,32,"Ec",32,1,1,1,1,1,1
"26553","1325","Ec_N",443,33,33,"Ec",32,1,1,1,1,1,1
"26554","1325","Ec_N",443,34,34,"Ec",32,1,1,1,1,1,1
"26555","1325","Ec_N",443,35,35,"Ec",32,1,1,1,1,1,1
"26556","1325","Ec_N",443,36,36,"Ec",32,1,1,1,1,1,1
"26557","1325","Ec_N",443,37,37,"Ec",32,1,1,1,1,1,1
"26558","1325","Ec_N",443,38,38,"Ec",32,1,1,1,1,1,1
"26559","1325","Ec_N",443,39,39,"Ec",32,1,1,1,1,1,1
"26560","1325","Ec_N",443,40,40,"Ec",32,1,1,1,1,1,1
"26561","1325","Ec_N",443,41,41,"Ec",32,1,1,1,1,1,1
"26562","1325","Ec_N",443,42,42,"Ec",32,1,1,1,1,1,1
"26563","1325","Ec_N",443,43,43,"Ec",32,1,1,1,1,1,1
"26564","1325","Ec_N",443,44,44,"Ec",32,1,1,1,1,1,1
"26565","1325","Ec_N",443,45,45,"Ec",32,1,1,1,1,1,1
"26566","1325","Ec_N",443,46,46,"Ec",32,1,1,1,1,1,1
"26567","1325","Ec_N",443,47,47,"Ec",32,1,1,1,1,1,1
"26568","1325","Ec_N",443,48,48,"Ec",32,1,1,1,1,1,1
"26569","1325","Ec_N",443,49,49,"Ec",32,1,1,1,1,1,1
"26570","1325","Ec_N",443,50,50,"Ec",32,1,1,1,1,1,1
"26571","1325","Ec_N",443,51,51,"Ec",32,1,1,1,1,1,1
"26572","1325","Ec_N",443,52,52,"Ec",32,1,1,1,1,1,1
"26573","1325","Ec_N",443,53,53,"Ec",32,1,1,1,1,1,1
"26574","1325","Ec_N",443,54,54,"Ec",32,1,1,1,1,1,1
"26575","1325","Ec_N",443,55,55,"Ec",32,1,1,1,1,1,1
"26576","1325","Ec_N",443,56,56,"Ec",32,1,1,1,1,1,1
"26577","1325","Ec_N",443,57,57,"Ec",32,1,1,1,1,1,1
"26578","1325","Ec_N",443,58,58,"Ec",32,1,1,1,1,1,1
"26579","1325","Ec_N",443,59,59,"Ec",32,1,1,1,1,1,1
"26580","1325","Ec_N",443,60,60,"Ec",32,1,1,1,1,1,1
"26581","1325","Ec_N",444,1,1,"Ec",1,0,0,0,0,0,0
"26582","1325","Ec_N",444,2,2,"Ec",17,0,0,0,0,1,0.0636859452353503
"26583","1325","Ec_N",444,3,3,"Ec",17,0,0,0,0,1,0.0636859452353503
"26584","1325","Ec_N",444,4,4,"Ec",25,0,0,0,1,1,0.112710429195588
"26585","1325","Ec_N",444,5,5,"Ec",25,0,0,0,1,1,0.112710429195588
"26586","1325","Ec_N",444,6,6,"Ec",25,0,0,0,1,1,0.112710429195588
"26587","1325","Ec_N",444,7,7,"Ec",25,0,0,0,1,1,0.112710429195588
"26588","1325","Ec_N",444,8,8,"Ec",25,0,0,0,1,1,0.112710429195588
"26589","1325","Ec_N",444,9,9,"Ec",25,0,0,0,1,1,0.112710429195588
"26590","1325","Ec_N",444,10,10,"Ec",26,1,0,0,1,1,0.419932675299988
"26591","1325","Ec_N",444,11,11,"Ec",26,1,0,0,1,1,0.419932675299988
"26592","1325","Ec_N",444,12,12,"Ec",26,1,0,0,1,1,0.419932675299988
"26593","1325","Ec_N",444,13,13,"Ec",26,1,0,0,1,1,0.419932675299988
"26594","1325","Ec_N",444,14,14,"Ec",26,1,0,0,1,1,0.419932675299988
"26595","1325","Ec_N",444,15,15,"Ec",26,1,0,0,1,1,0.419932675299988
"26596","1325","Ec_N",444,16,16,"Ec",26,1,0,0,1,1,0.419932675299988
"26597","1325","Ec_N",444,17,17,"Ec",26,1,0,0,1,1,0.419932675299988
"26598","1325","Ec_N",444,18,18,"Ec",26,1,0,0,1,1,0.419932675299988
"26599","1325","Ec_N",444,19,19,"Ec",30,1,0,1,1,1,0.579561703752182
"26600","1325","Ec_N",444,20,20,"Ec",30,1,0,1,1,1,0.579561703752182
"26601","1325","Ec_N",444,21,21,"Ec",30,1,0,1,1,1,0.579561703752182
"26602","1325","Ec_N",444,22,22,"Ec",30,1,0,1,1,1,0.579561703752182
"26603","1325","Ec_N",444,23,23,"Ec",30,1,0,1,1,1,0.579561703752182
"26604","1325","Ec_N",444,24,24,"Ec",30,1,0,1,1,1,0.579561703752182
"26605","1325","Ec_N",444,25,25,"Ec",30,1,0,1,1,1,0.579561703752182
"26606","1325","Ec_N",444,26,26,"Ec",30,1,0,1,1,1,0.579561703752182
"26607","1325","Ec_N",444,27,27,"Ec",30,1,0,1,1,1,0.579561703752182
"26608","1325","Ec_N",444,28,28,"Ec",30,1,0,1,1,1,0.579561703752182
"26609","1325","Ec_N",444,29,29,"Ec",30,1,0,1,1,1,0.579561703752182
"26610","1325","Ec_N",444,30,30,"Ec",30,1,0,1,1,1,0.579561703752182
"26611","1325","Ec_N",444,31,31,"Ec",30,1,0,1,1,1,0.579561703752182
"26612","1325","Ec_N",444,32,32,"Ec",30,1,0,1,1,1,0.579561703752182
"26613","1325","Ec_N",444,33,33,"Ec",30,1,0,1,1,1,0.579561703752182
"26614","1325","Ec_N",444,34,34,"Ec",30,1,0,1,1,1,0.579561703752182
"26615","1325","Ec_N",444,35,35,"Ec",30,1,0,1,1,1,0.579561703752182
"26616","1325","Ec_N",444,36,36,"Ec",30,1,0,1,1,1,0.579561703752182
"26617","1325","Ec_N",444,37,37,"Ec",30,1,0,1,1,1,0.579561703752182
"26618","1325","Ec_N",444,38,38,"Ec",30,1,0,1,1,1,0.579561703752182
"26619","1325","Ec_N",444,39,39,"Ec",30,1,0,1,1,1,0.579561703752182
"26620","1325","Ec_N",444,40,40,"Ec",30,1,0,1,1,1,0.579561703752182
"26621","1325","Ec_N",444,41,41,"Ec",30,1,0,1,1,1,0.579561703752182
"26622","1325","Ec_N",444,42,42,"Ec",32,1,1,1,1,1,1
"26623","1325","Ec_N",444,43,43,"Ec",32,1,1,1,1,1,1
"26624","1325","Ec_N",444,44,44,"Ec",32,1,1,1,1,1,1
"26625","1325","Ec_N",444,45,45,"Ec",32,1,1,1,1,1,1
"26626","1325","Ec_N",444,46,46,"Ec",32,1,1,1,1,1,1
"26627","1325","Ec_N",444,47,47,"Ec",32,1,1,1,1,1,1
"26628","1325","Ec_N",444,48,48,"Ec",32,1,1,1,1,1,1
"26629","1325","Ec_N",444,49,49,"Ec",32,1,1,1,1,1,1
"26630","1325","Ec_N",444,50,50,"Ec",32,1,1,1,1,1,1
"26631","1325","Ec_N",444,51,51,"Ec",32,1,1,1,1,1,1
"26632","1325","Ec_N",444,52,52,"Ec",32,1,1,1,1,1,1
"26633","1325","Ec_N",444,53,53,"Ec",32,1,1,1,1,1,1
"26634","1325","Ec_N",444,54,54,"Ec",32,1,1,1,1,1,1
"26635","1325","Ec_N",444,55,55,"Ec",32,1,1,1,1,1,1
"26636","1325","Ec_N",444,56,56,"Ec",32,1,1,1,1,1,1
"26637","1325","Ec_N",444,57,57,"Ec",32,1,1,1,1,1,1
"26638","1325","Ec_N",444,58,58,"Ec",32,1,1,1,1,1,1
"26639","1325","Ec_N",444,59,59,"Ec",32,1,1,1,1,1,1
"26640","1325","Ec_N",444,60,60,"Ec",32,1,1,1,1,1,1
"26641","1325","Ec_N",445,1,1,"Ec",1,0,0,0,0,0,0
"26642","1325","Ec_N",445,2,2,"Ec",1,0,0,0,0,0,0
"26643","1325","Ec_N",445,3,3,"Ec",1,0,0,0,0,0,0
"26644","1325","Ec_N",445,4,4,"Ec",1,0,0,0,0,0,0
"26645","1325","Ec_N",445,5,5,"Ec",1,0,0,0,0,0,0
"26646","1325","Ec_N",445,6,6,"Ec",2,1,0,0,0,0,0.3072222461044
"26647","1325","Ec_N",445,7,7,"Ec",2,1,0,0,0,0,0.3072222461044
"26648","1325","Ec_N",445,8,8,"Ec",2,1,0,0,0,0,0.3072222461044
"26649","1325","Ec_N",445,9,9,"Ec",2,1,0,0,0,0,0.3072222461044
"26650","1325","Ec_N",445,10,10,"Ec",10,1,0,0,1,0,0.356246730064637
"26651","1325","Ec_N",445,11,11,"Ec",10,1,0,0,1,0,0.356246730064637
"26652","1325","Ec_N",445,12,12,"Ec",10,1,0,0,1,0,0.356246730064637
"26653","1325","Ec_N",445,13,13,"Ec",10,1,0,0,1,0,0.356246730064637
"26654","1325","Ec_N",445,14,14,"Ec",10,1,0,0,1,0,0.356246730064637
"26655","1325","Ec_N",445,15,15,"Ec",14,1,0,1,1,0,0.479175264165032
"26656","1325","Ec_N",445,16,16,"Ec",14,1,0,1,1,0,0.479175264165032
"26657","1325","Ec_N",445,17,17,"Ec",14,1,0,1,1,0,0.479175264165032
"26658","1325","Ec_N",445,18,18,"Ec",14,1,0,1,1,0,0.479175264165032
"26659","1325","Ec_N",445,19,19,"Ec",14,1,0,1,1,0,0.479175264165032
"26660","1325","Ec_N",445,20,20,"Ec",14,1,0,1,1,0,0.479175264165032
"26661","1325","Ec_N",445,21,21,"Ec",14,1,0,1,1,0,0.479175264165032
"26662","1325","Ec_N",445,22,22,"Ec",14,1,0,1,1,0,0.479175264165032
"26663","1325","Ec_N",445,23,23,"Ec",14,1,0,1,1,0,0.479175264165032
"26664","1325","Ec_N",445,24,24,"Ec",16,1,1,1,1,0,0.93631405476465
"26665","1325","Ec_N",445,25,25,"Ec",16,1,1,1,1,0,0.93631405476465
"26666","1325","Ec_N",445,26,26,"Ec",16,1,1,1,1,0,0.93631405476465
"26667","1325","Ec_N",445,27,27,"Ec",16,1,1,1,1,0,0.93631405476465
"26668","1325","Ec_N",445,28,28,"Ec",16,1,1,1,1,0,0.93631405476465
"26669","1325","Ec_N",445,29,29,"Ec",16,1,1,1,1,0,0.93631405476465
"26670","1325","Ec_N",445,30,30,"Ec",16,1,1,1,1,0,0.93631405476465
"26671","1325","Ec_N",445,31,31,"Ec",16,1,1,1,1,0,0.93631405476465
"26672","1325","Ec_N",445,32,32,"Ec",16,1,1,1,1,0,0.93631405476465
"26673","1325","Ec_N",445,33,33,"Ec",16,1,1,1,1,0,0.93631405476465
"26674","1325","Ec_N",445,34,34,"Ec",16,1,1,1,1,0,0.93631405476465
"26675","1325","Ec_N",445,35,35,"Ec",16,1,1,1,1,0,0.93631405476465
"26676","1325","Ec_N",445,36,36,"Ec",16,1,1,1,1,0,0.93631405476465
"26677","1325","Ec_N",445,37,37,"Ec",16,1,1,1,1,0,0.93631405476465
"26678","1325","Ec_N",445,38,38,"Ec",16,1,1,1,1,0,0.93631405476465
"26679","1325","Ec_N",445,39,39,"Ec",16,1,1,1,1,0,0.93631405476465
"26680","1325","Ec_N",445,40,40,"Ec",16,1,1,1,1,0,0.93631405476465
"26681","1325","Ec_N",445,41,41,"Ec",32,1,1,1,1,1,1
"26682","1325","Ec_N",445,42,42,"Ec",32,1,1,1,1,1,1
"26683","1325","Ec_N",445,43,43,"Ec",32,1,1,1,1,1,1
"26684","1325","Ec_N",445,44,44,"Ec",32,1,1,1,1,1,1
"26685","1325","Ec_N",445,45,45,"Ec",32,1,1,1,1,1,1
"26686","1325","Ec_N",445,46,46,"Ec",32,1,1,1,1,1,1
"26687","1325","Ec_N",445,47,47,"Ec",32,1,1,1,1,1,1
"26688","1325","Ec_N",445,48,48,"Ec",32,1,1,1,1,1,1
"26689","1325","Ec_N",445,49,49,"Ec",32,1,1,1,1,1,1
"26690","1325","Ec_N",445,50,50,"Ec",32,1,1,1,1,1,1
"26691","1325","Ec_N",445,51,51,"Ec",32,1,1,1,1,1,1
"26692","1325","Ec_N",445,52,52,"Ec",32,1,1,1,1,1,1
"26693","1325","Ec_N",445,53,53,"Ec",32,1,1,1,1,1,1
"26694","1325","Ec_N",445,54,54,"Ec",32,1,1,1,1,1,1
"26695","1325","Ec_N",445,55,55,"Ec",32,1,1,1,1,1,1
"26696","1325","Ec_N",445,56,56,"Ec",32,1,1,1,1,1,1
"26697","1325","Ec_N",445,57,57,"Ec",32,1,1,1,1,1,1
"26698","1325","Ec_N",445,58,58,"Ec",32,1,1,1,1,1,1
"26699","1325","Ec_N",445,59,59,"Ec",32,1,1,1,1,1,1
"26700","1325","Ec_N",445,60,60,"Ec",32,1,1,1,1,1,1
"26701","1325","Ec_N",446,1,1,"Ec",1,0,0,0,0,0,0
"26702","1325","Ec_N",446,2,2,"Ec",1,0,0,0,0,0,0
"26703","1325","Ec_N",446,3,3,"Ec",1,0,0,0,0,0,0
"26704","1325","Ec_N",446,4,4,"Ec",9,0,0,0,1,0,0.0490244839602376
"26705","1325","Ec_N",446,5,5,"Ec",9,0,0,0,1,0,0.0490244839602376
"26706","1325","Ec_N",446,6,6,"Ec",9,0,0,0,1,0,0.0490244839602376
"26707","1325","Ec_N",446,7,7,"Ec",9,0,0,0,1,0,0.0490244839602376
"26708","1325","Ec_N",446,8,8,"Ec",11,0,1,0,1,0,0.503461616060769
"26709","1325","Ec_N",446,9,9,"Ec",11,0,1,0,1,0,0.503461616060769
"26710","1325","Ec_N",446,10,10,"Ec",11,0,1,0,1,0,0.503461616060769
"26711","1325","Ec_N",446,11,11,"Ec",11,0,1,0,1,0,0.503461616060769
"26712","1325","Ec_N",446,12,12,"Ec",11,0,1,0,1,0,0.503461616060769
"26713","1325","Ec_N",446,13,13,"Ec",11,0,1,0,1,0,0.503461616060769
"26714","1325","Ec_N",446,14,14,"Ec",11,0,1,0,1,0,0.503461616060769
"26715","1325","Ec_N",446,15,15,"Ec",12,1,1,0,1,0,0.776685026312455
"26716","1325","Ec_N",446,16,16,"Ec",12,1,1,0,1,0,0.776685026312455
"26717","1325","Ec_N",446,17,17,"Ec",16,1,1,1,1,0,0.93631405476465
"26718","1325","Ec_N",446,18,18,"Ec",16,1,1,1,1,0,0.93631405476465
"26719","1325","Ec_N",446,19,19,"Ec",32,1,1,1,1,1,1
"26720","1325","Ec_N",446,20,20,"Ec",32,1,1,1,1,1,1
"26721","1325","Ec_N",446,21,21,"Ec",32,1,1,1,1,1,1
"26722","1325","Ec_N",446,22,22,"Ec",32,1,1,1,1,1,1
"26723","1325","Ec_N",446,23,23,"Ec",32,1,1,1,1,1,1
"26724","1325","Ec_N",446,24,24,"Ec",32,1,1,1,1,1,1
"26725","1325","Ec_N",446,25,25,"Ec",32,1,1,1,1,1,1
"26726","1325","Ec_N",446,26,26,"Ec",32,1,1,1,1,1,1
"26727","1325","Ec_N",446,27,27,"Ec",32,1,1,1,1,1,1
"26728","1325","Ec_N",446,28,28,"Ec",32,1,1,1,1,1,1
"26729","1325","Ec_N",446,29,29,"Ec",32,1,1,1,1,1,1
"26730","1325","Ec_N",446,30,30,"Ec",32,1,1,1,1,1,1
"26731","1325","Ec_N",446,31,31,"Ec",32,1,1,1,1,1,1
"26732","1325","Ec_N",446,32,32,"Ec",32,1,1,1,1,1,1
"26733","1325","Ec_N",446,33,33,"Ec",32,1,1,1,1,1,1
"26734","1325","Ec_N",446,34,34,"Ec",32,1,1,1,1,1,1
"26735","1325","Ec_N",446,35,35,"Ec",32,1,1,1,1,1,1
"26736","1325","Ec_N",446,36,36,"Ec",32,1,1,1,1,1,1
"26737","1325","Ec_N",446,37,37,"Ec",32,1,1,1,1,1,1
"26738","1325","Ec_N",446,38,38,"Ec",32,1,1,1,1,1,1
"26739","1325","Ec_N",446,39,39,"Ec",32,1,1,1,1,1,1
"26740","1325","Ec_N",446,40,40,"Ec",32,1,1,1,1,1,1
"26741","1325","Ec_N",446,41,41,"Ec",32,1,1,1,1,1,1
"26742","1325","Ec_N",446,42,42,"Ec",32,1,1,1,1,1,1
"26743","1325","Ec_N",446,43,43,"Ec",32,1,1,1,1,1,1
"26744","1325","Ec_N",446,44,44,"Ec",32,1,1,1,1,1,1
"26745","1325","Ec_N",446,45,45,"Ec",32,1,1,1,1,1,1
"26746","1325","Ec_N",446,46,46,"Ec",32,1,1,1,1,1,1
"26747","1325","Ec_N",446,47,47,"Ec",32,1,1,1,1,1,1
"26748","1325","Ec_N",446,48,48,"Ec",32,1,1,1,1,1,1
"26749","1325","Ec_N",446,49,49,"Ec",32,1,1,1,1,1,1
"26750","1325","Ec_N",446,50,50,"Ec",32,1,1,1,1,1,1
"26751","1325","Ec_N",446,51,51,"Ec",32,1,1,1,1,1,1
"26752","1325","Ec_N",446,52,52,"Ec",32,1,1,1,1,1,1
"26753","1325","Ec_N",446,53,53,"Ec",32,1,1,1,1,1,1
"26754","1325","Ec_N",446,54,54,"Ec",32,1,1,1,1,1,1
"26755","1325","Ec_N",446,55,55,"Ec",32,1,1,1,1,1,1
"26756","1325","Ec_N",446,56,56,"Ec",32,1,1,1,1,1,1
"26757","1325","Ec_N",446,57,57,"Ec",32,1,1,1,1,1,1
"26758","1325","Ec_N",446,58,58,"Ec",32,1,1,1,1,1,1
"26759","1325","Ec_N",446,59,59,"Ec",32,1,1,1,1,1,1
"26760","1325","Ec_N",446,60,60,"Ec",32,1,1,1,1,1,1
"26761","1325","Ec_N",447,1,1,"Ec",1,0,0,0,0,0,0
"26762","1325","Ec_N",447,2,2,"Ec",5,0,0,1,0,0,0.159629028452195
"26763","1325","Ec_N",447,3,3,"Ec",5,0,0,1,0,0,0.159629028452195
"26764","1325","Ec_N",447,4,4,"Ec",5,0,0,1,0,0,0.159629028452195
"26765","1325","Ec_N",447,5,5,"Ec",5,0,0,1,0,0,0.159629028452195
"26766","1325","Ec_N",447,6,6,"Ec",5,0,0,1,0,0,0.159629028452195
"26767","1325","Ec_N",447,7,7,"Ec",5,0,0,1,0,0,0.159629028452195
"26768","1325","Ec_N",447,8,8,"Ec",21,0,0,1,0,1,0.223314973687545
"26769","1325","Ec_N",447,9,9,"Ec",21,0,0,1,0,1,0.223314973687545
"26770","1325","Ec_N",447,10,10,"Ec",21,0,0,1,0,1,0.223314973687545
"26771","1325","Ec_N",447,11,11,"Ec",21,0,0,1,0,1,0.223314973687545
"26772","1325","Ec_N",447,12,12,"Ec",21,0,0,1,0,1,0.223314973687545
"26773","1325","Ec_N",447,13,13,"Ec",21,0,0,1,0,1,0.223314973687545
"26774","1325","Ec_N",447,14,14,"Ec",21,0,0,1,0,1,0.223314973687545
"26775","1325","Ec_N",447,15,15,"Ec",21,0,0,1,0,1,0.223314973687545
"26776","1325","Ec_N",447,16,16,"Ec",21,0,0,1,0,1,0.223314973687545
"26777","1325","Ec_N",447,17,17,"Ec",21,0,0,1,0,1,0.223314973687545
"26778","1325","Ec_N",447,18,18,"Ec",21,0,0,1,0,1,0.223314973687545
"26779","1325","Ec_N",447,19,19,"Ec",23,0,1,1,0,1,0.57389469344254
"26780","1325","Ec_N",447,20,20,"Ec",23,0,1,1,0,1,0.57389469344254
"26781","1325","Ec_N",447,21,21,"Ec",23,0,1,1,0,1,0.57389469344254
"26782","1325","Ec_N",447,22,22,"Ec",7,0,1,1,0,0,0.580067324700012
"26783","1325","Ec_N",447,23,23,"Ec",7,0,1,1,0,0,0.580067324700012
"26784","1325","Ec_N",447,24,24,"Ec",7,0,1,1,0,0,0.580067324700012
"26785","1325","Ec_N",447,25,25,"Ec",7,0,1,1,0,0,0.580067324700012
"26786","1325","Ec_N",447,26,26,"Ec",7,0,1,1,0,0,0.580067324700012
"26787","1325","Ec_N",447,27,27,"Ec",7,0,1,1,0,0,0.580067324700012
"26788","1325","Ec_N",447,28,28,"Ec",7,0,1,1,0,0,0.580067324700012
"26789","1325","Ec_N",447,29,29,"Ec",7,0,1,1,0,0,0.580067324700012
"26790","1325","Ec_N",447,30,30,"Ec",7,0,1,1,0,0,0.580067324700012
"26791","1325","Ec_N",447,31,31,"Ec",7,0,1,1,0,0,0.580067324700012
"26792","1325","Ec_N",447,32,32,"Ec",15,0,1,1,1,0,0.62909180866025
"26793","1325","Ec_N",447,33,33,"Ec",16,1,1,1,1,0,0.93631405476465
"26794","1325","Ec_N",447,34,34,"Ec",16,1,1,1,1,0,0.93631405476465
"26795","1325","Ec_N",447,35,35,"Ec",16,1,1,1,1,0,0.93631405476465
"26796","1325","Ec_N",447,36,36,"Ec",16,1,1,1,1,0,0.93631405476465
"26797","1325","Ec_N",447,37,37,"Ec",16,1,1,1,1,0,0.93631405476465
"26798","1325","Ec_N",447,38,38,"Ec",16,1,1,1,1,0,0.93631405476465
"26799","1325","Ec_N",447,39,39,"Ec",16,1,1,1,1,0,0.93631405476465
"26800","1325","Ec_N",447,40,40,"Ec",16,1,1,1,1,0,0.93631405476465
"26801","1325","Ec_N",447,41,41,"Ec",16,1,1,1,1,0,0.93631405476465
"26802","1325","Ec_N",447,42,42,"Ec",16,1,1,1,1,0,0.93631405476465
"26803","1325","Ec_N",447,43,43,"Ec",16,1,1,1,1,0,0.93631405476465
"26804","1325","Ec_N",447,44,44,"Ec",32,1,1,1,1,1,1
"26805","1325","Ec_N",447,45,45,"Ec",32,1,1,1,1,1,1
"26806","1325","Ec_N",447,46,46,"Ec",32,1,1,1,1,1,1
"26807","1325","Ec_N",447,47,47,"Ec",32,1,1,1,1,1,1
"26808","1325","Ec_N",447,48,48,"Ec",32,1,1,1,1,1,1
"26809","1325","Ec_N",447,49,49,"Ec",32,1,1,1,1,1,1
"26810","1325","Ec_N",447,50,50,"Ec",32,1,1,1,1,1,1
"26811","1325","Ec_N",447,51,51,"Ec",32,1,1,1,1,1,1
"26812","1325","Ec_N",447,52,52,"Ec",32,1,1,1,1,1,1
"26813","1325","Ec_N",447,53,53,"Ec",32,1,1,1,1,1,1
"26814","1325","Ec_N",447,54,54,"Ec",32,1,1,1,1,1,1
"26815","1325","Ec_N",447,55,55,"Ec",32,1,1,1,1,1,1
"26816","1325","Ec_N",447,56,56,"Ec",32,1,1,1,1,1,1
"26817","1325","Ec_N",447,57,57,"Ec",32,1,1,1,1,1,1
"26818","1325","Ec_N",447,58,58,"Ec",32,1,1,1,1,1,1
"26819","1325","Ec_N",447,59,59,"Ec",32,1,1,1,1,1,1
"26820","1325","Ec_N",447,60,60,"Ec",32,1,1,1,1,1,1
"26821","1325","Ec_N",448,1,1,"Ec",1,0,0,0,0,0,0
"26822","1325","Ec_N",448,2,2,"Ec",1,0,0,0,0,0,0
"26823","1325","Ec_N",448,3,3,"Ec",1,0,0,0,0,0,0
"26824","1325","Ec_N",448,4,4,"Ec",1,0,0,0,0,0,0
"26825","1325","Ec_N",448,5,5,"Ec",1,0,0,0,0,0,0
"26826","1325","Ec_N",448,6,6,"Ec",1,0,0,0,0,0,0
"26827","1325","Ec_N",448,7,7,"Ec",1,0,0,0,0,0,0
"26828","1325","Ec_N",448,8,8,"Ec",3,0,1,0,0,0,0.420438296247818
"26829","1325","Ec_N",448,9,9,"Ec",3,0,1,0,0,0,0.420438296247818
"26830","1325","Ec_N",448,10,10,"Ec",3,0,1,0,0,0,0.420438296247818
"26831","1325","Ec_N",448,11,11,"Ec",3,0,1,0,0,0,0.420438296247818
"26832","1325","Ec_N",448,12,12,"Ec",19,0,1,0,0,1,0.484124241483168
"26833","1325","Ec_N",448,13,13,"Ec",19,0,1,0,0,1,0.484124241483168
"26834","1325","Ec_N",448,14,14,"Ec",19,0,1,0,0,1,0.484124241483168
"26835","1325","Ec_N",448,15,15,"Ec",19,0,1,0,0,1,0.484124241483168
"26836","1325","Ec_N",448,16,16,"Ec",19,0,1,0,0,1,0.484124241483168
"26837","1325","Ec_N",448,17,17,"Ec",19,0,1,0,0,1,0.484124241483168
"26838","1325","Ec_N",448,18,18,"Ec",19,0,1,0,0,1,0.484124241483168
"26839","1325","Ec_N",448,19,19,"Ec",19,0,1,0,0,1,0.484124241483168
"26840","1325","Ec_N",448,20,20,"Ec",19,0,1,0,0,1,0.484124241483168
"26841","1325","Ec_N",448,21,21,"Ec",19,0,1,0,0,1,0.484124241483168
"26842","1325","Ec_N",448,22,22,"Ec",19,0,1,0,0,1,0.484124241483168
"26843","1325","Ec_N",448,23,23,"Ec",19,0,1,0,0,1,0.484124241483168
"26844","1325","Ec_N",448,24,24,"Ec",19,0,1,0,0,1,0.484124241483168
"26845","1325","Ec_N",448,25,25,"Ec",20,1,1,0,0,1,0.791346487587567
"26846","1325","Ec_N",448,26,26,"Ec",20,1,1,0,0,1,0.791346487587567
"26847","1325","Ec_N",448,27,27,"Ec",20,1,1,0,0,1,0.791346487587567
"26848","1325","Ec_N",448,28,28,"Ec",24,1,1,1,0,1,0.872975948786018
"26849","1325","Ec_N",448,29,29,"Ec",24,1,1,1,0,1,0.872975948786018
"26850","1325","Ec_N",448,30,30,"Ec",24,1,1,1,0,1,0.872975948786018
"26851","1325","Ec_N",448,31,31,"Ec",24,1,1,1,0,1,0.872975948786018
"26852","1325","Ec_N",448,32,32,"Ec",24,1,1,1,0,1,0.872975948786018
"26853","1325","Ec_N",448,33,33,"Ec",24,1,1,1,0,1,0.872975948786018
"26854","1325","Ec_N",448,34,34,"Ec",32,1,1,1,1,1,1
"26855","1325","Ec_N",448,35,35,"Ec",32,1,1,1,1,1,1
"26856","1325","Ec_N",448,36,36,"Ec",32,1,1,1,1,1,1
"26857","1325","Ec_N",448,37,37,"Ec",32,1,1,1,1,1,1
"26858","1325","Ec_N",448,38,38,"Ec",32,1,1,1,1,1,1
"26859","1325","Ec_N",448,39,39,"Ec",32,1,1,1,1,1,1
"26860","1325","Ec_N",448,40,40,"Ec",32,1,1,1,1,1,1
"26861","1325","Ec_N",448,41,41,"Ec",32,1,1,1,1,1,1
"26862","1325","Ec_N",448,42,42,"Ec",32,1,1,1,1,1,1
"26863","1325","Ec_N",448,43,43,"Ec",32,1,1,1,1,1,1
"26864","1325","Ec_N",448,44,44,"Ec",32,1,1,1,1,1,1
"26865","1325","Ec_N",448,45,45,"Ec",32,1,1,1,1,1,1
"26866","1325","Ec_N",448,46,46,"Ec",32,1,1,1,1,1,1
"26867","1325","Ec_N",448,47,47,"Ec",32,1,1,1,1,1,1
"26868","1325","Ec_N",448,48,48,"Ec",32,1,1,1,1,1,1
"26869","1325","Ec_N",448,49,49,"Ec",32,1,1,1,1,1,1
"26870","1325","Ec_N",448,50,50,"Ec",32,1,1,1,1,1,1
"26871","1325","Ec_N",448,51,51,"Ec",32,1,1,1,1,1,1
"26872","1325","Ec_N",448,52,52,"Ec",32,1,1,1,1,1,1
"26873","1325","Ec_N",448,53,53,"Ec",32,1,1,1,1,1,1
"26874","1325","Ec_N",448,54,54,"Ec",32,1,1,1,1,1,1
"26875","1325","Ec_N",448,55,55,"Ec",32,1,1,1,1,1,1
"26876","1325","Ec_N",448,56,56,"Ec",32,1,1,1,1,1,1
"26877","1325","Ec_N",448,57,57,"Ec",32,1,1,1,1,1,1
"26878","1325","Ec_N",448,58,58,"Ec",32,1,1,1,1,1,1
"26879","1325","Ec_N",448,59,59,"Ec",32,1,1,1,1,1,1
"26880","1325","Ec_N",448,60,60,"Ec",32,1,1,1,1,1,1
"26881","1325","Ec_N",449,1,1,"Ec",1,0,0,0,0,0,0
"26882","1325","Ec_N",449,2,2,"Ec",1,0,0,0,0,0,0
"26883","1325","Ec_N",449,3,3,"Ec",1,0,0,0,0,0,0
"26884","1325","Ec_N",449,4,4,"Ec",1,0,0,0,0,0,0
"26885","1325","Ec_N",449,5,5,"Ec",1,0,0,0,0,0,0
"26886","1325","Ec_N",449,6,6,"Ec",1,0,0,0,0,0,0
"26887","1325","Ec_N",449,7,7,"Ec",1,0,0,0,0,0,0
"26888","1325","Ec_N",449,8,8,"Ec",1,0,0,0,0,0,0
"26889","1325","Ec_N",449,9,9,"Ec",1,0,0,0,0,0,0
"26890","1325","Ec_N",449,10,10,"Ec",17,0,0,0,0,1,0.0636859452353503
"26891","1325","Ec_N",449,11,11,"Ec",17,0,0,0,0,1,0.0636859452353503
"26892","1325","Ec_N",449,12,12,"Ec",17,0,0,0,0,1,0.0636859452353503
"26893","1325","Ec_N",449,13,13,"Ec",17,0,0,0,0,1,0.0636859452353503
"26894","1325","Ec_N",449,14,14,"Ec",17,0,0,0,0,1,0.0636859452353503
"26895","1325","Ec_N",449,15,15,"Ec",17,0,0,0,0,1,0.0636859452353503
"26896","1325","Ec_N",449,16,16,"Ec",17,0,0,0,0,1,0.0636859452353503
"26897","1325","Ec_N",449,17,17,"Ec",17,0,0,0,0,1,0.0636859452353503
"26898","1325","Ec_N",449,18,18,"Ec",17,0,0,0,0,1,0.0636859452353503
"26899","1325","Ec_N",449,19,19,"Ec",17,0,0,0,0,1,0.0636859452353503
"26900","1325","Ec_N",449,20,20,"Ec",17,0,0,0,0,1,0.0636859452353503
"26901","1325","Ec_N",449,21,21,"Ec",17,0,0,0,0,1,0.0636859452353503
"26902","1325","Ec_N",449,22,22,"Ec",19,0,1,0,0,1,0.484124241483168
"26903","1325","Ec_N",449,23,23,"Ec",27,0,1,0,1,1,0.533148725443406
"26904","1325","Ec_N",449,24,24,"Ec",27,0,1,0,1,1,0.533148725443406
"26905","1325","Ec_N",449,25,25,"Ec",27,0,1,0,1,1,0.533148725443406
"26906","1325","Ec_N",449,26,26,"Ec",27,0,1,0,1,1,0.533148725443406
"26907","1325","Ec_N",449,27,27,"Ec",27,0,1,0,1,1,0.533148725443406
"26908","1325","Ec_N",449,28,28,"Ec",27,0,1,0,1,1,0.533148725443406
"26909","1325","Ec_N",449,29,29,"Ec",27,0,1,0,1,1,0.533148725443406
"26910","1325","Ec_N",449,30,30,"Ec",27,0,1,0,1,1,0.533148725443406
"26911","1325","Ec_N",449,31,31,"Ec",27,0,1,0,1,1,0.533148725443406
"26912","1325","Ec_N",449,32,32,"Ec",27,0,1,0,1,1,0.533148725443406
"26913","1325","Ec_N",449,33,33,"Ec",27,0,1,0,1,1,0.533148725443406
"26914","1325","Ec_N",449,34,34,"Ec",27,0,1,0,1,1,0.533148725443406
"26915","1325","Ec_N",449,35,35,"Ec",27,0,1,0,1,1,0.533148725443406
"26916","1325","Ec_N",449,36,36,"Ec",27,0,1,0,1,1,0.533148725443406
"26917","1325","Ec_N",449,37,37,"Ec",27,0,1,0,1,1,0.533148725443406
"26918","1325","Ec_N",449,38,38,"Ec",27,0,1,0,1,1,0.533148725443406
"26919","1325","Ec_N",449,39,39,"Ec",31,0,1,1,1,1,0.6927777538956
"26920","1325","Ec_N",449,40,40,"Ec",31,0,1,1,1,1,0.6927777538956
"26921","1325","Ec_N",449,41,41,"Ec",31,0,1,1,1,1,0.6927777538956
"26922","1325","Ec_N",449,42,42,"Ec",31,0,1,1,1,1,0.6927777538956
"26923","1325","Ec_N",449,43,43,"Ec",31,0,1,1,1,1,0.6927777538956
"26924","1325","Ec_N",449,44,44,"Ec",31,0,1,1,1,1,0.6927777538956
"26925","1325","Ec_N",449,45,45,"Ec",31,0,1,1,1,1,0.6927777538956
"26926","1325","Ec_N",449,46,46,"Ec",31,0,1,1,1,1,0.6927777538956
"26927","1325","Ec_N",449,47,47,"Ec",31,0,1,1,1,1,0.6927777538956
"26928","1325","Ec_N",449,48,48,"Ec",31,0,1,1,1,1,0.6927777538956
"26929","1325","Ec_N",449,49,49,"Ec",31,0,1,1,1,1,0.6927777538956
"26930","1325","Ec_N",449,50,50,"Ec",31,0,1,1,1,1,0.6927777538956
"26931","1325","Ec_N",449,51,51,"Ec",31,0,1,1,1,1,0.6927777538956
"26932","1325","Ec_N",449,52,52,"Ec",31,0,1,1,1,1,0.6927777538956
"26933","1325","Ec_N",449,53,53,"Ec",31,0,1,1,1,1,0.6927777538956
"26934","1325","Ec_N",449,54,54,"Ec",31,0,1,1,1,1,0.6927777538956
"26935","1325","Ec_N",449,55,55,"Ec",31,0,1,1,1,1,0.6927777538956
"26936","1325","Ec_N",449,56,56,"Ec",31,0,1,1,1,1,0.6927777538956
"26937","1325","Ec_N",449,57,57,"Ec",31,0,1,1,1,1,0.6927777538956
"26938","1325","Ec_N",449,58,58,"Ec",31,0,1,1,1,1,0.6927777538956
"26939","1325","Ec_N",449,59,59,"Ec",31,0,1,1,1,1,0.6927777538956
"26940","1325","Ec_N",449,60,60,"Ec",31,0,1,1,1,1,0.6927777538956
"26941","1325","Ec_N",450,1,1,"Ec",1,0,0,0,0,0,0
"26942","1325","Ec_N",450,2,2,"Ec",1,0,0,0,0,0,0
"26943","1325","Ec_N",450,3,3,"Ec",1,0,0,0,0,0,0
"26944","1325","Ec_N",450,4,4,"Ec",1,0,0,0,0,0,0
"26945","1325","Ec_N",450,5,5,"Ec",1,0,0,0,0,0,0
"26946","1325","Ec_N",450,6,6,"Ec",1,0,0,0,0,0,0
"26947","1325","Ec_N",450,7,7,"Ec",1,0,0,0,0,0,0
"26948","1325","Ec_N",450,8,8,"Ec",1,0,0,0,0,0,0
"26949","1325","Ec_N",450,9,9,"Ec",3,0,1,0,0,0,0.420438296247818
"26950","1325","Ec_N",450,10,10,"Ec",3,0,1,0,0,0,0.420438296247818
"26951","1325","Ec_N",450,11,11,"Ec",3,0,1,0,0,0,0.420438296247818
"26952","1325","Ec_N",450,12,12,"Ec",3,0,1,0,0,0,0.420438296247818
"26953","1325","Ec_N",450,13,13,"Ec",3,0,1,0,0,0,0.420438296247818
"26954","1325","Ec_N",450,14,14,"Ec",19,0,1,0,0,1,0.484124241483168
"26955","1325","Ec_N",450,15,15,"Ec",19,0,1,0,0,1,0.484124241483168
"26956","1325","Ec_N",450,16,16,"Ec",19,0,1,0,0,1,0.484124241483168
"26957","1325","Ec_N",450,17,17,"Ec",19,0,1,0,0,1,0.484124241483168
"26958","1325","Ec_N",450,18,18,"Ec",19,0,1,0,0,1,0.484124241483168
"26959","1325","Ec_N",450,19,19,"Ec",19,0,1,0,0,1,0.484124241483168
"26960","1325","Ec_N",450,20,20,"Ec",19,0,1,0,0,1,0.484124241483168
"26961","1325","Ec_N",450,21,21,"Ec",27,0,1,0,1,1,0.533148725443406
"26962","1325","Ec_N",450,22,22,"Ec",27,0,1,0,1,1,0.533148725443406
"26963","1325","Ec_N",450,23,23,"Ec",27,0,1,0,1,1,0.533148725443406
"26964","1325","Ec_N",450,24,24,"Ec",27,0,1,0,1,1,0.533148725443406
"26965","1325","Ec_N",450,25,25,"Ec",27,0,1,0,1,1,0.533148725443406
"26966","1325","Ec_N",450,26,26,"Ec",27,0,1,0,1,1,0.533148725443406
"26967","1325","Ec_N",450,27,27,"Ec",27,0,1,0,1,1,0.533148725443406
"26968","1325","Ec_N",450,28,28,"Ec",27,0,1,0,1,1,0.533148725443406
"26969","1325","Ec_N",450,29,29,"Ec",27,0,1,0,1,1,0.533148725443406
"26970","1325","Ec_N",450,30,30,"Ec",27,0,1,0,1,1,0.533148725443406
"26971","1325","Ec_N",450,31,31,"Ec",28,1,1,0,1,1,0.815884725734249
"26972","1325","Ec_N",450,32,32,"Ec",28,1,1,0,1,1,0.815884725734249
"26973","1325","Ec_N",450,33,33,"Ec",28,1,1,0,1,1,0.815884725734249
"26974","1325","Ec_N",450,34,34,"Ec",28,1,1,0,1,1,0.815884725734249
"26975","1325","Ec_N",450,35,35,"Ec",28,1,1,0,1,1,0.815884725734249
"26976","1325","Ec_N",450,36,36,"Ec",28,1,1,0,1,1,0.815884725734249
"26977","1325","Ec_N",450,37,37,"Ec",28,1,1,0,1,1,0.815884725734249
"26978","1325","Ec_N",450,38,38,"Ec",28,1,1,0,1,1,0.815884725734249
"26979","1325","Ec_N",450,39,39,"Ec",28,1,1,0,1,1,0.815884725734249
"26980","1325","Ec_N",450,40,40,"Ec",28,1,1,0,1,1,0.815884725734249
"26981","1325","Ec_N",450,41,41,"Ec",28,1,1,0,1,1,0.815884725734249
"26982","1325","Ec_N",450,42,42,"Ec",28,1,1,0,1,1,0.815884725734249
"26983","1325","Ec_N",450,43,43,"Ec",28,1,1,0,1,1,0.815884725734249
"26984","1325","Ec_N",450,44,44,"Ec",28,1,1,0,1,1,0.815884725734249
"26985","1325","Ec_N",450,45,45,"Ec",28,1,1,0,1,1,0.815884725734249
"26986","1325","Ec_N",450,46,46,"Ec",28,1,1,0,1,1,0.815884725734249
"26987","1325","Ec_N",450,47,47,"Ec",28,1,1,0,1,1,0.815884725734249
"26988","1325","Ec_N",450,48,48,"Ec",28,1,1,0,1,1,0.815884725734249
"26989","1325","Ec_N",450,49,49,"Ec",28,1,1,0,1,1,0.815884725734249
"26990","1325","Ec_N",450,50,50,"Ec",28,1,1,0,1,1,0.815884725734249
"26991","1325","Ec_N",450,51,51,"Ec",28,1,1,0,1,1,0.815884725734249
"26992","1325","Ec_N",450,52,52,"Ec",28,1,1,0,1,1,0.815884725734249
"26993","1325","Ec_N",450,53,53,"Ec",28,1,1,0,1,1,0.815884725734249
"26994","1325","Ec_N",450,54,54,"Ec",28,1,1,0,1,1,0.815884725734249
"26995","1325","Ec_N",450,55,55,"Ec",32,1,1,1,1,1,1
"26996","1325","Ec_N",450,56,56,"Ec",32,1,1,1,1,1,1
"26997","1325","Ec_N",450,57,57,"Ec",32,1,1,1,1,1,1
"26998","1325","Ec_N",450,58,58,"Ec",32,1,1,1,1,1,1
"26999","1325","Ec_N",450,59,59,"Ec",32,1,1,1,1,1,1
"27000","1325","Ec_N",450,60,60,"Ec",32,1,1,1,1,1,1
"27001","1325","Ec_N",451,1,1,"Ec",1,0,0,0,0,0,0
"27002","1325","Ec_N",451,2,2,"Ec",1,0,0,0,0,0,0
"27003","1325","Ec_N",451,3,3,"Ec",1,0,0,0,0,0,0
"27004","1325","Ec_N",451,4,4,"Ec",1,0,0,0,0,0,0
"27005","1325","Ec_N",451,5,5,"Ec",1,0,0,0,0,0,0
"27006","1325","Ec_N",451,6,6,"Ec",1,0,0,0,0,0,0
"27007","1325","Ec_N",451,7,7,"Ec",3,0,1,0,0,0,0.420438296247818
"27008","1325","Ec_N",451,8,8,"Ec",11,0,1,0,1,0,0.503461616060769
"27009","1325","Ec_N",451,9,9,"Ec",11,0,1,0,1,0,0.503461616060769
"27010","1325","Ec_N",451,10,10,"Ec",11,0,1,0,1,0,0.503461616060769
"27011","1325","Ec_N",451,11,11,"Ec",11,0,1,0,1,0,0.503461616060769
"27012","1325","Ec_N",451,12,12,"Ec",11,0,1,0,1,0,0.503461616060769
"27013","1325","Ec_N",451,13,13,"Ec",11,0,1,0,1,0,0.503461616060769
"27014","1325","Ec_N",451,14,14,"Ec",11,0,1,0,1,0,0.503461616060769
"27015","1325","Ec_N",451,15,15,"Ec",11,0,1,0,1,0,0.503461616060769
"27016","1325","Ec_N",451,16,16,"Ec",11,0,1,0,1,0,0.503461616060769
"27017","1325","Ec_N",451,17,17,"Ec",11,0,1,0,1,0,0.503461616060769
"27018","1325","Ec_N",451,18,18,"Ec",11,0,1,0,1,0,0.503461616060769
"27019","1325","Ec_N",451,19,19,"Ec",11,0,1,0,1,0,0.503461616060769
"27020","1325","Ec_N",451,20,20,"Ec",12,1,1,0,1,0,0.776685026312455
"27021","1325","Ec_N",451,21,21,"Ec",12,1,1,0,1,0,0.776685026312455
"27022","1325","Ec_N",451,22,22,"Ec",12,1,1,0,1,0,0.776685026312455
"27023","1325","Ec_N",451,23,23,"Ec",12,1,1,0,1,0,0.776685026312455
"27024","1325","Ec_N",451,24,24,"Ec",12,1,1,0,1,0,0.776685026312455
"27025","1325","Ec_N",451,25,25,"Ec",12,1,1,0,1,0,0.776685026312455
"27026","1325","Ec_N",451,26,26,"Ec",12,1,1,0,1,0,0.776685026312455
"27027","1325","Ec_N",451,27,27,"Ec",12,1,1,0,1,0,0.776685026312455
"27028","1325","Ec_N",451,28,28,"Ec",12,1,1,0,1,0,0.776685026312455
"27029","1325","Ec_N",451,29,29,"Ec",12,1,1,0,1,0,0.776685026312455
"27030","1325","Ec_N",451,30,30,"Ec",12,1,1,0,1,0,0.776685026312455
"27031","1325","Ec_N",451,31,31,"Ec",12,1,1,0,1,0,0.776685026312455
"27032","1325","Ec_N",451,32,32,"Ec",12,1,1,0,1,0,0.776685026312455
"27033","1325","Ec_N",451,33,33,"Ec",12,1,1,0,1,0,0.776685026312455
"27034","1325","Ec_N",451,34,34,"Ec",12,1,1,0,1,0,0.776685026312455
"27035","1325","Ec_N",451,35,35,"Ec",12,1,1,0,1,0,0.776685026312455
"27036","1325","Ec_N",451,36,36,"Ec",28,1,1,0,1,1,0.815884725734249
"27037","1325","Ec_N",451,37,37,"Ec",28,1,1,0,1,1,0.815884725734249
"27038","1325","Ec_N",451,38,38,"Ec",28,1,1,0,1,1,0.815884725734249
"27039","1325","Ec_N",451,39,39,"Ec",28,1,1,0,1,1,0.815884725734249
"27040","1325","Ec_N",451,40,40,"Ec",28,1,1,0,1,1,0.815884725734249
"27041","1325","Ec_N",451,41,41,"Ec",28,1,1,0,1,1,0.815884725734249
"27042","1325","Ec_N",451,42,42,"Ec",28,1,1,0,1,1,0.815884725734249
"27043","1325","Ec_N",451,43,43,"Ec",28,1,1,0,1,1,0.815884725734249
"27044","1325","Ec_N",451,44,44,"Ec",28,1,1,0,1,1,0.815884725734249
"27045","1325","Ec_N",451,45,45,"Ec",28,1,1,0,1,1,0.815884725734249
"27046","1325","Ec_N",451,46,46,"Ec",28,1,1,0,1,1,0.815884725734249
"27047","1325","Ec_N",451,47,47,"Ec",28,1,1,0,1,1,0.815884725734249
"27048","1325","Ec_N",451,48,48,"Ec",28,1,1,0,1,1,0.815884725734249
"27049","1325","Ec_N",451,49,49,"Ec",28,1,1,0,1,1,0.815884725734249
"27050","1325","Ec_N",451,50,50,"Ec",28,1,1,0,1,1,0.815884725734249
"27051","1325","Ec_N",451,51,51,"Ec",28,1,1,0,1,1,0.815884725734249
"27052","1325","Ec_N",451,52,52,"Ec",28,1,1,0,1,1,0.815884725734249
"27053","1325","Ec_N",451,53,53,"Ec",28,1,1,0,1,1,0.815884725734249
"27054","1325","Ec_N",451,54,54,"Ec",28,1,1,0,1,1,0.815884725734249
"27055","1325","Ec_N",451,55,55,"Ec",28,1,1,0,1,1,0.815884725734249
"27056","1325","Ec_N",451,56,56,"Ec",28,1,1,0,1,1,0.815884725734249
"27057","1325","Ec_N",451,57,57,"Ec",28,1,1,0,1,1,0.815884725734249
"27058","1325","Ec_N",451,58,58,"Ec",28,1,1,0,1,1,0.815884725734249
"27059","1325","Ec_N",451,59,59,"Ec",28,1,1,0,1,1,0.815884725734249
"27060","1325","Ec_N",451,60,60,"Ec",28,1,1,0,1,1,0.815884725734249
"27061","1325","Ec_N",452,1,1,"Ec",1,0,0,0,0,0,0
"27062","1325","Ec_N",452,2,2,"Ec",1,0,0,0,0,0,0
"27063","1325","Ec_N",452,3,3,"Ec",1,0,0,0,0,0,0
"27064","1325","Ec_N",452,4,4,"Ec",1,0,0,0,0,0,0
"27065","1325","Ec_N",452,5,5,"Ec",17,0,0,0,0,1,0.0636859452353503
"27066","1325","Ec_N",452,6,6,"Ec",17,0,0,0,0,1,0.0636859452353503
"27067","1325","Ec_N",452,7,7,"Ec",17,0,0,0,0,1,0.0636859452353503
"27068","1325","Ec_N",452,8,8,"Ec",17,0,0,0,0,1,0.0636859452353503
"27069","1325","Ec_N",452,9,9,"Ec",17,0,0,0,0,1,0.0636859452353503
"27070","1325","Ec_N",452,10,10,"Ec",17,0,0,0,0,1,0.0636859452353503
"27071","1325","Ec_N",452,11,11,"Ec",17,0,0,0,0,1,0.0636859452353503
"27072","1325","Ec_N",452,12,12,"Ec",17,0,0,0,0,1,0.0636859452353503
"27073","1325","Ec_N",452,13,13,"Ec",17,0,0,0,0,1,0.0636859452353503
"27074","1325","Ec_N",452,14,14,"Ec",17,0,0,0,0,1,0.0636859452353503
"27075","1325","Ec_N",452,15,15,"Ec",17,0,0,0,0,1,0.0636859452353503
"27076","1325","Ec_N",452,16,16,"Ec",17,0,0,0,0,1,0.0636859452353503
"27077","1325","Ec_N",452,17,17,"Ec",17,0,0,0,0,1,0.0636859452353503
"27078","1325","Ec_N",452,18,18,"Ec",17,0,0,0,0,1,0.0636859452353503
"27079","1325","Ec_N",452,19,19,"Ec",17,0,0,0,0,1,0.0636859452353503
"27080","1325","Ec_N",452,20,20,"Ec",17,0,0,0,0,1,0.0636859452353503
"27081","1325","Ec_N",452,21,21,"Ec",17,0,0,0,0,1,0.0636859452353503
"27082","1325","Ec_N",452,22,22,"Ec",17,0,0,0,0,1,0.0636859452353503
"27083","1325","Ec_N",452,23,23,"Ec",17,0,0,0,0,1,0.0636859452353503
"27084","1325","Ec_N",452,24,24,"Ec",17,0,0,0,0,1,0.0636859452353503
"27085","1325","Ec_N",452,25,25,"Ec",17,0,0,0,0,1,0.0636859452353503
"27086","1325","Ec_N",452,26,26,"Ec",17,0,0,0,0,1,0.0636859452353503
"27087","1325","Ec_N",452,27,27,"Ec",17,0,0,0,0,1,0.0636859452353503
"27088","1325","Ec_N",452,28,28,"Ec",18,1,0,0,0,1,0.37090819133975
"27089","1325","Ec_N",452,29,29,"Ec",18,1,0,0,0,1,0.37090819133975
"27090","1325","Ec_N",452,30,30,"Ec",18,1,0,0,0,1,0.37090819133975
"27091","1325","Ec_N",452,31,31,"Ec",18,1,0,0,0,1,0.37090819133975
"27092","1325","Ec_N",452,32,32,"Ec",18,1,0,0,0,1,0.37090819133975
"27093","1325","Ec_N",452,33,33,"Ec",18,1,0,0,0,1,0.37090819133975
"27094","1325","Ec_N",452,34,34,"Ec",18,1,0,0,0,1,0.37090819133975
"27095","1325","Ec_N",452,35,35,"Ec",18,1,0,0,0,1,0.37090819133975
"27096","1325","Ec_N",452,36,36,"Ec",18,1,0,0,0,1,0.37090819133975
"27097","1325","Ec_N",452,37,37,"Ec",18,1,0,0,0,1,0.37090819133975
"27098","1325","Ec_N",452,38,38,"Ec",18,1,0,0,0,1,0.37090819133975
"27099","1325","Ec_N",452,39,39,"Ec",18,1,0,0,0,1,0.37090819133975
"27100","1325","Ec_N",452,40,40,"Ec",18,1,0,0,0,1,0.37090819133975
"27101","1325","Ec_N",452,41,41,"Ec",18,1,0,0,0,1,0.37090819133975
"27102","1325","Ec_N",452,42,42,"Ec",18,1,0,0,0,1,0.37090819133975
"27103","1325","Ec_N",452,43,43,"Ec",18,1,0,0,0,1,0.37090819133975
"27104","1325","Ec_N",452,44,44,"Ec",18,1,0,0,0,1,0.37090819133975
"27105","1325","Ec_N",452,45,45,"Ec",18,1,0,0,0,1,0.37090819133975
"27106","1325","Ec_N",452,46,46,"Ec",18,1,0,0,0,1,0.37090819133975
"27107","1325","Ec_N",452,47,47,"Ec",18,1,0,0,0,1,0.37090819133975
"27108","1325","Ec_N",452,48,48,"Ec",22,1,0,1,0,1,0.530537219791945
"27109","1325","Ec_N",452,49,49,"Ec",22,1,0,1,0,1,0.530537219791945
"27110","1325","Ec_N",452,50,50,"Ec",22,1,0,1,0,1,0.530537219791945
"27111","1325","Ec_N",452,51,51,"Ec",22,1,0,1,0,1,0.530537219791945
"27112","1325","Ec_N",452,52,52,"Ec",22,1,0,1,0,1,0.530537219791945
"27113","1325","Ec_N",452,53,53,"Ec",22,1,0,1,0,1,0.530537219791945
"27114","1325","Ec_N",452,54,54,"Ec",22,1,0,1,0,1,0.530537219791945
"27115","1325","Ec_N",452,55,55,"Ec",22,1,0,1,0,1,0.530537219791945
"27116","1325","Ec_N",452,56,56,"Ec",22,1,0,1,0,1,0.530537219791945
"27117","1325","Ec_N",452,57,57,"Ec",22,1,0,1,0,1,0.530537219791945
"27118","1325","Ec_N",452,58,58,"Ec",22,1,0,1,0,1,0.530537219791945
"27119","1325","Ec_N",452,59,59,"Ec",22,1,0,1,0,1,0.530537219791945
"27120","1325","Ec_N",452,60,60,"Ec",22,1,0,1,0,1,0.530537219791945
"27121","1325","Ec_N",453,1,1,"Ec",1,0,0,0,0,0,0
"27122","1325","Ec_N",453,2,2,"Ec",1,0,0,0,0,0,0
"27123","1325","Ec_N",453,3,3,"Ec",1,0,0,0,0,0,0
"27124","1325","Ec_N",453,4,4,"Ec",1,0,0,0,0,0,0
"27125","1325","Ec_N",453,5,5,"Ec",1,0,0,0,0,0,0
"27126","1325","Ec_N",453,6,6,"Ec",17,0,0,0,0,1,0.0636859452353503
"27127","1325","Ec_N",453,7,7,"Ec",17,0,0,0,0,1,0.0636859452353503
"27128","1325","Ec_N",453,8,8,"Ec",17,0,0,0,0,1,0.0636859452353503
"27129","1325","Ec_N",453,9,9,"Ec",19,0,1,0,0,1,0.484124241483168
"27130","1325","Ec_N",453,10,10,"Ec",19,0,1,0,0,1,0.484124241483168
"27131","1325","Ec_N",453,11,11,"Ec",19,0,1,0,0,1,0.484124241483168
"27132","1325","Ec_N",453,12,12,"Ec",19,0,1,0,0,1,0.484124241483168
"27133","1325","Ec_N",453,13,13,"Ec",19,0,1,0,0,1,0.484124241483168
"27134","1325","Ec_N",453,14,14,"Ec",27,0,1,0,1,1,0.533148725443406
"27135","1325","Ec_N",453,15,15,"Ec",27,0,1,0,1,1,0.533148725443406
"27136","1325","Ec_N",453,16,16,"Ec",27,0,1,0,1,1,0.533148725443406
"27137","1325","Ec_N",453,17,17,"Ec",27,0,1,0,1,1,0.533148725443406
"27138","1325","Ec_N",453,18,18,"Ec",27,0,1,0,1,1,0.533148725443406
"27139","1325","Ec_N",453,19,19,"Ec",27,0,1,0,1,1,0.533148725443406
"27140","1325","Ec_N",453,20,20,"Ec",27,0,1,0,1,1,0.533148725443406
"27141","1325","Ec_N",453,21,21,"Ec",27,0,1,0,1,1,0.533148725443406
"27142","1325","Ec_N",453,22,22,"Ec",27,0,1,0,1,1,0.533148725443406
"27143","1325","Ec_N",453,23,23,"Ec",27,0,1,0,1,1,0.533148725443406
"27144","1325","Ec_N",453,24,24,"Ec",27,0,1,0,1,1,0.533148725443406
"27145","1325","Ec_N",453,25,25,"Ec",27,0,1,0,1,1,0.533148725443406
"27146","1325","Ec_N",453,26,26,"Ec",27,0,1,0,1,1,0.533148725443406
"27147","1325","Ec_N",453,27,27,"Ec",27,0,1,0,1,1,0.533148725443406
"27148","1325","Ec_N",453,28,28,"Ec",27,0,1,0,1,1,0.533148725443406
"27149","1325","Ec_N",453,29,29,"Ec",27,0,1,0,1,1,0.533148725443406
"27150","1325","Ec_N",453,30,30,"Ec",28,1,1,0,1,1,0.815884725734249
"27151","1325","Ec_N",453,31,31,"Ec",28,1,1,0,1,1,0.815884725734249
"27152","1325","Ec_N",453,32,32,"Ec",28,1,1,0,1,1,0.815884725734249
"27153","1325","Ec_N",453,33,33,"Ec",28,1,1,0,1,1,0.815884725734249
"27154","1325","Ec_N",453,34,34,"Ec",28,1,1,0,1,1,0.815884725734249
"27155","1325","Ec_N",453,35,35,"Ec",28,1,1,0,1,1,0.815884725734249
"27156","1325","Ec_N",453,36,36,"Ec",28,1,1,0,1,1,0.815884725734249
"27157","1325","Ec_N",453,37,37,"Ec",28,1,1,0,1,1,0.815884725734249
"27158","1325","Ec_N",453,38,38,"Ec",28,1,1,0,1,1,0.815884725734249
"27159","1325","Ec_N",453,39,39,"Ec",28,1,1,0,1,1,0.815884725734249
"27160","1325","Ec_N",453,40,40,"Ec",28,1,1,0,1,1,0.815884725734249
"27161","1325","Ec_N",453,41,41,"Ec",28,1,1,0,1,1,0.815884725734249
"27162","1325","Ec_N",453,42,42,"Ec",28,1,1,0,1,1,0.815884725734249
"27163","1325","Ec_N",453,43,43,"Ec",28,1,1,0,1,1,0.815884725734249
"27164","1325","Ec_N",453,44,44,"Ec",28,1,1,0,1,1,0.815884725734249
"27165","1325","Ec_N",453,45,45,"Ec",28,1,1,0,1,1,0.815884725734249
"27166","1325","Ec_N",453,46,46,"Ec",28,1,1,0,1,1,0.815884725734249
"27167","1325","Ec_N",453,47,47,"Ec",28,1,1,0,1,1,0.815884725734249
"27168","1325","Ec_N",453,48,48,"Ec",28,1,1,0,1,1,0.815884725734249
"27169","1325","Ec_N",453,49,49,"Ec",28,1,1,0,1,1,0.815884725734249
"27170","1325","Ec_N",453,50,50,"Ec",32,1,1,1,1,1,1
"27171","1325","Ec_N",453,51,51,"Ec",32,1,1,1,1,1,1
"27172","1325","Ec_N",453,52,52,"Ec",32,1,1,1,1,1,1
"27173","1325","Ec_N",453,53,53,"Ec",32,1,1,1,1,1,1
"27174","1325","Ec_N",453,54,54,"Ec",32,1,1,1,1,1,1
"27175","1325","Ec_N",453,55,55,"Ec",32,1,1,1,1,1,1
"27176","1325","Ec_N",453,56,56,"Ec",32,1,1,1,1,1,1
"27177","1325","Ec_N",453,57,57,"Ec",32,1,1,1,1,1,1
"27178","1325","Ec_N",453,58,58,"Ec",32,1,1,1,1,1,1
"27179","1325","Ec_N",453,59,59,"Ec",32,1,1,1,1,1,1
"27180","1325","Ec_N",453,60,60,"Ec",32,1,1,1,1,1,1
"27181","1325","Ec_N",454,1,1,"Ec",1,0,0,0,0,0,0
"27182","1325","Ec_N",454,2,2,"Ec",1,0,0,0,0,0,0
"27183","1325","Ec_N",454,3,3,"Ec",1,0,0,0,0,0,0
"27184","1325","Ec_N",454,4,4,"Ec",9,0,0,0,1,0,0.0490244839602376
"27185","1325","Ec_N",454,5,5,"Ec",9,0,0,0,1,0,0.0490244839602376
"27186","1325","Ec_N",454,6,6,"Ec",9,0,0,0,1,0,0.0490244839602376
"27187","1325","Ec_N",454,7,7,"Ec",9,0,0,0,1,0,0.0490244839602376
"27188","1325","Ec_N",454,8,8,"Ec",11,0,1,0,1,0,0.503461616060769
"27189","1325","Ec_N",454,9,9,"Ec",11,0,1,0,1,0,0.503461616060769
"27190","1325","Ec_N",454,10,10,"Ec",11,0,1,0,1,0,0.503461616060769
"27191","1325","Ec_N",454,11,11,"Ec",11,0,1,0,1,0,0.503461616060769
"27192","1325","Ec_N",454,12,12,"Ec",11,0,1,0,1,0,0.503461616060769
"27193","1325","Ec_N",454,13,13,"Ec",11,0,1,0,1,0,0.503461616060769
"27194","1325","Ec_N",454,14,14,"Ec",11,0,1,0,1,0,0.503461616060769
"27195","1325","Ec_N",454,15,15,"Ec",11,0,1,0,1,0,0.503461616060769
"27196","1325","Ec_N",454,16,16,"Ec",11,0,1,0,1,0,0.503461616060769
"27197","1325","Ec_N",454,17,17,"Ec",11,0,1,0,1,0,0.503461616060769
"27198","1325","Ec_N",454,18,18,"Ec",11,0,1,0,1,0,0.503461616060769
"27199","1325","Ec_N",454,19,19,"Ec",27,0,1,0,1,1,0.533148725443406
"27200","1325","Ec_N",454,20,20,"Ec",31,0,1,1,1,1,0.6927777538956
"27201","1325","Ec_N",454,21,21,"Ec",31,0,1,1,1,1,0.6927777538956
"27202","1325","Ec_N",454,22,22,"Ec",31,0,1,1,1,1,0.6927777538956
"27203","1325","Ec_N",454,23,23,"Ec",31,0,1,1,1,1,0.6927777538956
"27204","1325","Ec_N",454,24,24,"Ec",31,0,1,1,1,1,0.6927777538956
"27205","1325","Ec_N",454,25,25,"Ec",31,0,1,1,1,1,0.6927777538956
"27206","1325","Ec_N",454,26,26,"Ec",31,0,1,1,1,1,0.6927777538956
"27207","1325","Ec_N",454,27,27,"Ec",31,0,1,1,1,1,0.6927777538956
"27208","1325","Ec_N",454,28,28,"Ec",32,1,1,1,1,1,1
"27209","1325","Ec_N",454,29,29,"Ec",32,1,1,1,1,1,1
"27210","1325","Ec_N",454,30,30,"Ec",32,1,1,1,1,1,1
"27211","1325","Ec_N",454,31,31,"Ec",32,1,1,1,1,1,1
"27212","1325","Ec_N",454,32,32,"Ec",32,1,1,1,1,1,1
"27213","1325","Ec_N",454,33,33,"Ec",32,1,1,1,1,1,1
"27214","1325","Ec_N",454,34,34,"Ec",32,1,1,1,1,1,1
"27215","1325","Ec_N",454,35,35,"Ec",32,1,1,1,1,1,1
"27216","1325","Ec_N",454,36,36,"Ec",32,1,1,1,1,1,1
"27217","1325","Ec_N",454,37,37,"Ec",32,1,1,1,1,1,1
"27218","1325","Ec_N",454,38,38,"Ec",32,1,1,1,1,1,1
"27219","1325","Ec_N",454,39,39,"Ec",32,1,1,1,1,1,1
"27220","1325","Ec_N",454,40,40,"Ec",32,1,1,1,1,1,1
"27221","1325","Ec_N",454,41,41,"Ec",32,1,1,1,1,1,1
"27222","1325","Ec_N",454,42,42,"Ec",32,1,1,1,1,1,1
"27223","1325","Ec_N",454,43,43,"Ec",32,1,1,1,1,1,1
"27224","1325","Ec_N",454,44,44,"Ec",32,1,1,1,1,1,1
"27225","1325","Ec_N",454,45,45,"Ec",32,1,1,1,1,1,1
"27226","1325","Ec_N",454,46,46,"Ec",32,1,1,1,1,1,1
"27227","1325","Ec_N",454,47,47,"Ec",32,1,1,1,1,1,1
"27228","1325","Ec_N",454,48,48,"Ec",32,1,1,1,1,1,1
"27229","1325","Ec_N",454,49,49,"Ec",32,1,1,1,1,1,1
"27230","1325","Ec_N",454,50,50,"Ec",32,1,1,1,1,1,1
"27231","1325","Ec_N",454,51,51,"Ec",32,1,1,1,1,1,1
"27232","1325","Ec_N",454,52,52,"Ec",32,1,1,1,1,1,1
"27233","1325","Ec_N",454,53,53,"Ec",32,1,1,1,1,1,1
"27234","1325","Ec_N",454,54,54,"Ec",32,1,1,1,1,1,1
"27235","1325","Ec_N",454,55,55,"Ec",32,1,1,1,1,1,1
"27236","1325","Ec_N",454,56,56,"Ec",32,1,1,1,1,1,1
"27237","1325","Ec_N",454,57,57,"Ec",32,1,1,1,1,1,1
"27238","1325","Ec_N",454,58,58,"Ec",32,1,1,1,1,1,1
"27239","1325","Ec_N",454,59,59,"Ec",32,1,1,1,1,1,1
"27240","1325","Ec_N",454,60,60,"Ec",32,1,1,1,1,1,1
"27241","1325","Ec_N",455,1,1,"Ec",1,0,0,0,0,0,0
"27242","1325","Ec_N",455,2,2,"Ec",5,0,0,1,0,0,0.159629028452195
"27243","1325","Ec_N",455,3,3,"Ec",5,0,0,1,0,0,0.159629028452195
"27244","1325","Ec_N",455,4,4,"Ec",5,0,0,1,0,0,0.159629028452195
"27245","1325","Ec_N",455,5,5,"Ec",5,0,0,1,0,0,0.159629028452195
"27246","1325","Ec_N",455,6,6,"Ec",5,0,0,1,0,0,0.159629028452195
"27247","1325","Ec_N",455,7,7,"Ec",5,0,0,1,0,0,0.159629028452195
"27248","1325","Ec_N",455,8,8,"Ec",5,0,0,1,0,0,0.159629028452195
"27249","1325","Ec_N",455,9,9,"Ec",21,0,0,1,0,1,0.223314973687545
"27250","1325","Ec_N",455,10,10,"Ec",21,0,0,1,0,1,0.223314973687545
"27251","1325","Ec_N",455,11,11,"Ec",21,0,0,1,0,1,0.223314973687545
"27252","1325","Ec_N",455,12,12,"Ec",21,0,0,1,0,1,0.223314973687545
"27253","1325","Ec_N",455,13,13,"Ec",21,0,0,1,0,1,0.223314973687545
"27254","1325","Ec_N",455,14,14,"Ec",21,0,0,1,0,1,0.223314973687545
"27255","1325","Ec_N",455,15,15,"Ec",21,0,0,1,0,1,0.223314973687545
"27256","1325","Ec_N",455,16,16,"Ec",21,0,0,1,0,1,0.223314973687545
"27257","1325","Ec_N",455,17,17,"Ec",21,0,0,1,0,1,0.223314973687545
"27258","1325","Ec_N",455,18,18,"Ec",29,0,0,1,1,1,0.272339457647783
"27259","1325","Ec_N",455,19,19,"Ec",29,0,0,1,1,1,0.272339457647783
"27260","1325","Ec_N",455,20,20,"Ec",29,0,0,1,1,1,0.272339457647783
"27261","1325","Ec_N",455,21,21,"Ec",29,0,0,1,1,1,0.272339457647783
"27262","1325","Ec_N",455,22,22,"Ec",29,0,0,1,1,1,0.272339457647783
"27263","1325","Ec_N",455,23,23,"Ec",29,0,0,1,1,1,0.272339457647783
"27264","1325","Ec_N",455,24,24,"Ec",29,0,0,1,1,1,0.272339457647783
"27265","1325","Ec_N",455,25,25,"Ec",29,0,0,1,1,1,0.272339457647783
"27266","1325","Ec_N",455,26,26,"Ec",29,0,0,1,1,1,0.272339457647783
"27267","1325","Ec_N",455,27,27,"Ec",29,0,0,1,1,1,0.272339457647783
"27268","1325","Ec_N",455,28,28,"Ec",29,0,0,1,1,1,0.272339457647783
"27269","1325","Ec_N",455,29,29,"Ec",31,0,1,1,1,1,0.6927777538956
"27270","1325","Ec_N",455,30,30,"Ec",31,0,1,1,1,1,0.6927777538956
"27271","1325","Ec_N",455,31,31,"Ec",31,0,1,1,1,1,0.6927777538956
"27272","1325","Ec_N",455,32,32,"Ec",31,0,1,1,1,1,0.6927777538956
"27273","1325","Ec_N",455,33,33,"Ec",31,0,1,1,1,1,0.6927777538956
"27274","1325","Ec_N",455,34,34,"Ec",31,0,1,1,1,1,0.6927777538956
"27275","1325","Ec_N",455,35,35,"Ec",31,0,1,1,1,1,0.6927777538956
"27276","1325","Ec_N",455,36,36,"Ec",31,0,1,1,1,1,0.6927777538956
"27277","1325","Ec_N",455,37,37,"Ec",31,0,1,1,1,1,0.6927777538956
"27278","1325","Ec_N",455,38,38,"Ec",31,0,1,1,1,1,0.6927777538956
"27279","1325","Ec_N",455,39,39,"Ec",31,0,1,1,1,1,0.6927777538956
"27280","1325","Ec_N",455,40,40,"Ec",31,0,1,1,1,1,0.6927777538956
"27281","1325","Ec_N",455,41,41,"Ec",31,0,1,1,1,1,0.6927777538956
"27282","1325","Ec_N",455,42,42,"Ec",31,0,1,1,1,1,0.6927777538956
"27283","1325","Ec_N",455,43,43,"Ec",31,0,1,1,1,1,0.6927777538956
"27284","1325","Ec_N",455,44,44,"Ec",31,0,1,1,1,1,0.6927777538956
"27285","1325","Ec_N",455,45,45,"Ec",31,0,1,1,1,1,0.6927777538956
"27286","1325","Ec_N",455,46,46,"Ec",31,0,1,1,1,1,0.6927777538956
"27287","1325","Ec_N",455,47,47,"Ec",31,0,1,1,1,1,0.6927777538956
"27288","1325","Ec_N",455,48,48,"Ec",31,0,1,1,1,1,0.6927777538956
"27289","1325","Ec_N",455,49,49,"Ec",31,0,1,1,1,1,0.6927777538956
"27290","1325","Ec_N",455,50,50,"Ec",31,0,1,1,1,1,0.6927777538956
"27291","1325","Ec_N",455,51,51,"Ec",31,0,1,1,1,1,0.6927777538956
"27292","1325","Ec_N",455,52,52,"Ec",31,0,1,1,1,1,0.6927777538956
"27293","1325","Ec_N",455,53,53,"Ec",31,0,1,1,1,1,0.6927777538956
"27294","1325","Ec_N",455,54,54,"Ec",31,0,1,1,1,1,0.6927777538956
"27295","1325","Ec_N",455,55,55,"Ec",31,0,1,1,1,1,0.6927777538956
"27296","1325","Ec_N",455,56,56,"Ec",31,0,1,1,1,1,0.6927777538956
"27297","1325","Ec_N",455,57,57,"Ec",31,0,1,1,1,1,0.6927777538956
"27298","1325","Ec_N",455,58,58,"Ec",31,0,1,1,1,1,0.6927777538956
"27299","1325","Ec_N",455,59,59,"Ec",31,0,1,1,1,1,0.6927777538956
"27300","1325","Ec_N",455,60,60,"Ec",31,0,1,1,1,1,0.6927777538956
"27301","1325","Ec_N",456,1,1,"Ec",1,0,0,0,0,0,0
"27302","1325","Ec_N",456,2,2,"Ec",1,0,0,0,0,0,0
"27303","1325","Ec_N",456,3,3,"Ec",17,0,0,0,0,1,0.0636859452353503
"27304","1325","Ec_N",456,4,4,"Ec",17,0,0,0,0,1,0.0636859452353503
"27305","1325","Ec_N",456,5,5,"Ec",21,0,0,1,0,1,0.223314973687545
"27306","1325","Ec_N",456,6,6,"Ec",21,0,0,1,0,1,0.223314973687545
"27307","1325","Ec_N",456,7,7,"Ec",21,0,0,1,0,1,0.223314973687545
"27308","1325","Ec_N",456,8,8,"Ec",21,0,0,1,0,1,0.223314973687545
"27309","1325","Ec_N",456,9,9,"Ec",23,0,1,1,0,1,0.57389469344254
"27310","1325","Ec_N",456,10,10,"Ec",23,0,1,1,0,1,0.57389469344254
"27311","1325","Ec_N",456,11,11,"Ec",23,0,1,1,0,1,0.57389469344254
"27312","1325","Ec_N",456,12,12,"Ec",23,0,1,1,0,1,0.57389469344254
"27313","1325","Ec_N",456,13,13,"Ec",23,0,1,1,0,1,0.57389469344254
"27314","1325","Ec_N",456,14,14,"Ec",23,0,1,1,0,1,0.57389469344254
"27315","1325","Ec_N",456,15,15,"Ec",23,0,1,1,0,1,0.57389469344254
"27316","1325","Ec_N",456,16,16,"Ec",23,0,1,1,0,1,0.57389469344254
"27317","1325","Ec_N",456,17,17,"Ec",23,0,1,1,0,1,0.57389469344254
"27318","1325","Ec_N",456,18,18,"Ec",23,0,1,1,0,1,0.57389469344254
"27319","1325","Ec_N",456,19,19,"Ec",23,0,1,1,0,1,0.57389469344254
"27320","1325","Ec_N",456,20,20,"Ec",31,0,1,1,1,1,0.6927777538956
"27321","1325","Ec_N",456,21,21,"Ec",31,0,1,1,1,1,0.6927777538956
"27322","1325","Ec_N",456,22,22,"Ec",31,0,1,1,1,1,0.6927777538956
"27323","1325","Ec_N",456,23,23,"Ec",31,0,1,1,1,1,0.6927777538956
"27324","1325","Ec_N",456,24,24,"Ec",31,0,1,1,1,1,0.6927777538956
"27325","1325","Ec_N",456,25,25,"Ec",31,0,1,1,1,1,0.6927777538956
"27326","1325","Ec_N",456,26,26,"Ec",31,0,1,1,1,1,0.6927777538956
"27327","1325","Ec_N",456,27,27,"Ec",31,0,1,1,1,1,0.6927777538956
"27328","1325","Ec_N",456,28,28,"Ec",31,0,1,1,1,1,0.6927777538956
"27329","1325","Ec_N",456,29,29,"Ec",31,0,1,1,1,1,0.6927777538956
"27330","1325","Ec_N",456,30,30,"Ec",31,0,1,1,1,1,0.6927777538956
"27331","1325","Ec_N",456,31,31,"Ec",31,0,1,1,1,1,0.6927777538956
"27332","1325","Ec_N",456,32,32,"Ec",31,0,1,1,1,1,0.6927777538956
"27333","1325","Ec_N",456,33,33,"Ec",31,0,1,1,1,1,0.6927777538956
"27334","1325","Ec_N",456,34,34,"Ec",32,1,1,1,1,1,1
"27335","1325","Ec_N",456,35,35,"Ec",32,1,1,1,1,1,1
"27336","1325","Ec_N",456,36,36,"Ec",32,1,1,1,1,1,1
"27337","1325","Ec_N",456,37,37,"Ec",32,1,1,1,1,1,1
"27338","1325","Ec_N",456,38,38,"Ec",32,1,1,1,1,1,1
"27339","1325","Ec_N",456,39,39,"Ec",32,1,1,1,1,1,1
"27340","1325","Ec_N",456,40,40,"Ec",32,1,1,1,1,1,1
"27341","1325","Ec_N",456,41,41,"Ec",32,1,1,1,1,1,1
"27342","1325","Ec_N",456,42,42,"Ec",32,1,1,1,1,1,1
"27343","1325","Ec_N",456,43,43,"Ec",32,1,1,1,1,1,1
"27344","1325","Ec_N",456,44,44,"Ec",32,1,1,1,1,1,1
"27345","1325","Ec_N",456,45,45,"Ec",32,1,1,1,1,1,1
"27346","1325","Ec_N",456,46,46,"Ec",32,1,1,1,1,1,1
"27347","1325","Ec_N",456,47,47,"Ec",32,1,1,1,1,1,1
"27348","1325","Ec_N",456,48,48,"Ec",32,1,1,1,1,1,1
"27349","1325","Ec_N",456,49,49,"Ec",32,1,1,1,1,1,1
"27350","1325","Ec_N",456,50,50,"Ec",32,1,1,1,1,1,1
"27351","1325","Ec_N",456,51,51,"Ec",32,1,1,1,1,1,1
"27352","1325","Ec_N",456,52,52,"Ec",32,1,1,1,1,1,1
"27353","1325","Ec_N",456,53,53,"Ec",32,1,1,1,1,1,1
"27354","1325","Ec_N",456,54,54,"Ec",32,1,1,1,1,1,1
"27355","1325","Ec_N",456,55,55,"Ec",32,1,1,1,1,1,1
"27356","1325","Ec_N",456,56,56,"Ec",32,1,1,1,1,1,1
"27357","1325","Ec_N",456,57,57,"Ec",32,1,1,1,1,1,1
"27358","1325","Ec_N",456,58,58,"Ec",32,1,1,1,1,1,1
"27359","1325","Ec_N",456,59,59,"Ec",32,1,1,1,1,1,1
"27360","1325","Ec_N",456,60,60,"Ec",32,1,1,1,1,1,1
"27361","1325","Ec_N",457,1,1,"Ec",1,0,0,0,0,0,0
"27362","1325","Ec_N",457,2,2,"Ec",1,0,0,0,0,0,0
"27363","1325","Ec_N",457,3,3,"Ec",3,0,1,0,0,0,0.420438296247818
"27364","1325","Ec_N",457,4,4,"Ec",3,0,1,0,0,0,0.420438296247818
"27365","1325","Ec_N",457,5,5,"Ec",7,0,1,1,0,0,0.580067324700012
"27366","1325","Ec_N",457,6,6,"Ec",7,0,1,1,0,0,0.580067324700012
"27367","1325","Ec_N",457,7,7,"Ec",7,0,1,1,0,0,0.580067324700012
"27368","1325","Ec_N",457,8,8,"Ec",7,0,1,1,0,0,0.580067324700012
"27369","1325","Ec_N",457,9,9,"Ec",7,0,1,1,0,0,0.580067324700012
"27370","1325","Ec_N",457,10,10,"Ec",7,0,1,1,0,0,0.580067324700012
"27371","1325","Ec_N",457,11,11,"Ec",7,0,1,1,0,0,0.580067324700012
"27372","1325","Ec_N",457,12,12,"Ec",7,0,1,1,0,0,0.580067324700012
"27373","1325","Ec_N",457,13,13,"Ec",7,0,1,1,0,0,0.580067324700012
"27374","1325","Ec_N",457,14,14,"Ec",7,0,1,1,0,0,0.580067324700012
"27375","1325","Ec_N",457,15,15,"Ec",7,0,1,1,0,0,0.580067324700012
"27376","1325","Ec_N",457,16,16,"Ec",7,0,1,1,0,0,0.580067324700012
"27377","1325","Ec_N",457,17,17,"Ec",7,0,1,1,0,0,0.580067324700012
"27378","1325","Ec_N",457,18,18,"Ec",7,0,1,1,0,0,0.580067324700012
"27379","1325","Ec_N",457,19,19,"Ec",7,0,1,1,0,0,0.580067324700012
"27380","1325","Ec_N",457,20,20,"Ec",7,0,1,1,0,0,0.580067324700012
"27381","1325","Ec_N",457,21,21,"Ec",7,0,1,1,0,0,0.580067324700012
"27382","1325","Ec_N",457,22,22,"Ec",8,1,1,1,0,0,0.887289570804412
"27383","1325","Ec_N",457,23,23,"Ec",8,1,1,1,0,0,0.887289570804412
"27384","1325","Ec_N",457,24,24,"Ec",8,1,1,1,0,0,0.887289570804412
"27385","1325","Ec_N",457,25,25,"Ec",8,1,1,1,0,0,0.887289570804412
"27386","1325","Ec_N",457,26,26,"Ec",8,1,1,1,0,0,0.887289570804412
"27387","1325","Ec_N",457,27,27,"Ec",8,1,1,1,0,0,0.887289570804412
"27388","1325","Ec_N",457,28,28,"Ec",8,1,1,1,0,0,0.887289570804412
"27389","1325","Ec_N",457,29,29,"Ec",8,1,1,1,0,0,0.887289570804412
"27390","1325","Ec_N",457,30,30,"Ec",8,1,1,1,0,0,0.887289570804412
"27391","1325","Ec_N",457,31,31,"Ec",8,1,1,1,0,0,0.887289570804412
"27392","1325","Ec_N",457,32,32,"Ec",8,1,1,1,0,0,0.887289570804412
"27393","1325","Ec_N",457,33,33,"Ec",8,1,1,1,0,0,0.887289570804412
"27394","1325","Ec_N",457,34,34,"Ec",8,1,1,1,0,0,0.887289570804412
"27395","1325","Ec_N",457,35,35,"Ec",8,1,1,1,0,0,0.887289570804412
"27396","1325","Ec_N",457,36,36,"Ec",8,1,1,1,0,0,0.887289570804412
"27397","1325","Ec_N",457,37,37,"Ec",8,1,1,1,0,0,0.887289570804412
"27398","1325","Ec_N",457,38,38,"Ec",8,1,1,1,0,0,0.887289570804412
"27399","1325","Ec_N",457,39,39,"Ec",8,1,1,1,0,0,0.887289570804412
"27400","1325","Ec_N",457,40,40,"Ec",8,1,1,1,0,0,0.887289570804412
"27401","1325","Ec_N",457,41,41,"Ec",8,1,1,1,0,0,0.887289570804412
"27402","1325","Ec_N",457,42,42,"Ec",8,1,1,1,0,0,0.887289570804412
"27403","1325","Ec_N",457,43,43,"Ec",8,1,1,1,0,0,0.887289570804412
"27404","1325","Ec_N",457,44,44,"Ec",8,1,1,1,0,0,0.887289570804412
"27405","1325","Ec_N",457,45,45,"Ec",16,1,1,1,1,0,0.93631405476465
"27406","1325","Ec_N",457,46,46,"Ec",16,1,1,1,1,0,0.93631405476465
"27407","1325","Ec_N",457,47,47,"Ec",16,1,1,1,1,0,0.93631405476465
"27408","1325","Ec_N",457,48,48,"Ec",16,1,1,1,1,0,0.93631405476465
"27409","1325","Ec_N",457,49,49,"Ec",16,1,1,1,1,0,0.93631405476465
"27410","1325","Ec_N",457,50,50,"Ec",16,1,1,1,1,0,0.93631405476465
"27411","1325","Ec_N",457,51,51,"Ec",16,1,1,1,1,0,0.93631405476465
"27412","1325","Ec_N",457,52,52,"Ec",16,1,1,1,1,0,0.93631405476465
"27413","1325","Ec_N",457,53,53,"Ec",16,1,1,1,1,0,0.93631405476465
"27414","1325","Ec_N",457,54,54,"Ec",16,1,1,1,1,0,0.93631405476465
"27415","1325","Ec_N",457,55,55,"Ec",32,1,1,1,1,1,1
"27416","1325","Ec_N",457,56,56,"Ec",32,1,1,1,1,1,1
"27417","1325","Ec_N",457,57,57,"Ec",32,1,1,1,1,1,1
"27418","1325","Ec_N",457,58,58,"Ec",32,1,1,1,1,1,1
"27419","1325","Ec_N",457,59,59,"Ec",32,1,1,1,1,1,1
"27420","1325","Ec_N",457,60,60,"Ec",32,1,1,1,1,1,1
"27421","1325","Ec_N",458,1,1,"Ec",1,0,0,0,0,0,0
"27422","1325","Ec_N",458,2,2,"Ec",1,0,0,0,0,0,0
"27423","1325","Ec_N",458,3,3,"Ec",3,0,1,0,0,0,0.420438296247818
"27424","1325","Ec_N",458,4,4,"Ec",4,1,1,0,0,0,0.727660542352217
"27425","1325","Ec_N",458,5,5,"Ec",4,1,1,0,0,0,0.727660542352217
"27426","1325","Ec_N",458,6,6,"Ec",12,1,1,0,1,0,0.776685026312455
"27427","1325","Ec_N",458,7,7,"Ec",12,1,1,0,1,0,0.776685026312455
"27428","1325","Ec_N",458,8,8,"Ec",12,1,1,0,1,0,0.776685026312455
"27429","1325","Ec_N",458,9,9,"Ec",16,1,1,1,1,0,0.93631405476465
"27430","1325","Ec_N",458,10,10,"Ec",16,1,1,1,1,0,0.93631405476465
"27431","1325","Ec_N",458,11,11,"Ec",16,1,1,1,1,0,0.93631405476465
"27432","1325","Ec_N",458,12,12,"Ec",16,1,1,1,1,0,0.93631405476465
"27433","1325","Ec_N",458,13,13,"Ec",16,1,1,1,1,0,0.93631405476465
"27434","1325","Ec_N",458,14,14,"Ec",16,1,1,1,1,0,0.93631405476465
"27435","1325","Ec_N",458,15,15,"Ec",16,1,1,1,1,0,0.93631405476465
"27436","1325","Ec_N",458,16,16,"Ec",16,1,1,1,1,0,0.93631405476465
"27437","1325","Ec_N",458,17,17,"Ec",16,1,1,1,1,0,0.93631405476465
"27438","1325","Ec_N",458,18,18,"Ec",16,1,1,1,1,0,0.93631405476465
"27439","1325","Ec_N",458,19,19,"Ec",16,1,1,1,1,0,0.93631405476465
"27440","1325","Ec_N",458,20,20,"Ec",16,1,1,1,1,0,0.93631405476465
"27441","1325","Ec_N",458,21,21,"Ec",16,1,1,1,1,0,0.93631405476465
"27442","1325","Ec_N",458,22,22,"Ec",16,1,1,1,1,0,0.93631405476465
"27443","1325","Ec_N",458,23,23,"Ec",32,1,1,1,1,1,1
"27444","1325","Ec_N",458,24,24,"Ec",32,1,1,1,1,1,1
"27445","1325","Ec_N",458,25,25,"Ec",32,1,1,1,1,1,1
"27446","1325","Ec_N",458,26,26,"Ec",32,1,1,1,1,1,1
"27447","1325","Ec_N",458,27,27,"Ec",32,1,1,1,1,1,1
"27448","1325","Ec_N",458,28,28,"Ec",32,1,1,1,1,1,1
"27449","1325","Ec_N",458,29,29,"Ec",32,1,1,1,1,1,1
"27450","1325","Ec_N",458,30,30,"Ec",32,1,1,1,1,1,1
"27451","1325","Ec_N",458,31,31,"Ec",32,1,1,1,1,1,1
"27452","1325","Ec_N",458,32,32,"Ec",32,1,1,1,1,1,1
"27453","1325","Ec_N",458,33,33,"Ec",32,1,1,1,1,1,1
"27454","1325","Ec_N",458,34,34,"Ec",32,1,1,1,1,1,1
"27455","1325","Ec_N",458,35,35,"Ec",32,1,1,1,1,1,1
"27456","1325","Ec_N",458,36,36,"Ec",32,1,1,1,1,1,1
"27457","1325","Ec_N",458,37,37,"Ec",32,1,1,1,1,1,1
"27458","1325","Ec_N",458,38,38,"Ec",32,1,1,1,1,1,1
"27459","1325","Ec_N",458,39,39,"Ec",32,1,1,1,1,1,1
"27460","1325","Ec_N",458,40,40,"Ec",32,1,1,1,1,1,1
"27461","1325","Ec_N",458,41,41,"Ec",32,1,1,1,1,1,1
"27462","1325","Ec_N",458,42,42,"Ec",32,1,1,1,1,1,1
"27463","1325","Ec_N",458,43,43,"Ec",32,1,1,1,1,1,1
"27464","1325","Ec_N",458,44,44,"Ec",32,1,1,1,1,1,1
"27465","1325","Ec_N",458,45,45,"Ec",32,1,1,1,1,1,1
"27466","1325","Ec_N",458,46,46,"Ec",32,1,1,1,1,1,1
"27467","1325","Ec_N",458,47,47,"Ec",32,1,1,1,1,1,1
"27468","1325","Ec_N",458,48,48,"Ec",32,1,1,1,1,1,1
"27469","1325","Ec_N",458,49,49,"Ec",32,1,1,1,1,1,1
"27470","1325","Ec_N",458,50,50,"Ec",32,1,1,1,1,1,1
"27471","1325","Ec_N",458,51,51,"Ec",32,1,1,1,1,1,1
"27472","1325","Ec_N",458,52,52,"Ec",32,1,1,1,1,1,1
"27473","1325","Ec_N",458,53,53,"Ec",32,1,1,1,1,1,1
"27474","1325","Ec_N",458,54,54,"Ec",32,1,1,1,1,1,1
"27475","1325","Ec_N",458,55,55,"Ec",32,1,1,1,1,1,1
"27476","1325","Ec_N",458,56,56,"Ec",32,1,1,1,1,1,1
"27477","1325","Ec_N",458,57,57,"Ec",32,1,1,1,1,1,1
"27478","1325","Ec_N",458,58,58,"Ec",32,1,1,1,1,1,1
"27479","1325","Ec_N",458,59,59,"Ec",32,1,1,1,1,1,1
"27480","1325","Ec_N",458,60,60,"Ec",32,1,1,1,1,1,1
"27481","1325","Ec_N",459,1,1,"Ec",1,0,0,0,0,0,0
"27482","1325","Ec_N",459,2,2,"Ec",5,0,0,1,0,0,0.159629028452195
"27483","1325","Ec_N",459,3,3,"Ec",5,0,0,1,0,0,0.159629028452195
"27484","1325","Ec_N",459,4,4,"Ec",6,1,0,1,0,0,0.466851274556594
"27485","1325","Ec_N",459,5,5,"Ec",6,1,0,1,0,0,0.466851274556594
"27486","1325","Ec_N",459,6,6,"Ec",6,1,0,1,0,0,0.466851274556594
"27487","1325","Ec_N",459,7,7,"Ec",6,1,0,1,0,0,0.466851274556594
"27488","1325","Ec_N",459,8,8,"Ec",6,1,0,1,0,0,0.466851274556594
"27489","1325","Ec_N",459,9,9,"Ec",6,1,0,1,0,0,0.466851274556594
"27490","1325","Ec_N",459,10,10,"Ec",6,1,0,1,0,0,0.466851274556594
"27491","1325","Ec_N",459,11,11,"Ec",6,1,0,1,0,0,0.466851274556594
"27492","1325","Ec_N",459,12,12,"Ec",6,1,0,1,0,0,0.466851274556594
"27493","1325","Ec_N",459,13,13,"Ec",8,1,1,1,0,0,0.887289570804412
"27494","1325","Ec_N",459,14,14,"Ec",8,1,1,1,0,0,0.887289570804412
"27495","1325","Ec_N",459,15,15,"Ec",8,1,1,1,0,0,0.887289570804412
"27496","1325","Ec_N",459,16,16,"Ec",8,1,1,1,0,0,0.887289570804412
"27497","1325","Ec_N",459,17,17,"Ec",8,1,1,1,0,0,0.887289570804412
"27498","1325","Ec_N",459,18,18,"Ec",8,1,1,1,0,0,0.887289570804412
"27499","1325","Ec_N",459,19,19,"Ec",8,1,1,1,0,0,0.887289570804412
"27500","1325","Ec_N",459,20,20,"Ec",8,1,1,1,0,0,0.887289570804412
"27501","1325","Ec_N",459,21,21,"Ec",8,1,1,1,0,0,0.887289570804412
"27502","1325","Ec_N",459,22,22,"Ec",8,1,1,1,0,0,0.887289570804412
"27503","1325","Ec_N",459,23,23,"Ec",8,1,1,1,0,0,0.887289570804412
"27504","1325","Ec_N",459,24,24,"Ec",8,1,1,1,0,0,0.887289570804412
"27505","1325","Ec_N",459,25,25,"Ec",8,1,1,1,0,0,0.887289570804412
"27506","1325","Ec_N",459,26,26,"Ec",8,1,1,1,0,0,0.887289570804412
"27507","1325","Ec_N",459,27,27,"Ec",16,1,1,1,1,0,0.93631405476465
"27508","1325","Ec_N",459,28,28,"Ec",16,1,1,1,1,0,0.93631405476465
"27509","1325","Ec_N",459,29,29,"Ec",16,1,1,1,1,0,0.93631405476465
"27510","1325","Ec_N",459,30,30,"Ec",16,1,1,1,1,0,0.93631405476465
"27511","1325","Ec_N",459,31,31,"Ec",16,1,1,1,1,0,0.93631405476465
"27512","1325","Ec_N",459,32,32,"Ec",16,1,1,1,1,0,0.93631405476465
"27513","1325","Ec_N",459,33,33,"Ec",16,1,1,1,1,0,0.93631405476465
"27514","1325","Ec_N",459,34,34,"Ec",16,1,1,1,1,0,0.93631405476465
"27515","1325","Ec_N",459,35,35,"Ec",16,1,1,1,1,0,0.93631405476465
"27516","1325","Ec_N",459,36,36,"Ec",16,1,1,1,1,0,0.93631405476465
"27517","1325","Ec_N",459,37,37,"Ec",16,1,1,1,1,0,0.93631405476465
"27518","1325","Ec_N",459,38,38,"Ec",16,1,1,1,1,0,0.93631405476465
"27519","1325","Ec_N",459,39,39,"Ec",16,1,1,1,1,0,0.93631405476465
"27520","1325","Ec_N",459,40,40,"Ec",16,1,1,1,1,0,0.93631405476465
"27521","1325","Ec_N",459,41,41,"Ec",16,1,1,1,1,0,0.93631405476465
"27522","1325","Ec_N",459,42,42,"Ec",16,1,1,1,1,0,0.93631405476465
"27523","1325","Ec_N",459,43,43,"Ec",16,1,1,1,1,0,0.93631405476465
"27524","1325","Ec_N",459,44,44,"Ec",16,1,1,1,1,0,0.93631405476465
"27525","1325","Ec_N",459,45,45,"Ec",16,1,1,1,1,0,0.93631405476465
"27526","1325","Ec_N",459,46,46,"Ec",16,1,1,1,1,0,0.93631405476465
"27527","1325","Ec_N",459,47,47,"Ec",16,1,1,1,1,0,0.93631405476465
"27528","1325","Ec_N",459,48,48,"Ec",16,1,1,1,1,0,0.93631405476465
"27529","1325","Ec_N",459,49,49,"Ec",16,1,1,1,1,0,0.93631405476465
"27530","1325","Ec_N",459,50,50,"Ec",16,1,1,1,1,0,0.93631405476465
"27531","1325","Ec_N",459,51,51,"Ec",16,1,1,1,1,0,0.93631405476465
"27532","1325","Ec_N",459,52,52,"Ec",16,1,1,1,1,0,0.93631405476465
"27533","1325","Ec_N",459,53,53,"Ec",16,1,1,1,1,0,0.93631405476465
"27534","1325","Ec_N",459,54,54,"Ec",16,1,1,1,1,0,0.93631405476465
"27535","1325","Ec_N",459,55,55,"Ec",16,1,1,1,1,0,0.93631405476465
"27536","1325","Ec_N",459,56,56,"Ec",16,1,1,1,1,0,0.93631405476465
"27537","1325","Ec_N",459,57,57,"Ec",16,1,1,1,1,0,0.93631405476465
"27538","1325","Ec_N",459,58,58,"Ec",16,1,1,1,1,0,0.93631405476465
"27539","1325","Ec_N",459,59,59,"Ec",16,1,1,1,1,0,0.93631405476465
"27540","1325","Ec_N",459,60,60,"Ec",16,1,1,1,1,0,0.93631405476465
"27541","1325","Ec_N",460,1,1,"Ec",1,0,0,0,0,0,0
"27542","1325","Ec_N",460,2,2,"Ec",9,0,0,0,1,0,0.0490244839602376
"27543","1325","Ec_N",460,3,3,"Ec",9,0,0,0,1,0,0.0490244839602376
"27544","1325","Ec_N",460,4,4,"Ec",9,0,0,0,1,0,0.0490244839602376
"27545","1325","Ec_N",460,5,5,"Ec",9,0,0,0,1,0,0.0490244839602376
"27546","1325","Ec_N",460,6,6,"Ec",9,0,0,0,1,0,0.0490244839602376
"27547","1325","Ec_N",460,7,7,"Ec",9,0,0,0,1,0,0.0490244839602376
"27548","1325","Ec_N",460,8,8,"Ec",11,0,1,0,1,0,0.503461616060769
"27549","1325","Ec_N",460,9,9,"Ec",11,0,1,0,1,0,0.503461616060769
"27550","1325","Ec_N",460,10,10,"Ec",11,0,1,0,1,0,0.503461616060769
"27551","1325","Ec_N",460,11,11,"Ec",11,0,1,0,1,0,0.503461616060769
"27552","1325","Ec_N",460,12,12,"Ec",12,1,1,0,1,0,0.776685026312455
"27553","1325","Ec_N",460,13,13,"Ec",12,1,1,0,1,0,0.776685026312455
"27554","1325","Ec_N",460,14,14,"Ec",12,1,1,0,1,0,0.776685026312455
"27555","1325","Ec_N",460,15,15,"Ec",12,1,1,0,1,0,0.776685026312455
"27556","1325","Ec_N",460,16,16,"Ec",12,1,1,0,1,0,0.776685026312455
"27557","1325","Ec_N",460,17,17,"Ec",12,1,1,0,1,0,0.776685026312455
"27558","1325","Ec_N",460,18,18,"Ec",12,1,1,0,1,0,0.776685026312455
"27559","1325","Ec_N",460,19,19,"Ec",12,1,1,0,1,0,0.776685026312455
"27560","1325","Ec_N",460,20,20,"Ec",12,1,1,0,1,0,0.776685026312455
"27561","1325","Ec_N",460,21,21,"Ec",12,1,1,0,1,0,0.776685026312455
"27562","1325","Ec_N",460,22,22,"Ec",12,1,1,0,1,0,0.776685026312455
"27563","1325","Ec_N",460,23,23,"Ec",12,1,1,0,1,0,0.776685026312455
"27564","1325","Ec_N",460,24,24,"Ec",12,1,1,0,1,0,0.776685026312455
"27565","1325","Ec_N",460,25,25,"Ec",12,1,1,0,1,0,0.776685026312455
"27566","1325","Ec_N",460,26,26,"Ec",12,1,1,0,1,0,0.776685026312455
"27567","1325","Ec_N",460,27,27,"Ec",12,1,1,0,1,0,0.776685026312455
"27568","1325","Ec_N",460,28,28,"Ec",12,1,1,0,1,0,0.776685026312455
"27569","1325","Ec_N",460,29,29,"Ec",12,1,1,0,1,0,0.776685026312455
"27570","1325","Ec_N",460,30,30,"Ec",12,1,1,0,1,0,0.776685026312455
"27571","1325","Ec_N",460,31,31,"Ec",12,1,1,0,1,0,0.776685026312455
"27572","1325","Ec_N",460,32,32,"Ec",28,1,1,0,1,1,0.815884725734249
"27573","1325","Ec_N",460,33,33,"Ec",28,1,1,0,1,1,0.815884725734249
"27574","1325","Ec_N",460,34,34,"Ec",28,1,1,0,1,1,0.815884725734249
"27575","1325","Ec_N",460,35,35,"Ec",28,1,1,0,1,1,0.815884725734249
"27576","1325","Ec_N",460,36,36,"Ec",28,1,1,0,1,1,0.815884725734249
"27577","1325","Ec_N",460,37,37,"Ec",32,1,1,1,1,1,1
"27578","1325","Ec_N",460,38,38,"Ec",32,1,1,1,1,1,1
"27579","1325","Ec_N",460,39,39,"Ec",32,1,1,1,1,1,1
"27580","1325","Ec_N",460,40,40,"Ec",32,1,1,1,1,1,1
"27581","1325","Ec_N",460,41,41,"Ec",32,1,1,1,1,1,1
"27582","1325","Ec_N",460,42,42,"Ec",32,1,1,1,1,1,1
"27583","1325","Ec_N",460,43,43,"Ec",32,1,1,1,1,1,1
"27584","1325","Ec_N",460,44,44,"Ec",32,1,1,1,1,1,1
"27585","1325","Ec_N",460,45,45,"Ec",32,1,1,1,1,1,1
"27586","1325","Ec_N",460,46,46,"Ec",32,1,1,1,1,1,1
"27587","1325","Ec_N",460,47,47,"Ec",32,1,1,1,1,1,1
"27588","1325","Ec_N",460,48,48,"Ec",32,1,1,1,1,1,1
"27589","1325","Ec_N",460,49,49,"Ec",32,1,1,1,1,1,1
"27590","1325","Ec_N",460,50,50,"Ec",32,1,1,1,1,1,1
"27591","1325","Ec_N",460,51,51,"Ec",32,1,1,1,1,1,1
"27592","1325","Ec_N",460,52,52,"Ec",32,1,1,1,1,1,1
"27593","1325","Ec_N",460,53,53,"Ec",32,1,1,1,1,1,1
"27594","1325","Ec_N",460,54,54,"Ec",32,1,1,1,1,1,1
"27595","1325","Ec_N",460,55,55,"Ec",32,1,1,1,1,1,1
"27596","1325","Ec_N",460,56,56,"Ec",32,1,1,1,1,1,1
"27597","1325","Ec_N",460,57,57,"Ec",32,1,1,1,1,1,1
"27598","1325","Ec_N",460,58,58,"Ec",32,1,1,1,1,1,1
"27599","1325","Ec_N",460,59,59,"Ec",32,1,1,1,1,1,1
"27600","1325","Ec_N",460,60,60,"Ec",32,1,1,1,1,1,1
"27601","1325","Ec_N",461,1,1,"Ec",1,0,0,0,0,0,0
"27602","1325","Ec_N",461,2,2,"Ec",5,0,0,1,0,0,0.159629028452195
"27603","1325","Ec_N",461,3,3,"Ec",5,0,0,1,0,0,0.159629028452195
"27604","1325","Ec_N",461,4,4,"Ec",13,0,0,1,1,0,0.208653512412432
"27605","1325","Ec_N",461,5,5,"Ec",13,0,0,1,1,0,0.208653512412432
"27606","1325","Ec_N",461,6,6,"Ec",15,0,1,1,1,0,0.62909180866025
"27607","1325","Ec_N",461,7,7,"Ec",15,0,1,1,1,0,0.62909180866025
"27608","1325","Ec_N",461,8,8,"Ec",15,0,1,1,1,0,0.62909180866025
"27609","1325","Ec_N",461,9,9,"Ec",31,0,1,1,1,1,0.6927777538956
"27610","1325","Ec_N",461,10,10,"Ec",31,0,1,1,1,1,0.6927777538956
"27611","1325","Ec_N",461,11,11,"Ec",31,0,1,1,1,1,0.6927777538956
"27612","1325","Ec_N",461,12,12,"Ec",31,0,1,1,1,1,0.6927777538956
"27613","1325","Ec_N",461,13,13,"Ec",31,0,1,1,1,1,0.6927777538956
"27614","1325","Ec_N",461,14,14,"Ec",31,0,1,1,1,1,0.6927777538956
"27615","1325","Ec_N",461,15,15,"Ec",31,0,1,1,1,1,0.6927777538956
"27616","1325","Ec_N",461,16,16,"Ec",32,1,1,1,1,1,1
"27617","1325","Ec_N",461,17,17,"Ec",32,1,1,1,1,1,1
"27618","1325","Ec_N",461,18,18,"Ec",32,1,1,1,1,1,1
"27619","1325","Ec_N",461,19,19,"Ec",32,1,1,1,1,1,1
"27620","1325","Ec_N",461,20,20,"Ec",32,1,1,1,1,1,1
"27621","1325","Ec_N",461,21,21,"Ec",32,1,1,1,1,1,1
"27622","1325","Ec_N",461,22,22,"Ec",32,1,1,1,1,1,1
"27623","1325","Ec_N",461,23,23,"Ec",32,1,1,1,1,1,1
"27624","1325","Ec_N",461,24,24,"Ec",32,1,1,1,1,1,1
"27625","1325","Ec_N",461,25,25,"Ec",32,1,1,1,1,1,1
"27626","1325","Ec_N",461,26,26,"Ec",32,1,1,1,1,1,1
"27627","1325","Ec_N",461,27,27,"Ec",32,1,1,1,1,1,1
"27628","1325","Ec_N",461,28,28,"Ec",32,1,1,1,1,1,1
"27629","1325","Ec_N",461,29,29,"Ec",32,1,1,1,1,1,1
"27630","1325","Ec_N",461,30,30,"Ec",32,1,1,1,1,1,1
"27631","1325","Ec_N",461,31,31,"Ec",32,1,1,1,1,1,1
"27632","1325","Ec_N",461,32,32,"Ec",32,1,1,1,1,1,1
"27633","1325","Ec_N",461,33,33,"Ec",32,1,1,1,1,1,1
"27634","1325","Ec_N",461,34,34,"Ec",32,1,1,1,1,1,1
"27635","1325","Ec_N",461,35,35,"Ec",32,1,1,1,1,1,1
"27636","1325","Ec_N",461,36,36,"Ec",32,1,1,1,1,1,1
"27637","1325","Ec_N",461,37,37,"Ec",32,1,1,1,1,1,1
"27638","1325","Ec_N",461,38,38,"Ec",32,1,1,1,1,1,1
"27639","1325","Ec_N",461,39,39,"Ec",32,1,1,1,1,1,1
"27640","1325","Ec_N",461,40,40,"Ec",32,1,1,1,1,1,1
"27641","1325","Ec_N",461,41,41,"Ec",32,1,1,1,1,1,1
"27642","1325","Ec_N",461,42,42,"Ec",32,1,1,1,1,1,1
"27643","1325","Ec_N",461,43,43,"Ec",32,1,1,1,1,1,1
"27644","1325","Ec_N",461,44,44,"Ec",32,1,1,1,1,1,1
"27645","1325","Ec_N",461,45,45,"Ec",32,1,1,1,1,1,1
"27646","1325","Ec_N",461,46,46,"Ec",32,1,1,1,1,1,1
"27647","1325","Ec_N",461,47,47,"Ec",32,1,1,1,1,1,1
"27648","1325","Ec_N",461,48,48,"Ec",32,1,1,1,1,1,1
"27649","1325","Ec_N",461,49,49,"Ec",32,1,1,1,1,1,1
"27650","1325","Ec_N",461,50,50,"Ec",32,1,1,1,1,1,1
"27651","1325","Ec_N",461,51,51,"Ec",32,1,1,1,1,1,1
"27652","1325","Ec_N",461,52,52,"Ec",32,1,1,1,1,1,1
"27653","1325","Ec_N",461,53,53,"Ec",32,1,1,1,1,1,1
"27654","1325","Ec_N",461,54,54,"Ec",32,1,1,1,1,1,1
"27655","1325","Ec_N",461,55,55,"Ec",32,1,1,1,1,1,1
"27656","1325","Ec_N",461,56,56,"Ec",32,1,1,1,1,1,1
"27657","1325","Ec_N",461,57,57,"Ec",32,1,1,1,1,1,1
"27658","1325","Ec_N",461,58,58,"Ec",32,1,1,1,1,1,1
"27659","1325","Ec_N",461,59,59,"Ec",32,1,1,1,1,1,1
"27660","1325","Ec_N",461,60,60,"Ec",32,1,1,1,1,1,1
"27661","1325","Ec_N",462,1,1,"Ec",1,0,0,0,0,0,0
"27662","1325","Ec_N",462,2,2,"Ec",2,1,0,0,0,0,0.3072222461044
"27663","1325","Ec_N",462,3,3,"Ec",2,1,0,0,0,0,0.3072222461044
"27664","1325","Ec_N",462,4,4,"Ec",4,1,1,0,0,0,0.727660542352217
"27665","1325","Ec_N",462,5,5,"Ec",4,1,1,0,0,0,0.727660542352217
"27666","1325","Ec_N",462,6,6,"Ec",4,1,1,0,0,0,0.727660542352217
"27667","1325","Ec_N",462,7,7,"Ec",4,1,1,0,0,0,0.727660542352217
"27668","1325","Ec_N",462,8,8,"Ec",4,1,1,0,0,0,0.727660542352217
"27669","1325","Ec_N",462,9,9,"Ec",4,1,1,0,0,0,0.727660542352217
"27670","1325","Ec_N",462,10,10,"Ec",4,1,1,0,0,0,0.727660542352217
"27671","1325","Ec_N",462,11,11,"Ec",4,1,1,0,0,0,0.727660542352217
"27672","1325","Ec_N",462,12,12,"Ec",4,1,1,0,0,0,0.727660542352217
"27673","1325","Ec_N",462,13,13,"Ec",4,1,1,0,0,0,0.727660542352217
"27674","1325","Ec_N",462,14,14,"Ec",4,1,1,0,0,0,0.727660542352217
"27675","1325","Ec_N",462,15,15,"Ec",4,1,1,0,0,0,0.727660542352217
"27676","1325","Ec_N",462,16,16,"Ec",4,1,1,0,0,0,0.727660542352217
"27677","1325","Ec_N",462,17,17,"Ec",4,1,1,0,0,0,0.727660542352217
"27678","1325","Ec_N",462,18,18,"Ec",4,1,1,0,0,0,0.727660542352217
"27679","1325","Ec_N",462,19,19,"Ec",4,1,1,0,0,0,0.727660542352217
"27680","1325","Ec_N",462,20,20,"Ec",4,1,1,0,0,0,0.727660542352217
"27681","1325","Ec_N",462,21,21,"Ec",4,1,1,0,0,0,0.727660542352217
"27682","1325","Ec_N",462,22,22,"Ec",4,1,1,0,0,0,0.727660542352217
"27683","1325","Ec_N",462,23,23,"Ec",4,1,1,0,0,0,0.727660542352217
"27684","1325","Ec_N",462,24,24,"Ec",4,1,1,0,0,0,0.727660542352217
"27685","1325","Ec_N",462,25,25,"Ec",4,1,1,0,0,0,0.727660542352217
"27686","1325","Ec_N",462,26,26,"Ec",4,1,1,0,0,0,0.727660542352217
"27687","1325","Ec_N",462,27,27,"Ec",4,1,1,0,0,0,0.727660542352217
"27688","1325","Ec_N",462,28,28,"Ec",4,1,1,0,0,0,0.727660542352217
"27689","1325","Ec_N",462,29,29,"Ec",4,1,1,0,0,0,0.727660542352217
"27690","1325","Ec_N",462,30,30,"Ec",4,1,1,0,0,0,0.727660542352217
"27691","1325","Ec_N",462,31,31,"Ec",4,1,1,0,0,0,0.727660542352217
"27692","1325","Ec_N",462,32,32,"Ec",4,1,1,0,0,0,0.727660542352217
"27693","1325","Ec_N",462,33,33,"Ec",4,1,1,0,0,0,0.727660542352217
"27694","1325","Ec_N",462,34,34,"Ec",8,1,1,1,0,0,0.887289570804412
"27695","1325","Ec_N",462,35,35,"Ec",8,1,1,1,0,0,0.887289570804412
"27696","1325","Ec_N",462,36,36,"Ec",8,1,1,1,0,0,0.887289570804412
"27697","1325","Ec_N",462,37,37,"Ec",8,1,1,1,0,0,0.887289570804412
"27698","1325","Ec_N",462,38,38,"Ec",16,1,1,1,1,0,0.93631405476465
"27699","1325","Ec_N",462,39,39,"Ec",16,1,1,1,1,0,0.93631405476465
"27700","1325","Ec_N",462,40,40,"Ec",16,1,1,1,1,0,0.93631405476465
"27701","1325","Ec_N",462,41,41,"Ec",16,1,1,1,1,0,0.93631405476465
"27702","1325","Ec_N",462,42,42,"Ec",16,1,1,1,1,0,0.93631405476465
"27703","1325","Ec_N",462,43,43,"Ec",16,1,1,1,1,0,0.93631405476465
"27704","1325","Ec_N",462,44,44,"Ec",16,1,1,1,1,0,0.93631405476465
"27705","1325","Ec_N",462,45,45,"Ec",16,1,1,1,1,0,0.93631405476465
"27706","1325","Ec_N",462,46,46,"Ec",16,1,1,1,1,0,0.93631405476465
"27707","1325","Ec_N",462,47,47,"Ec",16,1,1,1,1,0,0.93631405476465
"27708","1325","Ec_N",462,48,48,"Ec",16,1,1,1,1,0,0.93631405476465
"27709","1325","Ec_N",462,49,49,"Ec",16,1,1,1,1,0,0.93631405476465
"27710","1325","Ec_N",462,50,50,"Ec",16,1,1,1,1,0,0.93631405476465
"27711","1325","Ec_N",462,51,51,"Ec",16,1,1,1,1,0,0.93631405476465
"27712","1325","Ec_N",462,52,52,"Ec",16,1,1,1,1,0,0.93631405476465
"27713","1325","Ec_N",462,53,53,"Ec",16,1,1,1,1,0,0.93631405476465
"27714","1325","Ec_N",462,54,54,"Ec",16,1,1,1,1,0,0.93631405476465
"27715","1325","Ec_N",462,55,55,"Ec",16,1,1,1,1,0,0.93631405476465
"27716","1325","Ec_N",462,56,56,"Ec",16,1,1,1,1,0,0.93631405476465
"27717","1325","Ec_N",462,57,57,"Ec",16,1,1,1,1,0,0.93631405476465
"27718","1325","Ec_N",462,58,58,"Ec",16,1,1,1,1,0,0.93631405476465
"27719","1325","Ec_N",462,59,59,"Ec",16,1,1,1,1,0,0.93631405476465
"27720","1325","Ec_N",462,60,60,"Ec",16,1,1,1,1,0,0.93631405476465
"27721","1325","Ec_N",463,1,1,"Ec",1,0,0,0,0,0,0
"27722","1325","Ec_N",463,2,2,"Ec",1,0,0,0,0,0,0
"27723","1325","Ec_N",463,3,3,"Ec",1,0,0,0,0,0,0
"27724","1325","Ec_N",463,4,4,"Ec",1,0,0,0,0,0,0
"27725","1325","Ec_N",463,5,5,"Ec",17,0,0,0,0,1,0.0636859452353503
"27726","1325","Ec_N",463,6,6,"Ec",17,0,0,0,0,1,0.0636859452353503
"27727","1325","Ec_N",463,7,7,"Ec",17,0,0,0,0,1,0.0636859452353503
"27728","1325","Ec_N",463,8,8,"Ec",17,0,0,0,0,1,0.0636859452353503
"27729","1325","Ec_N",463,9,9,"Ec",21,0,0,1,0,1,0.223314973687545
"27730","1325","Ec_N",463,10,10,"Ec",21,0,0,1,0,1,0.223314973687545
"27731","1325","Ec_N",463,11,11,"Ec",21,0,0,1,0,1,0.223314973687545
"27732","1325","Ec_N",463,12,12,"Ec",21,0,0,1,0,1,0.223314973687545
"27733","1325","Ec_N",463,13,13,"Ec",21,0,0,1,0,1,0.223314973687545
"27734","1325","Ec_N",463,14,14,"Ec",21,0,0,1,0,1,0.223314973687545
"27735","1325","Ec_N",463,15,15,"Ec",23,0,1,1,0,1,0.57389469344254
"27736","1325","Ec_N",463,16,16,"Ec",23,0,1,1,0,1,0.57389469344254
"27737","1325","Ec_N",463,17,17,"Ec",23,0,1,1,0,1,0.57389469344254
"27738","1325","Ec_N",463,18,18,"Ec",23,0,1,1,0,1,0.57389469344254
"27739","1325","Ec_N",463,19,19,"Ec",23,0,1,1,0,1,0.57389469344254
"27740","1325","Ec_N",463,20,20,"Ec",23,0,1,1,0,1,0.57389469344254
"27741","1325","Ec_N",463,21,21,"Ec",23,0,1,1,0,1,0.57389469344254
"27742","1325","Ec_N",463,22,22,"Ec",23,0,1,1,0,1,0.57389469344254
"27743","1325","Ec_N",463,23,23,"Ec",23,0,1,1,0,1,0.57389469344254
"27744","1325","Ec_N",463,24,24,"Ec",23,0,1,1,0,1,0.57389469344254
"27745","1325","Ec_N",463,25,25,"Ec",23,0,1,1,0,1,0.57389469344254
"27746","1325","Ec_N",463,26,26,"Ec",23,0,1,1,0,1,0.57389469344254
"27747","1325","Ec_N",463,27,27,"Ec",23,0,1,1,0,1,0.57389469344254
"27748","1325","Ec_N",463,28,28,"Ec",23,0,1,1,0,1,0.57389469344254
"27749","1325","Ec_N",463,29,29,"Ec",23,0,1,1,0,1,0.57389469344254
"27750","1325","Ec_N",463,30,30,"Ec",23,0,1,1,0,1,0.57389469344254
"27751","1325","Ec_N",463,31,31,"Ec",23,0,1,1,0,1,0.57389469344254
"27752","1325","Ec_N",463,32,32,"Ec",23,0,1,1,0,1,0.57389469344254
"27753","1325","Ec_N",463,33,33,"Ec",31,0,1,1,1,1,0.6927777538956
"27754","1325","Ec_N",463,34,34,"Ec",31,0,1,1,1,1,0.6927777538956
"27755","1325","Ec_N",463,35,35,"Ec",31,0,1,1,1,1,0.6927777538956
"27756","1325","Ec_N",463,36,36,"Ec",31,0,1,1,1,1,0.6927777538956
"27757","1325","Ec_N",463,37,37,"Ec",31,0,1,1,1,1,0.6927777538956
"27758","1325","Ec_N",463,38,38,"Ec",31,0,1,1,1,1,0.6927777538956
"27759","1325","Ec_N",463,39,39,"Ec",31,0,1,1,1,1,0.6927777538956
"27760","1325","Ec_N",463,40,40,"Ec",31,0,1,1,1,1,0.6927777538956
"27761","1325","Ec_N",463,41,41,"Ec",31,0,1,1,1,1,0.6927777538956
"27762","1325","Ec_N",463,42,42,"Ec",31,0,1,1,1,1,0.6927777538956
"27763","1325","Ec_N",463,43,43,"Ec",31,0,1,1,1,1,0.6927777538956
"27764","1325","Ec_N",463,44,44,"Ec",31,0,1,1,1,1,0.6927777538956
"27765","1325","Ec_N",463,45,45,"Ec",31,0,1,1,1,1,0.6927777538956
"27766","1325","Ec_N",463,46,46,"Ec",31,0,1,1,1,1,0.6927777538956
"27767","1325","Ec_N",463,47,47,"Ec",31,0,1,1,1,1,0.6927777538956
"27768","1325","Ec_N",463,48,48,"Ec",31,0,1,1,1,1,0.6927777538956
"27769","1325","Ec_N",463,49,49,"Ec",31,0,1,1,1,1,0.6927777538956
"27770","1325","Ec_N",463,50,50,"Ec",31,0,1,1,1,1,0.6927777538956
"27771","1325","Ec_N",463,51,51,"Ec",31,0,1,1,1,1,0.6927777538956
"27772","1325","Ec_N",463,52,52,"Ec",31,0,1,1,1,1,0.6927777538956
"27773","1325","Ec_N",463,53,53,"Ec",32,1,1,1,1,1,1
"27774","1325","Ec_N",463,54,54,"Ec",32,1,1,1,1,1,1
"27775","1325","Ec_N",463,55,55,"Ec",32,1,1,1,1,1,1
"27776","1325","Ec_N",463,56,56,"Ec",32,1,1,1,1,1,1
"27777","1325","Ec_N",463,57,57,"Ec",32,1,1,1,1,1,1
"27778","1325","Ec_N",463,58,58,"Ec",32,1,1,1,1,1,1
"27779","1325","Ec_N",463,59,59,"Ec",32,1,1,1,1,1,1
"27780","1325","Ec_N",463,60,60,"Ec",32,1,1,1,1,1,1
"27781","1325","Ec_N",464,1,1,"Ec",1,0,0,0,0,0,0
"27782","1325","Ec_N",464,2,2,"Ec",1,0,0,0,0,0,0
"27783","1325","Ec_N",464,3,3,"Ec",1,0,0,0,0,0,0
"27784","1325","Ec_N",464,4,4,"Ec",1,0,0,0,0,0,0
"27785","1325","Ec_N",464,5,5,"Ec",1,0,0,0,0,0,0
"27786","1325","Ec_N",464,6,6,"Ec",1,0,0,0,0,0,0
"27787","1325","Ec_N",464,7,7,"Ec",1,0,0,0,0,0,0
"27788","1325","Ec_N",464,8,8,"Ec",1,0,0,0,0,0,0
"27789","1325","Ec_N",464,9,9,"Ec",1,0,0,0,0,0,0
"27790","1325","Ec_N",464,10,10,"Ec",1,0,0,0,0,0,0
"27791","1325","Ec_N",464,11,11,"Ec",1,0,0,0,0,0,0
"27792","1325","Ec_N",464,12,12,"Ec",5,0,0,1,0,0,0.159629028452195
"27793","1325","Ec_N",464,13,13,"Ec",5,0,0,1,0,0,0.159629028452195
"27794","1325","Ec_N",464,14,14,"Ec",6,1,0,1,0,0,0.466851274556594
"27795","1325","Ec_N",464,15,15,"Ec",6,1,0,1,0,0,0.466851274556594
"27796","1325","Ec_N",464,16,16,"Ec",6,1,0,1,0,0,0.466851274556594
"27797","1325","Ec_N",464,17,17,"Ec",6,1,0,1,0,0,0.466851274556594
"27798","1325","Ec_N",464,18,18,"Ec",6,1,0,1,0,0,0.466851274556594
"27799","1325","Ec_N",464,19,19,"Ec",6,1,0,1,0,0,0.466851274556594
"27800","1325","Ec_N",464,20,20,"Ec",6,1,0,1,0,0,0.466851274556594
"27801","1325","Ec_N",464,21,21,"Ec",6,1,0,1,0,0,0.466851274556594
"27802","1325","Ec_N",464,22,22,"Ec",6,1,0,1,0,0,0.466851274556594
"27803","1325","Ec_N",464,23,23,"Ec",6,1,0,1,0,0,0.466851274556594
"27804","1325","Ec_N",464,24,24,"Ec",6,1,0,1,0,0,0.466851274556594
"27805","1325","Ec_N",464,25,25,"Ec",6,1,0,1,0,0,0.466851274556594
"27806","1325","Ec_N",464,26,26,"Ec",14,1,0,1,1,0,0.479175264165032
"27807","1325","Ec_N",464,27,27,"Ec",16,1,1,1,1,0,0.93631405476465
"27808","1325","Ec_N",464,28,28,"Ec",16,1,1,1,1,0,0.93631405476465
"27809","1325","Ec_N",464,29,29,"Ec",16,1,1,1,1,0,0.93631405476465
"27810","1325","Ec_N",464,30,30,"Ec",16,1,1,1,1,0,0.93631405476465
"27811","1325","Ec_N",464,31,31,"Ec",16,1,1,1,1,0,0.93631405476465
"27812","1325","Ec_N",464,32,32,"Ec",16,1,1,1,1,0,0.93631405476465
"27813","1325","Ec_N",464,33,33,"Ec",16,1,1,1,1,0,0.93631405476465
"27814","1325","Ec_N",464,34,34,"Ec",16,1,1,1,1,0,0.93631405476465
"27815","1325","Ec_N",464,35,35,"Ec",16,1,1,1,1,0,0.93631405476465
"27816","1325","Ec_N",464,36,36,"Ec",16,1,1,1,1,0,0.93631405476465
"27817","1325","Ec_N",464,37,37,"Ec",16,1,1,1,1,0,0.93631405476465
"27818","1325","Ec_N",464,38,38,"Ec",16,1,1,1,1,0,0.93631405476465
"27819","1325","Ec_N",464,39,39,"Ec",16,1,1,1,1,0,0.93631405476465
"27820","1325","Ec_N",464,40,40,"Ec",16,1,1,1,1,0,0.93631405476465
"27821","1325","Ec_N",464,41,41,"Ec",16,1,1,1,1,0,0.93631405476465
"27822","1325","Ec_N",464,42,42,"Ec",16,1,1,1,1,0,0.93631405476465
"27823","1325","Ec_N",464,43,43,"Ec",16,1,1,1,1,0,0.93631405476465
"27824","1325","Ec_N",464,44,44,"Ec",16,1,1,1,1,0,0.93631405476465
"27825","1325","Ec_N",464,45,45,"Ec",16,1,1,1,1,0,0.93631405476465
"27826","1325","Ec_N",464,46,46,"Ec",16,1,1,1,1,0,0.93631405476465
"27827","1325","Ec_N",464,47,47,"Ec",16,1,1,1,1,0,0.93631405476465
"27828","1325","Ec_N",464,48,48,"Ec",16,1,1,1,1,0,0.93631405476465
"27829","1325","Ec_N",464,49,49,"Ec",16,1,1,1,1,0,0.93631405476465
"27830","1325","Ec_N",464,50,50,"Ec",16,1,1,1,1,0,0.93631405476465
"27831","1325","Ec_N",464,51,51,"Ec",16,1,1,1,1,0,0.93631405476465
"27832","1325","Ec_N",464,52,52,"Ec",16,1,1,1,1,0,0.93631405476465
"27833","1325","Ec_N",464,53,53,"Ec",16,1,1,1,1,0,0.93631405476465
"27834","1325","Ec_N",464,54,54,"Ec",16,1,1,1,1,0,0.93631405476465
"27835","1325","Ec_N",464,55,55,"Ec",16,1,1,1,1,0,0.93631405476465
"27836","1325","Ec_N",464,56,56,"Ec",16,1,1,1,1,0,0.93631405476465
"27837","1325","Ec_N",464,57,57,"Ec",16,1,1,1,1,0,0.93631405476465
"27838","1325","Ec_N",464,58,58,"Ec",16,1,1,1,1,0,0.93631405476465
"27839","1325","Ec_N",464,59,59,"Ec",16,1,1,1,1,0,0.93631405476465
"27840","1325","Ec_N",464,60,60,"Ec",32,1,1,1,1,1,1
"27841","1325","Ec_N",465,1,1,"Ec",1,0,0,0,0,0,0
"27842","1325","Ec_N",465,2,2,"Ec",1,0,0,0,0,0,0
"27843","1325","Ec_N",465,3,3,"Ec",1,0,0,0,0,0,0
"27844","1325","Ec_N",465,4,4,"Ec",1,0,0,0,0,0,0
"27845","1325","Ec_N",465,5,5,"Ec",17,0,0,0,0,1,0.0636859452353503
"27846","1325","Ec_N",465,6,6,"Ec",17,0,0,0,0,1,0.0636859452353503
"27847","1325","Ec_N",465,7,7,"Ec",21,0,0,1,0,1,0.223314973687545
"27848","1325","Ec_N",465,8,8,"Ec",21,0,0,1,0,1,0.223314973687545
"27849","1325","Ec_N",465,9,9,"Ec",21,0,0,1,0,1,0.223314973687545
"27850","1325","Ec_N",465,10,10,"Ec",21,0,0,1,0,1,0.223314973687545
"27851","1325","Ec_N",465,11,11,"Ec",21,0,0,1,0,1,0.223314973687545
"27852","1325","Ec_N",465,12,12,"Ec",21,0,0,1,0,1,0.223314973687545
"27853","1325","Ec_N",465,13,13,"Ec",21,0,0,1,0,1,0.223314973687545
"27854","1325","Ec_N",465,14,14,"Ec",21,0,0,1,0,1,0.223314973687545
"27855","1325","Ec_N",465,15,15,"Ec",21,0,0,1,0,1,0.223314973687545
"27856","1325","Ec_N",465,16,16,"Ec",21,0,0,1,0,1,0.223314973687545
"27857","1325","Ec_N",465,17,17,"Ec",21,0,0,1,0,1,0.223314973687545
"27858","1325","Ec_N",465,18,18,"Ec",21,0,0,1,0,1,0.223314973687545
"27859","1325","Ec_N",465,19,19,"Ec",21,0,0,1,0,1,0.223314973687545
"27860","1325","Ec_N",465,20,20,"Ec",21,0,0,1,0,1,0.223314973687545
"27861","1325","Ec_N",465,21,21,"Ec",21,0,0,1,0,1,0.223314973687545
"27862","1325","Ec_N",465,22,22,"Ec",23,0,1,1,0,1,0.57389469344254
"27863","1325","Ec_N",465,23,23,"Ec",23,0,1,1,0,1,0.57389469344254
"27864","1325","Ec_N",465,24,24,"Ec",24,1,1,1,0,1,0.872975948786018
"27865","1325","Ec_N",465,25,25,"Ec",24,1,1,1,0,1,0.872975948786018
"27866","1325","Ec_N",465,26,26,"Ec",24,1,1,1,0,1,0.872975948786018
"27867","1325","Ec_N",465,27,27,"Ec",24,1,1,1,0,1,0.872975948786018
"27868","1325","Ec_N",465,28,28,"Ec",24,1,1,1,0,1,0.872975948786018
"27869","1325","Ec_N",465,29,29,"Ec",24,1,1,1,0,1,0.872975948786018
"27870","1325","Ec_N",465,30,30,"Ec",24,1,1,1,0,1,0.872975948786018
"27871","1325","Ec_N",465,31,31,"Ec",24,1,1,1,0,1,0.872975948786018
"27872","1325","Ec_N",465,32,32,"Ec",24,1,1,1,0,1,0.872975948786018
"27873","1325","Ec_N",465,33,33,"Ec",24,1,1,1,0,1,0.872975948786018
"27874","1325","Ec_N",465,34,34,"Ec",24,1,1,1,0,1,0.872975948786018
"27875","1325","Ec_N",465,35,35,"Ec",24,1,1,1,0,1,0.872975948786018
"27876","1325","Ec_N",465,36,36,"Ec",24,1,1,1,0,1,0.872975948786018
"27877","1325","Ec_N",465,37,37,"Ec",24,1,1,1,0,1,0.872975948786018
"27878","1325","Ec_N",465,38,38,"Ec",24,1,1,1,0,1,0.872975948786018
"27879","1325","Ec_N",465,39,39,"Ec",24,1,1,1,0,1,0.872975948786018
"27880","1325","Ec_N",465,40,40,"Ec",24,1,1,1,0,1,0.872975948786018
"27881","1325","Ec_N",465,41,41,"Ec",24,1,1,1,0,1,0.872975948786018
"27882","1325","Ec_N",465,42,42,"Ec",24,1,1,1,0,1,0.872975948786018
"27883","1325","Ec_N",465,43,43,"Ec",24,1,1,1,0,1,0.872975948786018
"27884","1325","Ec_N",465,44,44,"Ec",24,1,1,1,0,1,0.872975948786018
"27885","1325","Ec_N",465,45,45,"Ec",8,1,1,1,0,0,0.887289570804412
"27886","1325","Ec_N",465,46,46,"Ec",16,1,1,1,1,0,0.93631405476465
"27887","1325","Ec_N",465,47,47,"Ec",16,1,1,1,1,0,0.93631405476465
"27888","1325","Ec_N",465,48,48,"Ec",16,1,1,1,1,0,0.93631405476465
"27889","1325","Ec_N",465,49,49,"Ec",16,1,1,1,1,0,0.93631405476465
"27890","1325","Ec_N",465,50,50,"Ec",16,1,1,1,1,0,0.93631405476465
"27891","1325","Ec_N",465,51,51,"Ec",16,1,1,1,1,0,0.93631405476465
"27892","1325","Ec_N",465,52,52,"Ec",16,1,1,1,1,0,0.93631405476465
"27893","1325","Ec_N",465,53,53,"Ec",16,1,1,1,1,0,0.93631405476465
"27894","1325","Ec_N",465,54,54,"Ec",16,1,1,1,1,0,0.93631405476465
"27895","1325","Ec_N",465,55,55,"Ec",16,1,1,1,1,0,0.93631405476465
"27896","1325","Ec_N",465,56,56,"Ec",16,1,1,1,1,0,0.93631405476465
"27897","1325","Ec_N",465,57,57,"Ec",16,1,1,1,1,0,0.93631405476465
"27898","1325","Ec_N",465,58,58,"Ec",16,1,1,1,1,0,0.93631405476465
"27899","1325","Ec_N",465,59,59,"Ec",16,1,1,1,1,0,0.93631405476465
"27900","1325","Ec_N",465,60,60,"Ec",16,1,1,1,1,0,0.93631405476465
"27901","1325","Ec_N",466,1,1,"Ec",1,0,0,0,0,0,0
"27902","1325","Ec_N",466,2,2,"Ec",1,0,0,0,0,0,0
"27903","1325","Ec_N",466,3,3,"Ec",1,0,0,0,0,0,0
"27904","1325","Ec_N",466,4,4,"Ec",1,0,0,0,0,0,0
"27905","1325","Ec_N",466,5,5,"Ec",1,0,0,0,0,0,0
"27906","1325","Ec_N",466,6,6,"Ec",1,0,0,0,0,0,0
"27907","1325","Ec_N",466,7,7,"Ec",1,0,0,0,0,0,0
"27908","1325","Ec_N",466,8,8,"Ec",1,0,0,0,0,0,0
"27909","1325","Ec_N",466,9,9,"Ec",1,0,0,0,0,0,0
"27910","1325","Ec_N",466,10,10,"Ec",1,0,0,0,0,0,0
"27911","1325","Ec_N",466,11,11,"Ec",1,0,0,0,0,0,0
"27912","1325","Ec_N",466,12,12,"Ec",1,0,0,0,0,0,0
"27913","1325","Ec_N",466,13,13,"Ec",1,0,0,0,0,0,0
"27914","1325","Ec_N",466,14,14,"Ec",1,0,0,0,0,0,0
"27915","1325","Ec_N",466,15,15,"Ec",1,0,0,0,0,0,0
"27916","1325","Ec_N",466,16,16,"Ec",1,0,0,0,0,0,0
"27917","1325","Ec_N",466,17,17,"Ec",1,0,0,0,0,0,0
"27918","1325","Ec_N",466,18,18,"Ec",2,1,0,0,0,0,0.3072222461044
"27919","1325","Ec_N",466,19,19,"Ec",2,1,0,0,0,0,0.3072222461044
"27920","1325","Ec_N",466,20,20,"Ec",2,1,0,0,0,0,0.3072222461044
"27921","1325","Ec_N",466,21,21,"Ec",2,1,0,0,0,0,0.3072222461044
"27922","1325","Ec_N",466,22,22,"Ec",2,1,0,0,0,0,0.3072222461044
"27923","1325","Ec_N",466,23,23,"Ec",2,1,0,0,0,0,0.3072222461044
"27924","1325","Ec_N",466,24,24,"Ec",2,1,0,0,0,0,0.3072222461044
"27925","1325","Ec_N",466,25,25,"Ec",2,1,0,0,0,0,0.3072222461044
"27926","1325","Ec_N",466,26,26,"Ec",2,1,0,0,0,0,0.3072222461044
"27927","1325","Ec_N",466,27,27,"Ec",2,1,0,0,0,0,0.3072222461044
"27928","1325","Ec_N",466,28,28,"Ec",2,1,0,0,0,0,0.3072222461044
"27929","1325","Ec_N",466,29,29,"Ec",2,1,0,0,0,0,0.3072222461044
"27930","1325","Ec_N",466,30,30,"Ec",2,1,0,0,0,0,0.3072222461044
"27931","1325","Ec_N",466,31,31,"Ec",2,1,0,0,0,0,0.3072222461044
"27932","1325","Ec_N",466,32,32,"Ec",2,1,0,0,0,0,0.3072222461044
"27933","1325","Ec_N",466,33,33,"Ec",2,1,0,0,0,0,0.3072222461044
"27934","1325","Ec_N",466,34,34,"Ec",2,1,0,0,0,0,0.3072222461044
"27935","1325","Ec_N",466,35,35,"Ec",2,1,0,0,0,0,0.3072222461044
"27936","1325","Ec_N",466,36,36,"Ec",2,1,0,0,0,0,0.3072222461044
"27937","1325","Ec_N",466,37,37,"Ec",10,1,0,0,1,0,0.356246730064637
"27938","1325","Ec_N",466,38,38,"Ec",10,1,0,0,1,0,0.356246730064637
"27939","1325","Ec_N",466,39,39,"Ec",10,1,0,0,1,0,0.356246730064637
"27940","1325","Ec_N",466,40,40,"Ec",10,1,0,0,1,0,0.356246730064637
"27941","1325","Ec_N",466,41,41,"Ec",10,1,0,0,1,0,0.356246730064637
"27942","1325","Ec_N",466,42,42,"Ec",10,1,0,0,1,0,0.356246730064637
"27943","1325","Ec_N",466,43,43,"Ec",10,1,0,0,1,0,0.356246730064637
"27944","1325","Ec_N",466,44,44,"Ec",10,1,0,0,1,0,0.356246730064637
"27945","1325","Ec_N",466,45,45,"Ec",12,1,1,0,1,0,0.776685026312455
"27946","1325","Ec_N",466,46,46,"Ec",12,1,1,0,1,0,0.776685026312455
"27947","1325","Ec_N",466,47,47,"Ec",12,1,1,0,1,0,0.776685026312455
"27948","1325","Ec_N",466,48,48,"Ec",12,1,1,0,1,0,0.776685026312455
"27949","1325","Ec_N",466,49,49,"Ec",12,1,1,0,1,0,0.776685026312455
"27950","1325","Ec_N",466,50,50,"Ec",12,1,1,0,1,0,0.776685026312455
"27951","1325","Ec_N",466,51,51,"Ec",12,1,1,0,1,0,0.776685026312455
"27952","1325","Ec_N",466,52,52,"Ec",12,1,1,0,1,0,0.776685026312455
"27953","1325","Ec_N",466,53,53,"Ec",12,1,1,0,1,0,0.776685026312455
"27954","1325","Ec_N",466,54,54,"Ec",28,1,1,0,1,1,0.815884725734249
"27955","1325","Ec_N",466,55,55,"Ec",28,1,1,0,1,1,0.815884725734249
"27956","1325","Ec_N",466,56,56,"Ec",28,1,1,0,1,1,0.815884725734249
"27957","1325","Ec_N",466,57,57,"Ec",28,1,1,0,1,1,0.815884725734249
"27958","1325","Ec_N",466,58,58,"Ec",28,1,1,0,1,1,0.815884725734249
"27959","1325","Ec_N",466,59,59,"Ec",28,1,1,0,1,1,0.815884725734249
"27960","1325","Ec_N",466,60,60,"Ec",28,1,1,0,1,1,0.815884725734249
"27961","1325","Ec_N",467,1,1,"Ec",1,0,0,0,0,0,0
"27962","1325","Ec_N",467,2,2,"Ec",1,0,0,0,0,0,0
"27963","1325","Ec_N",467,3,3,"Ec",1,0,0,0,0,0,0
"27964","1325","Ec_N",467,4,4,"Ec",1,0,0,0,0,0,0
"27965","1325","Ec_N",467,5,5,"Ec",1,0,0,0,0,0,0
"27966","1325","Ec_N",467,6,6,"Ec",1,0,0,0,0,0,0
"27967","1325","Ec_N",467,7,7,"Ec",1,0,0,0,0,0,0
"27968","1325","Ec_N",467,8,8,"Ec",5,0,0,1,0,0,0.159629028452195
"27969","1325","Ec_N",467,9,9,"Ec",5,0,0,1,0,0,0.159629028452195
"27970","1325","Ec_N",467,10,10,"Ec",21,0,0,1,0,1,0.223314973687545
"27971","1325","Ec_N",467,11,11,"Ec",29,0,0,1,1,1,0.272339457647783
"27972","1325","Ec_N",467,12,12,"Ec",29,0,0,1,1,1,0.272339457647783
"27973","1325","Ec_N",467,13,13,"Ec",30,1,0,1,1,1,0.579561703752182
"27974","1325","Ec_N",467,14,14,"Ec",30,1,0,1,1,1,0.579561703752182
"27975","1325","Ec_N",467,15,15,"Ec",30,1,0,1,1,1,0.579561703752182
"27976","1325","Ec_N",467,16,16,"Ec",30,1,0,1,1,1,0.579561703752182
"27977","1325","Ec_N",467,17,17,"Ec",30,1,0,1,1,1,0.579561703752182
"27978","1325","Ec_N",467,18,18,"Ec",30,1,0,1,1,1,0.579561703752182
"27979","1325","Ec_N",467,19,19,"Ec",30,1,0,1,1,1,0.579561703752182
"27980","1325","Ec_N",467,20,20,"Ec",30,1,0,1,1,1,0.579561703752182
"27981","1325","Ec_N",467,21,21,"Ec",30,1,0,1,1,1,0.579561703752182
"27982","1325","Ec_N",467,22,22,"Ec",32,1,1,1,1,1,1
"27983","1325","Ec_N",467,23,23,"Ec",32,1,1,1,1,1,1
"27984","1325","Ec_N",467,24,24,"Ec",32,1,1,1,1,1,1
"27985","1325","Ec_N",467,25,25,"Ec",32,1,1,1,1,1,1
"27986","1325","Ec_N",467,26,26,"Ec",32,1,1,1,1,1,1
"27987","1325","Ec_N",467,27,27,"Ec",32,1,1,1,1,1,1
"27988","1325","Ec_N",467,28,28,"Ec",32,1,1,1,1,1,1
"27989","1325","Ec_N",467,29,29,"Ec",32,1,1,1,1,1,1
"27990","1325","Ec_N",467,30,30,"Ec",32,1,1,1,1,1,1
"27991","1325","Ec_N",467,31,31,"Ec",32,1,1,1,1,1,1
"27992","1325","Ec_N",467,32,32,"Ec",32,1,1,1,1,1,1
"27993","1325","Ec_N",467,33,33,"Ec",32,1,1,1,1,1,1
"27994","1325","Ec_N",467,34,34,"Ec",32,1,1,1,1,1,1
"27995","1325","Ec_N",467,35,35,"Ec",32,1,1,1,1,1,1
"27996","1325","Ec_N",467,36,36,"Ec",32,1,1,1,1,1,1
"27997","1325","Ec_N",467,37,37,"Ec",32,1,1,1,1,1,1
"27998","1325","Ec_N",467,38,38,"Ec",32,1,1,1,1,1,1
"27999","1325","Ec_N",467,39,39,"Ec",32,1,1,1,1,1,1
"28000","1325","Ec_N",467,40,40,"Ec",32,1,1,1,1,1,1
"28001","1325","Ec_N",467,41,41,"Ec",32,1,1,1,1,1,1
"28002","1325","Ec_N",467,42,42,"Ec",32,1,1,1,1,1,1
"28003","1325","Ec_N",467,43,43,"Ec",32,1,1,1,1,1,1
"28004","1325","Ec_N",467,44,44,"Ec",32,1,1,1,1,1,1
"28005","1325","Ec_N",467,45,45,"Ec",32,1,1,1,1,1,1
"28006","1325","Ec_N",467,46,46,"Ec",32,1,1,1,1,1,1
"28007","1325","Ec_N",467,47,47,"Ec",32,1,1,1,1,1,1
"28008","1325","Ec_N",467,48,48,"Ec",32,1,1,1,1,1,1
"28009","1325","Ec_N",467,49,49,"Ec",32,1,1,1,1,1,1
"28010","1325","Ec_N",467,50,50,"Ec",32,1,1,1,1,1,1
"28011","1325","Ec_N",467,51,51,"Ec",32,1,1,1,1,1,1
"28012","1325","Ec_N",467,52,52,"Ec",32,1,1,1,1,1,1
"28013","1325","Ec_N",467,53,53,"Ec",32,1,1,1,1,1,1
"28014","1325","Ec_N",467,54,54,"Ec",32,1,1,1,1,1,1
"28015","1325","Ec_N",467,55,55,"Ec",32,1,1,1,1,1,1
"28016","1325","Ec_N",467,56,56,"Ec",32,1,1,1,1,1,1
"28017","1325","Ec_N",467,57,57,"Ec",32,1,1,1,1,1,1
"28018","1325","Ec_N",467,58,58,"Ec",32,1,1,1,1,1,1
"28019","1325","Ec_N",467,59,59,"Ec",32,1,1,1,1,1,1
"28020","1325","Ec_N",467,60,60,"Ec",32,1,1,1,1,1,1
"28021","1325","Ec_N",468,1,1,"Ec",1,0,0,0,0,0,0
"28022","1325","Ec_N",468,2,2,"Ec",1,0,0,0,0,0,0
"28023","1325","Ec_N",468,3,3,"Ec",1,0,0,0,0,0,0
"28024","1325","Ec_N",468,4,4,"Ec",1,0,0,0,0,0,0
"28025","1325","Ec_N",468,5,5,"Ec",1,0,0,0,0,0,0
"28026","1325","Ec_N",468,6,6,"Ec",3,0,1,0,0,0,0.420438296247818
"28027","1325","Ec_N",468,7,7,"Ec",3,0,1,0,0,0,0.420438296247818
"28028","1325","Ec_N",468,8,8,"Ec",3,0,1,0,0,0,0.420438296247818
"28029","1325","Ec_N",468,9,9,"Ec",3,0,1,0,0,0,0.420438296247818
"28030","1325","Ec_N",468,10,10,"Ec",3,0,1,0,0,0,0.420438296247818
"28031","1325","Ec_N",468,11,11,"Ec",3,0,1,0,0,0,0.420438296247818
"28032","1325","Ec_N",468,12,12,"Ec",3,0,1,0,0,0,0.420438296247818
"28033","1325","Ec_N",468,13,13,"Ec",3,0,1,0,0,0,0.420438296247818
"28034","1325","Ec_N",468,14,14,"Ec",3,0,1,0,0,0,0.420438296247818
"28035","1325","Ec_N",468,15,15,"Ec",3,0,1,0,0,0,0.420438296247818
"28036","1325","Ec_N",468,16,16,"Ec",3,0,1,0,0,0,0.420438296247818
"28037","1325","Ec_N",468,17,17,"Ec",3,0,1,0,0,0,0.420438296247818
"28038","1325","Ec_N",468,18,18,"Ec",3,0,1,0,0,0,0.420438296247818
"28039","1325","Ec_N",468,19,19,"Ec",4,1,1,0,0,0,0.727660542352217
"28040","1325","Ec_N",468,20,20,"Ec",20,1,1,0,0,1,0.791346487587567
"28041","1325","Ec_N",468,21,21,"Ec",20,1,1,0,0,1,0.791346487587567
"28042","1325","Ec_N",468,22,22,"Ec",20,1,1,0,0,1,0.791346487587567
"28043","1325","Ec_N",468,23,23,"Ec",20,1,1,0,0,1,0.791346487587567
"28044","1325","Ec_N",468,24,24,"Ec",20,1,1,0,0,1,0.791346487587567
"28045","1325","Ec_N",468,25,25,"Ec",20,1,1,0,0,1,0.791346487587567
"28046","1325","Ec_N",468,26,26,"Ec",20,1,1,0,0,1,0.791346487587567
"28047","1325","Ec_N",468,27,27,"Ec",20,1,1,0,0,1,0.791346487587567
"28048","1325","Ec_N",468,28,28,"Ec",20,1,1,0,0,1,0.791346487587567
"28049","1325","Ec_N",468,29,29,"Ec",20,1,1,0,0,1,0.791346487587567
"28050","1325","Ec_N",468,30,30,"Ec",20,1,1,0,0,1,0.791346487587567
"28051","1325","Ec_N",468,31,31,"Ec",20,1,1,0,0,1,0.791346487587567
"28052","1325","Ec_N",468,32,32,"Ec",20,1,1,0,0,1,0.791346487587567
"28053","1325","Ec_N",468,33,33,"Ec",20,1,1,0,0,1,0.791346487587567
"28054","1325","Ec_N",468,34,34,"Ec",28,1,1,0,1,1,0.815884725734249
"28055","1325","Ec_N",468,35,35,"Ec",28,1,1,0,1,1,0.815884725734249
"28056","1325","Ec_N",468,36,36,"Ec",28,1,1,0,1,1,0.815884725734249
"28057","1325","Ec_N",468,37,37,"Ec",28,1,1,0,1,1,0.815884725734249
"28058","1325","Ec_N",468,38,38,"Ec",28,1,1,0,1,1,0.815884725734249
"28059","1325","Ec_N",468,39,39,"Ec",28,1,1,0,1,1,0.815884725734249
"28060","1325","Ec_N",468,40,40,"Ec",28,1,1,0,1,1,0.815884725734249
"28061","1325","Ec_N",468,41,41,"Ec",32,1,1,1,1,1,1
"28062","1325","Ec_N",468,42,42,"Ec",32,1,1,1,1,1,1
"28063","1325","Ec_N",468,43,43,"Ec",32,1,1,1,1,1,1
"28064","1325","Ec_N",468,44,44,"Ec",32,1,1,1,1,1,1
"28065","1325","Ec_N",468,45,45,"Ec",32,1,1,1,1,1,1
"28066","1325","Ec_N",468,46,46,"Ec",32,1,1,1,1,1,1
"28067","1325","Ec_N",468,47,47,"Ec",32,1,1,1,1,1,1
"28068","1325","Ec_N",468,48,48,"Ec",32,1,1,1,1,1,1
"28069","1325","Ec_N",468,49,49,"Ec",32,1,1,1,1,1,1
"28070","1325","Ec_N",468,50,50,"Ec",32,1,1,1,1,1,1
"28071","1325","Ec_N",468,51,51,"Ec",32,1,1,1,1,1,1
"28072","1325","Ec_N",468,52,52,"Ec",32,1,1,1,1,1,1
"28073","1325","Ec_N",468,53,53,"Ec",32,1,1,1,1,1,1
"28074","1325","Ec_N",468,54,54,"Ec",32,1,1,1,1,1,1
"28075","1325","Ec_N",468,55,55,"Ec",32,1,1,1,1,1,1
"28076","1325","Ec_N",468,56,56,"Ec",32,1,1,1,1,1,1
"28077","1325","Ec_N",468,57,57,"Ec",32,1,1,1,1,1,1
"28078","1325","Ec_N",468,58,58,"Ec",32,1,1,1,1,1,1
"28079","1325","Ec_N",468,59,59,"Ec",32,1,1,1,1,1,1
"28080","1325","Ec_N",468,60,60,"Ec",32,1,1,1,1,1,1
"28081","1325","Ec_N",469,1,1,"Ec",1,0,0,0,0,0,0
"28082","1325","Ec_N",469,2,2,"Ec",1,0,0,0,0,0,0
"28083","1325","Ec_N",469,3,3,"Ec",1,0,0,0,0,0,0
"28084","1325","Ec_N",469,4,4,"Ec",1,0,0,0,0,0,0
"28085","1325","Ec_N",469,5,5,"Ec",1,0,0,0,0,0,0
"28086","1325","Ec_N",469,6,6,"Ec",1,0,0,0,0,0,0
"28087","1325","Ec_N",469,7,7,"Ec",1,0,0,0,0,0,0
"28088","1325","Ec_N",469,8,8,"Ec",2,1,0,0,0,0,0.3072222461044
"28089","1325","Ec_N",469,9,9,"Ec",2,1,0,0,0,0,0.3072222461044
"28090","1325","Ec_N",469,10,10,"Ec",2,1,0,0,0,0,0.3072222461044
"28091","1325","Ec_N",469,11,11,"Ec",2,1,0,0,0,0,0.3072222461044
"28092","1325","Ec_N",469,12,12,"Ec",2,1,0,0,0,0,0.3072222461044
"28093","1325","Ec_N",469,13,13,"Ec",2,1,0,0,0,0,0.3072222461044
"28094","1325","Ec_N",469,14,14,"Ec",2,1,0,0,0,0,0.3072222461044
"28095","1325","Ec_N",469,15,15,"Ec",2,1,0,0,0,0,0.3072222461044
"28096","1325","Ec_N",469,16,16,"Ec",2,1,0,0,0,0,0.3072222461044
"28097","1325","Ec_N",469,17,17,"Ec",2,1,0,0,0,0,0.3072222461044
"28098","1325","Ec_N",469,18,18,"Ec",2,1,0,0,0,0,0.3072222461044
"28099","1325","Ec_N",469,19,19,"Ec",2,1,0,0,0,0,0.3072222461044
"28100","1325","Ec_N",469,20,20,"Ec",2,1,0,0,0,0,0.3072222461044
"28101","1325","Ec_N",469,21,21,"Ec",2,1,0,0,0,0,0.3072222461044
"28102","1325","Ec_N",469,22,22,"Ec",2,1,0,0,0,0,0.3072222461044
"28103","1325","Ec_N",469,23,23,"Ec",2,1,0,0,0,0,0.3072222461044
"28104","1325","Ec_N",469,24,24,"Ec",2,1,0,0,0,0,0.3072222461044
"28105","1325","Ec_N",469,25,25,"Ec",2,1,0,0,0,0,0.3072222461044
"28106","1325","Ec_N",469,26,26,"Ec",2,1,0,0,0,0,0.3072222461044
"28107","1325","Ec_N",469,27,27,"Ec",2,1,0,0,0,0,0.3072222461044
"28108","1325","Ec_N",469,28,28,"Ec",2,1,0,0,0,0,0.3072222461044
"28109","1325","Ec_N",469,29,29,"Ec",2,1,0,0,0,0,0.3072222461044
"28110","1325","Ec_N",469,30,30,"Ec",2,1,0,0,0,0,0.3072222461044
"28111","1325","Ec_N",469,31,31,"Ec",2,1,0,0,0,0,0.3072222461044
"28112","1325","Ec_N",469,32,32,"Ec",2,1,0,0,0,0,0.3072222461044
"28113","1325","Ec_N",469,33,33,"Ec",2,1,0,0,0,0,0.3072222461044
"28114","1325","Ec_N",469,34,34,"Ec",2,1,0,0,0,0,0.3072222461044
"28115","1325","Ec_N",469,35,35,"Ec",2,1,0,0,0,0,0.3072222461044
"28116","1325","Ec_N",469,36,36,"Ec",2,1,0,0,0,0,0.3072222461044
"28117","1325","Ec_N",469,37,37,"Ec",2,1,0,0,0,0,0.3072222461044
"28118","1325","Ec_N",469,38,38,"Ec",10,1,0,0,1,0,0.356246730064637
"28119","1325","Ec_N",469,39,39,"Ec",10,1,0,0,1,0,0.356246730064637
"28120","1325","Ec_N",469,40,40,"Ec",10,1,0,0,1,0,0.356246730064637
"28121","1325","Ec_N",469,41,41,"Ec",10,1,0,0,1,0,0.356246730064637
"28122","1325","Ec_N",469,42,42,"Ec",12,1,1,0,1,0,0.776685026312455
"28123","1325","Ec_N",469,43,43,"Ec",12,1,1,0,1,0,0.776685026312455
"28124","1325","Ec_N",469,44,44,"Ec",12,1,1,0,1,0,0.776685026312455
"28125","1325","Ec_N",469,45,45,"Ec",12,1,1,0,1,0,0.776685026312455
"28126","1325","Ec_N",469,46,46,"Ec",12,1,1,0,1,0,0.776685026312455
"28127","1325","Ec_N",469,47,47,"Ec",12,1,1,0,1,0,0.776685026312455
"28128","1325","Ec_N",469,48,48,"Ec",12,1,1,0,1,0,0.776685026312455
"28129","1325","Ec_N",469,49,49,"Ec",12,1,1,0,1,0,0.776685026312455
"28130","1325","Ec_N",469,50,50,"Ec",12,1,1,0,1,0,0.776685026312455
"28131","1325","Ec_N",469,51,51,"Ec",12,1,1,0,1,0,0.776685026312455
"28132","1325","Ec_N",469,52,52,"Ec",12,1,1,0,1,0,0.776685026312455
"28133","1325","Ec_N",469,53,53,"Ec",12,1,1,0,1,0,0.776685026312455
"28134","1325","Ec_N",469,54,54,"Ec",12,1,1,0,1,0,0.776685026312455
"28135","1325","Ec_N",469,55,55,"Ec",12,1,1,0,1,0,0.776685026312455
"28136","1325","Ec_N",469,56,56,"Ec",12,1,1,0,1,0,0.776685026312455
"28137","1325","Ec_N",469,57,57,"Ec",12,1,1,0,1,0,0.776685026312455
"28138","1325","Ec_N",469,58,58,"Ec",12,1,1,0,1,0,0.776685026312455
"28139","1325","Ec_N",469,59,59,"Ec",12,1,1,0,1,0,0.776685026312455
"28140","1325","Ec_N",469,60,60,"Ec",12,1,1,0,1,0,0.776685026312455
"28141","1325","Ec_N",470,1,1,"Ec",1,0,0,0,0,0,0
"28142","1325","Ec_N",470,2,2,"Ec",1,0,0,0,0,0,0
"28143","1325","Ec_N",470,3,3,"Ec",1,0,0,0,0,0,0
"28144","1325","Ec_N",470,4,4,"Ec",1,0,0,0,0,0,0
"28145","1325","Ec_N",470,5,5,"Ec",5,0,0,1,0,0,0.159629028452195
"28146","1325","Ec_N",470,6,6,"Ec",5,0,0,1,0,0,0.159629028452195
"28147","1325","Ec_N",470,7,7,"Ec",5,0,0,1,0,0,0.159629028452195
"28148","1325","Ec_N",470,8,8,"Ec",5,0,0,1,0,0,0.159629028452195
"28149","1325","Ec_N",470,9,9,"Ec",7,0,1,1,0,0,0.580067324700012
"28150","1325","Ec_N",470,10,10,"Ec",7,0,1,1,0,0,0.580067324700012
"28151","1325","Ec_N",470,11,11,"Ec",7,0,1,1,0,0,0.580067324700012
"28152","1325","Ec_N",470,12,12,"Ec",7,0,1,1,0,0,0.580067324700012
"28153","1325","Ec_N",470,13,13,"Ec",7,0,1,1,0,0,0.580067324700012
"28154","1325","Ec_N",470,14,14,"Ec",7,0,1,1,0,0,0.580067324700012
"28155","1325","Ec_N",470,15,15,"Ec",7,0,1,1,0,0,0.580067324700012
"28156","1325","Ec_N",470,16,16,"Ec",7,0,1,1,0,0,0.580067324700012
"28157","1325","Ec_N",470,17,17,"Ec",7,0,1,1,0,0,0.580067324700012
"28158","1325","Ec_N",470,18,18,"Ec",7,0,1,1,0,0,0.580067324700012
"28159","1325","Ec_N",470,19,19,"Ec",7,0,1,1,0,0,0.580067324700012
"28160","1325","Ec_N",470,20,20,"Ec",7,0,1,1,0,0,0.580067324700012
"28161","1325","Ec_N",470,21,21,"Ec",7,0,1,1,0,0,0.580067324700012
"28162","1325","Ec_N",470,22,22,"Ec",7,0,1,1,0,0,0.580067324700012
"28163","1325","Ec_N",470,23,23,"Ec",7,0,1,1,0,0,0.580067324700012
"28164","1325","Ec_N",470,24,24,"Ec",7,0,1,1,0,0,0.580067324700012
"28165","1325","Ec_N",470,25,25,"Ec",7,0,1,1,0,0,0.580067324700012
"28166","1325","Ec_N",470,26,26,"Ec",7,0,1,1,0,0,0.580067324700012
"28167","1325","Ec_N",470,27,27,"Ec",7,0,1,1,0,0,0.580067324700012
"28168","1325","Ec_N",470,28,28,"Ec",7,0,1,1,0,0,0.580067324700012
"28169","1325","Ec_N",470,29,29,"Ec",7,0,1,1,0,0,0.580067324700012
"28170","1325","Ec_N",470,30,30,"Ec",7,0,1,1,0,0,0.580067324700012
"28171","1325","Ec_N",470,31,31,"Ec",7,0,1,1,0,0,0.580067324700012
"28172","1325","Ec_N",470,32,32,"Ec",7,0,1,1,0,0,0.580067324700012
"28173","1325","Ec_N",470,33,33,"Ec",7,0,1,1,0,0,0.580067324700012
"28174","1325","Ec_N",470,34,34,"Ec",7,0,1,1,0,0,0.580067324700012
"28175","1325","Ec_N",470,35,35,"Ec",7,0,1,1,0,0,0.580067324700012
"28176","1325","Ec_N",470,36,36,"Ec",7,0,1,1,0,0,0.580067324700012
"28177","1325","Ec_N",470,37,37,"Ec",7,0,1,1,0,0,0.580067324700012
"28178","1325","Ec_N",470,38,38,"Ec",7,0,1,1,0,0,0.580067324700012
"28179","1325","Ec_N",470,39,39,"Ec",7,0,1,1,0,0,0.580067324700012
"28180","1325","Ec_N",470,40,40,"Ec",7,0,1,1,0,0,0.580067324700012
"28181","1325","Ec_N",470,41,41,"Ec",7,0,1,1,0,0,0.580067324700012
"28182","1325","Ec_N",470,42,42,"Ec",7,0,1,1,0,0,0.580067324700012
"28183","1325","Ec_N",470,43,43,"Ec",7,0,1,1,0,0,0.580067324700012
"28184","1325","Ec_N",470,44,44,"Ec",7,0,1,1,0,0,0.580067324700012
"28185","1325","Ec_N",470,45,45,"Ec",7,0,1,1,0,0,0.580067324700012
"28186","1325","Ec_N",470,46,46,"Ec",7,0,1,1,0,0,0.580067324700012
"28187","1325","Ec_N",470,47,47,"Ec",7,0,1,1,0,0,0.580067324700012
"28188","1325","Ec_N",470,48,48,"Ec",7,0,1,1,0,0,0.580067324700012
"28189","1325","Ec_N",470,49,49,"Ec",7,0,1,1,0,0,0.580067324700012
"28190","1325","Ec_N",470,50,50,"Ec",7,0,1,1,0,0,0.580067324700012
"28191","1325","Ec_N",470,51,51,"Ec",7,0,1,1,0,0,0.580067324700012
"28192","1325","Ec_N",470,52,52,"Ec",7,0,1,1,0,0,0.580067324700012
"28193","1325","Ec_N",470,53,53,"Ec",7,0,1,1,0,0,0.580067324700012
"28194","1325","Ec_N",470,54,54,"Ec",7,0,1,1,0,0,0.580067324700012
"28195","1325","Ec_N",470,55,55,"Ec",7,0,1,1,0,0,0.580067324700012
"28196","1325","Ec_N",470,56,56,"Ec",7,0,1,1,0,0,0.580067324700012
"28197","1325","Ec_N",470,57,57,"Ec",7,0,1,1,0,0,0.580067324700012
"28198","1325","Ec_N",470,58,58,"Ec",7,0,1,1,0,0,0.580067324700012
"28199","1325","Ec_N",470,59,59,"Ec",7,0,1,1,0,0,0.580067324700012
"28200","1325","Ec_N",470,60,60,"Ec",8,1,1,1,0,0,0.887289570804412
"28201","1325","Ec_N",471,1,1,"Ec",1,0,0,0,0,0,0
"28202","1325","Ec_N",471,2,2,"Ec",1,0,0,0,0,0,0
"28203","1325","Ec_N",471,3,3,"Ec",1,0,0,0,0,0,0
"28204","1325","Ec_N",471,4,4,"Ec",1,0,0,0,0,0,0
"28205","1325","Ec_N",471,5,5,"Ec",1,0,0,0,0,0,0
"28206","1325","Ec_N",471,6,6,"Ec",2,1,0,0,0,0,0.3072222461044
"28207","1325","Ec_N",471,7,7,"Ec",2,1,0,0,0,0,0.3072222461044
"28208","1325","Ec_N",471,8,8,"Ec",10,1,0,0,1,0,0.356246730064637
"28209","1325","Ec_N",471,9,9,"Ec",10,1,0,0,1,0,0.356246730064637
"28210","1325","Ec_N",471,10,10,"Ec",10,1,0,0,1,0,0.356246730064637
"28211","1325","Ec_N",471,11,11,"Ec",10,1,0,0,1,0,0.356246730064637
"28212","1325","Ec_N",471,12,12,"Ec",10,1,0,0,1,0,0.356246730064637
"28213","1325","Ec_N",471,13,13,"Ec",10,1,0,0,1,0,0.356246730064637
"28214","1325","Ec_N",471,14,14,"Ec",10,1,0,0,1,0,0.356246730064637
"28215","1325","Ec_N",471,15,15,"Ec",12,1,1,0,1,0,0.776685026312455
"28216","1325","Ec_N",471,16,16,"Ec",12,1,1,0,1,0,0.776685026312455
"28217","1325","Ec_N",471,17,17,"Ec",12,1,1,0,1,0,0.776685026312455
"28218","1325","Ec_N",471,18,18,"Ec",12,1,1,0,1,0,0.776685026312455
"28219","1325","Ec_N",471,19,19,"Ec",12,1,1,0,1,0,0.776685026312455
"28220","1325","Ec_N",471,20,20,"Ec",12,1,1,0,1,0,0.776685026312455
"28221","1325","Ec_N",471,21,21,"Ec",12,1,1,0,1,0,0.776685026312455
"28222","1325","Ec_N",471,22,22,"Ec",12,1,1,0,1,0,0.776685026312455
"28223","1325","Ec_N",471,23,23,"Ec",12,1,1,0,1,0,0.776685026312455
"28224","1325","Ec_N",471,24,24,"Ec",12,1,1,0,1,0,0.776685026312455
"28225","1325","Ec_N",471,25,25,"Ec",28,1,1,0,1,1,0.815884725734249
"28226","1325","Ec_N",471,26,26,"Ec",28,1,1,0,1,1,0.815884725734249
"28227","1325","Ec_N",471,27,27,"Ec",28,1,1,0,1,1,0.815884725734249
"28228","1325","Ec_N",471,28,28,"Ec",28,1,1,0,1,1,0.815884725734249
"28229","1325","Ec_N",471,29,29,"Ec",28,1,1,0,1,1,0.815884725734249
"28230","1325","Ec_N",471,30,30,"Ec",28,1,1,0,1,1,0.815884725734249
"28231","1325","Ec_N",471,31,31,"Ec",28,1,1,0,1,1,0.815884725734249
"28232","1325","Ec_N",471,32,32,"Ec",28,1,1,0,1,1,0.815884725734249
"28233","1325","Ec_N",471,33,33,"Ec",28,1,1,0,1,1,0.815884725734249
"28234","1325","Ec_N",471,34,34,"Ec",28,1,1,0,1,1,0.815884725734249
"28235","1325","Ec_N",471,35,35,"Ec",28,1,1,0,1,1,0.815884725734249
"28236","1325","Ec_N",471,36,36,"Ec",28,1,1,0,1,1,0.815884725734249
"28237","1325","Ec_N",471,37,37,"Ec",28,1,1,0,1,1,0.815884725734249
"28238","1325","Ec_N",471,38,38,"Ec",28,1,1,0,1,1,0.815884725734249
"28239","1325","Ec_N",471,39,39,"Ec",28,1,1,0,1,1,0.815884725734249
"28240","1325","Ec_N",471,40,40,"Ec",28,1,1,0,1,1,0.815884725734249
"28241","1325","Ec_N",471,41,41,"Ec",28,1,1,0,1,1,0.815884725734249
"28242","1325","Ec_N",471,42,42,"Ec",28,1,1,0,1,1,0.815884725734249
"28243","1325","Ec_N",471,43,43,"Ec",28,1,1,0,1,1,0.815884725734249
"28244","1325","Ec_N",471,44,44,"Ec",28,1,1,0,1,1,0.815884725734249
"28245","1325","Ec_N",471,45,45,"Ec",28,1,1,0,1,1,0.815884725734249
"28246","1325","Ec_N",471,46,46,"Ec",28,1,1,0,1,1,0.815884725734249
"28247","1325","Ec_N",471,47,47,"Ec",28,1,1,0,1,1,0.815884725734249
"28248","1325","Ec_N",471,48,48,"Ec",28,1,1,0,1,1,0.815884725734249
"28249","1325","Ec_N",471,49,49,"Ec",28,1,1,0,1,1,0.815884725734249
"28250","1325","Ec_N",471,50,50,"Ec",28,1,1,0,1,1,0.815884725734249
"28251","1325","Ec_N",471,51,51,"Ec",28,1,1,0,1,1,0.815884725734249
"28252","1325","Ec_N",471,52,52,"Ec",28,1,1,0,1,1,0.815884725734249
"28253","1325","Ec_N",471,53,53,"Ec",28,1,1,0,1,1,0.815884725734249
"28254","1325","Ec_N",471,54,54,"Ec",28,1,1,0,1,1,0.815884725734249
"28255","1325","Ec_N",471,55,55,"Ec",28,1,1,0,1,1,0.815884725734249
"28256","1325","Ec_N",471,56,56,"Ec",28,1,1,0,1,1,0.815884725734249
"28257","1325","Ec_N",471,57,57,"Ec",28,1,1,0,1,1,0.815884725734249
"28258","1325","Ec_N",471,58,58,"Ec",28,1,1,0,1,1,0.815884725734249
"28259","1325","Ec_N",471,59,59,"Ec",28,1,1,0,1,1,0.815884725734249
"28260","1325","Ec_N",471,60,60,"Ec",28,1,1,0,1,1,0.815884725734249
"28261","1325","Ec_N",472,1,1,"Ec",1,0,0,0,0,0,0
"28262","1325","Ec_N",472,2,2,"Ec",1,0,0,0,0,0,0
"28263","1325","Ec_N",472,3,3,"Ec",1,0,0,0,0,0,0
"28264","1325","Ec_N",472,4,4,"Ec",1,0,0,0,0,0,0
"28265","1325","Ec_N",472,5,5,"Ec",1,0,0,0,0,0,0
"28266","1325","Ec_N",472,6,6,"Ec",1,0,0,0,0,0,0
"28267","1325","Ec_N",472,7,7,"Ec",1,0,0,0,0,0,0
"28268","1325","Ec_N",472,8,8,"Ec",1,0,0,0,0,0,0
"28269","1325","Ec_N",472,9,9,"Ec",1,0,0,0,0,0,0
"28270","1325","Ec_N",472,10,10,"Ec",1,0,0,0,0,0,0
"28271","1325","Ec_N",472,11,11,"Ec",1,0,0,0,0,0,0
"28272","1325","Ec_N",472,12,12,"Ec",1,0,0,0,0,0,0
"28273","1325","Ec_N",472,13,13,"Ec",1,0,0,0,0,0,0
"28274","1325","Ec_N",472,14,14,"Ec",1,0,0,0,0,0,0
"28275","1325","Ec_N",472,15,15,"Ec",5,0,0,1,0,0,0.159629028452195
"28276","1325","Ec_N",472,16,16,"Ec",5,0,0,1,0,0,0.159629028452195
"28277","1325","Ec_N",472,17,17,"Ec",5,0,0,1,0,0,0.159629028452195
"28278","1325","Ec_N",472,18,18,"Ec",5,0,0,1,0,0,0.159629028452195
"28279","1325","Ec_N",472,19,19,"Ec",5,0,0,1,0,0,0.159629028452195
"28280","1325","Ec_N",472,20,20,"Ec",5,0,0,1,0,0,0.159629028452195
"28281","1325","Ec_N",472,21,21,"Ec",5,0,0,1,0,0,0.159629028452195
"28282","1325","Ec_N",472,22,22,"Ec",5,0,0,1,0,0,0.159629028452195
"28283","1325","Ec_N",472,23,23,"Ec",5,0,0,1,0,0,0.159629028452195
"28284","1325","Ec_N",472,24,24,"Ec",5,0,0,1,0,0,0.159629028452195
"28285","1325","Ec_N",472,25,25,"Ec",5,0,0,1,0,0,0.159629028452195
"28286","1325","Ec_N",472,26,26,"Ec",5,0,0,1,0,0,0.159629028452195
"28287","1325","Ec_N",472,27,27,"Ec",5,0,0,1,0,0,0.159629028452195
"28288","1325","Ec_N",472,28,28,"Ec",5,0,0,1,0,0,0.159629028452195
"28289","1325","Ec_N",472,29,29,"Ec",5,0,0,1,0,0,0.159629028452195
"28290","1325","Ec_N",472,30,30,"Ec",5,0,0,1,0,0,0.159629028452195
"28291","1325","Ec_N",472,31,31,"Ec",5,0,0,1,0,0,0.159629028452195
"28292","1325","Ec_N",472,32,32,"Ec",5,0,0,1,0,0,0.159629028452195
"28293","1325","Ec_N",472,33,33,"Ec",5,0,0,1,0,0,0.159629028452195
"28294","1325","Ec_N",472,34,34,"Ec",5,0,0,1,0,0,0.159629028452195
"28295","1325","Ec_N",472,35,35,"Ec",5,0,0,1,0,0,0.159629028452195
"28296","1325","Ec_N",472,36,36,"Ec",5,0,0,1,0,0,0.159629028452195
"28297","1325","Ec_N",472,37,37,"Ec",5,0,0,1,0,0,0.159629028452195
"28298","1325","Ec_N",472,38,38,"Ec",13,0,0,1,1,0,0.208653512412432
"28299","1325","Ec_N",472,39,39,"Ec",13,0,0,1,1,0,0.208653512412432
"28300","1325","Ec_N",472,40,40,"Ec",13,0,0,1,1,0,0.208653512412432
"28301","1325","Ec_N",472,41,41,"Ec",13,0,0,1,1,0,0.208653512412432
"28302","1325","Ec_N",472,42,42,"Ec",13,0,0,1,1,0,0.208653512412432
"28303","1325","Ec_N",472,43,43,"Ec",13,0,0,1,1,0,0.208653512412432
"28304","1325","Ec_N",472,44,44,"Ec",13,0,0,1,1,0,0.208653512412432
"28305","1325","Ec_N",472,45,45,"Ec",13,0,0,1,1,0,0.208653512412432
"28306","1325","Ec_N",472,46,46,"Ec",13,0,0,1,1,0,0.208653512412432
"28307","1325","Ec_N",472,47,47,"Ec",14,1,0,1,1,0,0.479175264165032
"28308","1325","Ec_N",472,48,48,"Ec",14,1,0,1,1,0,0.479175264165032
"28309","1325","Ec_N",472,49,49,"Ec",14,1,0,1,1,0,0.479175264165032
"28310","1325","Ec_N",472,50,50,"Ec",14,1,0,1,1,0,0.479175264165032
"28311","1325","Ec_N",472,51,51,"Ec",14,1,0,1,1,0,0.479175264165032
"28312","1325","Ec_N",472,52,52,"Ec",14,1,0,1,1,0,0.479175264165032
"28313","1325","Ec_N",472,53,53,"Ec",30,1,0,1,1,1,0.579561703752182
"28314","1325","Ec_N",472,54,54,"Ec",30,1,0,1,1,1,0.579561703752182
"28315","1325","Ec_N",472,55,55,"Ec",30,1,0,1,1,1,0.579561703752182
"28316","1325","Ec_N",472,56,56,"Ec",30,1,0,1,1,1,0.579561703752182
"28317","1325","Ec_N",472,57,57,"Ec",30,1,0,1,1,1,0.579561703752182
"28318","1325","Ec_N",472,58,58,"Ec",30,1,0,1,1,1,0.579561703752182
"28319","1325","Ec_N",472,59,59,"Ec",30,1,0,1,1,1,0.579561703752182
"28320","1325","Ec_N",472,60,60,"Ec",30,1,0,1,1,1,0.579561703752182
"28321","1325","Ec_N",473,1,1,"Ec",1,0,0,0,0,0,0
"28322","1325","Ec_N",473,2,2,"Ec",1,0,0,0,0,0,0
"28323","1325","Ec_N",473,3,3,"Ec",9,0,0,0,1,0,0.0490244839602376
"28324","1325","Ec_N",473,4,4,"Ec",9,0,0,0,1,0,0.0490244839602376
"28325","1325","Ec_N",473,5,5,"Ec",9,0,0,0,1,0,0.0490244839602376
"28326","1325","Ec_N",473,6,6,"Ec",9,0,0,0,1,0,0.0490244839602376
"28327","1325","Ec_N",473,7,7,"Ec",9,0,0,0,1,0,0.0490244839602376
"28328","1325","Ec_N",473,8,8,"Ec",13,0,0,1,1,0,0.208653512412432
"28329","1325","Ec_N",473,9,9,"Ec",13,0,0,1,1,0,0.208653512412432
"28330","1325","Ec_N",473,10,10,"Ec",13,0,0,1,1,0,0.208653512412432
"28331","1325","Ec_N",473,11,11,"Ec",13,0,0,1,1,0,0.208653512412432
"28332","1325","Ec_N",473,12,12,"Ec",13,0,0,1,1,0,0.208653512412432
"28333","1325","Ec_N",473,13,13,"Ec",13,0,0,1,1,0,0.208653512412432
"28334","1325","Ec_N",473,14,14,"Ec",13,0,0,1,1,0,0.208653512412432
"28335","1325","Ec_N",473,15,15,"Ec",13,0,0,1,1,0,0.208653512412432
"28336","1325","Ec_N",473,16,16,"Ec",15,0,1,1,1,0,0.62909180866025
"28337","1325","Ec_N",473,17,17,"Ec",15,0,1,1,1,0,0.62909180866025
"28338","1325","Ec_N",473,18,18,"Ec",15,0,1,1,1,0,0.62909180866025
"28339","1325","Ec_N",473,19,19,"Ec",15,0,1,1,1,0,0.62909180866025
"28340","1325","Ec_N",473,20,20,"Ec",15,0,1,1,1,0,0.62909180866025
"28341","1325","Ec_N",473,21,21,"Ec",15,0,1,1,1,0,0.62909180866025
"28342","1325","Ec_N",473,22,22,"Ec",15,0,1,1,1,0,0.62909180866025
"28343","1325","Ec_N",473,23,23,"Ec",15,0,1,1,1,0,0.62909180866025
"28344","1325","Ec_N",473,24,24,"Ec",15,0,1,1,1,0,0.62909180866025
"28345","1325","Ec_N",473,25,25,"Ec",15,0,1,1,1,0,0.62909180866025
"28346","1325","Ec_N",473,26,26,"Ec",15,0,1,1,1,0,0.62909180866025
"28347","1325","Ec_N",473,27,27,"Ec",15,0,1,1,1,0,0.62909180866025
"28348","1325","Ec_N",473,28,28,"Ec",15,0,1,1,1,0,0.62909180866025
"28349","1325","Ec_N",473,29,29,"Ec",15,0,1,1,1,0,0.62909180866025
"28350","1325","Ec_N",473,30,30,"Ec",15,0,1,1,1,0,0.62909180866025
"28351","1325","Ec_N",473,31,31,"Ec",15,0,1,1,1,0,0.62909180866025
"28352","1325","Ec_N",473,32,32,"Ec",31,0,1,1,1,1,0.6927777538956
"28353","1325","Ec_N",473,33,33,"Ec",31,0,1,1,1,1,0.6927777538956
"28354","1325","Ec_N",473,34,34,"Ec",31,0,1,1,1,1,0.6927777538956
"28355","1325","Ec_N",473,35,35,"Ec",31,0,1,1,1,1,0.6927777538956
"28356","1325","Ec_N",473,36,36,"Ec",31,0,1,1,1,1,0.6927777538956
"28357","1325","Ec_N",473,37,37,"Ec",31,0,1,1,1,1,0.6927777538956
"28358","1325","Ec_N",473,38,38,"Ec",31,0,1,1,1,1,0.6927777538956
"28359","1325","Ec_N",473,39,39,"Ec",32,1,1,1,1,1,1
"28360","1325","Ec_N",473,40,40,"Ec",32,1,1,1,1,1,1
"28361","1325","Ec_N",473,41,41,"Ec",32,1,1,1,1,1,1
"28362","1325","Ec_N",473,42,42,"Ec",32,1,1,1,1,1,1
"28363","1325","Ec_N",473,43,43,"Ec",32,1,1,1,1,1,1
"28364","1325","Ec_N",473,44,44,"Ec",32,1,1,1,1,1,1
"28365","1325","Ec_N",473,45,45,"Ec",32,1,1,1,1,1,1
"28366","1325","Ec_N",473,46,46,"Ec",32,1,1,1,1,1,1
"28367","1325","Ec_N",473,47,47,"Ec",32,1,1,1,1,1,1
"28368","1325","Ec_N",473,48,48,"Ec",32,1,1,1,1,1,1
"28369","1325","Ec_N",473,49,49,"Ec",32,1,1,1,1,1,1
"28370","1325","Ec_N",473,50,50,"Ec",32,1,1,1,1,1,1
"28371","1325","Ec_N",473,51,51,"Ec",32,1,1,1,1,1,1
"28372","1325","Ec_N",473,52,52,"Ec",32,1,1,1,1,1,1
"28373","1325","Ec_N",473,53,53,"Ec",32,1,1,1,1,1,1
"28374","1325","Ec_N",473,54,54,"Ec",32,1,1,1,1,1,1
"28375","1325","Ec_N",473,55,55,"Ec",32,1,1,1,1,1,1
"28376","1325","Ec_N",473,56,56,"Ec",32,1,1,1,1,1,1
"28377","1325","Ec_N",473,57,57,"Ec",32,1,1,1,1,1,1
"28378","1325","Ec_N",473,58,58,"Ec",32,1,1,1,1,1,1
"28379","1325","Ec_N",473,59,59,"Ec",32,1,1,1,1,1,1
"28380","1325","Ec_N",473,60,60,"Ec",32,1,1,1,1,1,1
"28381","1325","Ec_N",474,1,1,"Ec",1,0,0,0,0,0,0
"28382","1325","Ec_N",474,2,2,"Ec",1,0,0,0,0,0,0
"28383","1325","Ec_N",474,3,3,"Ec",3,0,1,0,0,0,0.420438296247818
"28384","1325","Ec_N",474,4,4,"Ec",3,0,1,0,0,0,0.420438296247818
"28385","1325","Ec_N",474,5,5,"Ec",3,0,1,0,0,0,0.420438296247818
"28386","1325","Ec_N",474,6,6,"Ec",3,0,1,0,0,0,0.420438296247818
"28387","1325","Ec_N",474,7,7,"Ec",19,0,1,0,0,1,0.484124241483168
"28388","1325","Ec_N",474,8,8,"Ec",19,0,1,0,0,1,0.484124241483168
"28389","1325","Ec_N",474,9,9,"Ec",19,0,1,0,0,1,0.484124241483168
"28390","1325","Ec_N",474,10,10,"Ec",19,0,1,0,0,1,0.484124241483168
"28391","1325","Ec_N",474,11,11,"Ec",19,0,1,0,0,1,0.484124241483168
"28392","1325","Ec_N",474,12,12,"Ec",19,0,1,0,0,1,0.484124241483168
"28393","1325","Ec_N",474,13,13,"Ec",19,0,1,0,0,1,0.484124241483168
"28394","1325","Ec_N",474,14,14,"Ec",19,0,1,0,0,1,0.484124241483168
"28395","1325","Ec_N",474,15,15,"Ec",19,0,1,0,0,1,0.484124241483168
"28396","1325","Ec_N",474,16,16,"Ec",19,0,1,0,0,1,0.484124241483168
"28397","1325","Ec_N",474,17,17,"Ec",19,0,1,0,0,1,0.484124241483168
"28398","1325","Ec_N",474,18,18,"Ec",19,0,1,0,0,1,0.484124241483168
"28399","1325","Ec_N",474,19,19,"Ec",19,0,1,0,0,1,0.484124241483168
"28400","1325","Ec_N",474,20,20,"Ec",19,0,1,0,0,1,0.484124241483168
"28401","1325","Ec_N",474,21,21,"Ec",27,0,1,0,1,1,0.533148725443406
"28402","1325","Ec_N",474,22,22,"Ec",27,0,1,0,1,1,0.533148725443406
"28403","1325","Ec_N",474,23,23,"Ec",31,0,1,1,1,1,0.6927777538956
"28404","1325","Ec_N",474,24,24,"Ec",31,0,1,1,1,1,0.6927777538956
"28405","1325","Ec_N",474,25,25,"Ec",31,0,1,1,1,1,0.6927777538956
"28406","1325","Ec_N",474,26,26,"Ec",31,0,1,1,1,1,0.6927777538956
"28407","1325","Ec_N",474,27,27,"Ec",31,0,1,1,1,1,0.6927777538956
"28408","1325","Ec_N",474,28,28,"Ec",31,0,1,1,1,1,0.6927777538956
"28409","1325","Ec_N",474,29,29,"Ec",31,0,1,1,1,1,0.6927777538956
"28410","1325","Ec_N",474,30,30,"Ec",31,0,1,1,1,1,0.6927777538956
"28411","1325","Ec_N",474,31,31,"Ec",31,0,1,1,1,1,0.6927777538956
"28412","1325","Ec_N",474,32,32,"Ec",31,0,1,1,1,1,0.6927777538956
"28413","1325","Ec_N",474,33,33,"Ec",31,0,1,1,1,1,0.6927777538956
"28414","1325","Ec_N",474,34,34,"Ec",31,0,1,1,1,1,0.6927777538956
"28415","1325","Ec_N",474,35,35,"Ec",31,0,1,1,1,1,0.6927777538956
"28416","1325","Ec_N",474,36,36,"Ec",32,1,1,1,1,1,1
"28417","1325","Ec_N",474,37,37,"Ec",32,1,1,1,1,1,1
"28418","1325","Ec_N",474,38,38,"Ec",32,1,1,1,1,1,1
"28419","1325","Ec_N",474,39,39,"Ec",32,1,1,1,1,1,1
"28420","1325","Ec_N",474,40,40,"Ec",32,1,1,1,1,1,1
"28421","1325","Ec_N",474,41,41,"Ec",32,1,1,1,1,1,1
"28422","1325","Ec_N",474,42,42,"Ec",32,1,1,1,1,1,1
"28423","1325","Ec_N",474,43,43,"Ec",32,1,1,1,1,1,1
"28424","1325","Ec_N",474,44,44,"Ec",32,1,1,1,1,1,1
"28425","1325","Ec_N",474,45,45,"Ec",32,1,1,1,1,1,1
"28426","1325","Ec_N",474,46,46,"Ec",32,1,1,1,1,1,1
"28427","1325","Ec_N",474,47,47,"Ec",32,1,1,1,1,1,1
"28428","1325","Ec_N",474,48,48,"Ec",32,1,1,1,1,1,1
"28429","1325","Ec_N",474,49,49,"Ec",32,1,1,1,1,1,1
"28430","1325","Ec_N",474,50,50,"Ec",32,1,1,1,1,1,1
"28431","1325","Ec_N",474,51,51,"Ec",32,1,1,1,1,1,1
"28432","1325","Ec_N",474,52,52,"Ec",32,1,1,1,1,1,1
"28433","1325","Ec_N",474,53,53,"Ec",32,1,1,1,1,1,1
"28434","1325","Ec_N",474,54,54,"Ec",32,1,1,1,1,1,1
"28435","1325","Ec_N",474,55,55,"Ec",32,1,1,1,1,1,1
"28436","1325","Ec_N",474,56,56,"Ec",32,1,1,1,1,1,1
"28437","1325","Ec_N",474,57,57,"Ec",32,1,1,1,1,1,1
"28438","1325","Ec_N",474,58,58,"Ec",32,1,1,1,1,1,1
"28439","1325","Ec_N",474,59,59,"Ec",32,1,1,1,1,1,1
"28440","1325","Ec_N",474,60,60,"Ec",32,1,1,1,1,1,1
"28441","1325","Ec_N",475,1,1,"Ec",1,0,0,0,0,0,0
"28442","1325","Ec_N",475,2,2,"Ec",1,0,0,0,0,0,0
"28443","1325","Ec_N",475,3,3,"Ec",1,0,0,0,0,0,0
"28444","1325","Ec_N",475,4,4,"Ec",1,0,0,0,0,0,0
"28445","1325","Ec_N",475,5,5,"Ec",1,0,0,0,0,0,0
"28446","1325","Ec_N",475,6,6,"Ec",1,0,0,0,0,0,0
"28447","1325","Ec_N",475,7,7,"Ec",3,0,1,0,0,0,0.420438296247818
"28448","1325","Ec_N",475,8,8,"Ec",3,0,1,0,0,0,0.420438296247818
"28449","1325","Ec_N",475,9,9,"Ec",4,1,1,0,0,0,0.727660542352217
"28450","1325","Ec_N",475,10,10,"Ec",4,1,1,0,0,0,0.727660542352217
"28451","1325","Ec_N",475,11,11,"Ec",4,1,1,0,0,0,0.727660542352217
"28452","1325","Ec_N",475,12,12,"Ec",4,1,1,0,0,0,0.727660542352217
"28453","1325","Ec_N",475,13,13,"Ec",4,1,1,0,0,0,0.727660542352217
"28454","1325","Ec_N",475,14,14,"Ec",4,1,1,0,0,0,0.727660542352217
"28455","1325","Ec_N",475,15,15,"Ec",4,1,1,0,0,0,0.727660542352217
"28456","1325","Ec_N",475,16,16,"Ec",4,1,1,0,0,0,0.727660542352217
"28457","1325","Ec_N",475,17,17,"Ec",4,1,1,0,0,0,0.727660542352217
"28458","1325","Ec_N",475,18,18,"Ec",4,1,1,0,0,0,0.727660542352217
"28459","1325","Ec_N",475,19,19,"Ec",20,1,1,0,0,1,0.791346487587567
"28460","1325","Ec_N",475,20,20,"Ec",20,1,1,0,0,1,0.791346487587567
"28461","1325","Ec_N",475,21,21,"Ec",20,1,1,0,0,1,0.791346487587567
"28462","1325","Ec_N",475,22,22,"Ec",20,1,1,0,0,1,0.791346487587567
"28463","1325","Ec_N",475,23,23,"Ec",28,1,1,0,1,1,0.815884725734249
"28464","1325","Ec_N",475,24,24,"Ec",28,1,1,0,1,1,0.815884725734249
"28465","1325","Ec_N",475,25,25,"Ec",28,1,1,0,1,1,0.815884725734249
"28466","1325","Ec_N",475,26,26,"Ec",28,1,1,0,1,1,0.815884725734249
"28467","1325","Ec_N",475,27,27,"Ec",28,1,1,0,1,1,0.815884725734249
"28468","1325","Ec_N",475,28,28,"Ec",28,1,1,0,1,1,0.815884725734249
"28469","1325","Ec_N",475,29,29,"Ec",28,1,1,0,1,1,0.815884725734249
"28470","1325","Ec_N",475,30,30,"Ec",28,1,1,0,1,1,0.815884725734249
"28471","1325","Ec_N",475,31,31,"Ec",28,1,1,0,1,1,0.815884725734249
"28472","1325","Ec_N",475,32,32,"Ec",28,1,1,0,1,1,0.815884725734249
"28473","1325","Ec_N",475,33,33,"Ec",28,1,1,0,1,1,0.815884725734249
"28474","1325","Ec_N",475,34,34,"Ec",28,1,1,0,1,1,0.815884725734249
"28475","1325","Ec_N",475,35,35,"Ec",28,1,1,0,1,1,0.815884725734249
"28476","1325","Ec_N",475,36,36,"Ec",28,1,1,0,1,1,0.815884725734249
"28477","1325","Ec_N",475,37,37,"Ec",28,1,1,0,1,1,0.815884725734249
"28478","1325","Ec_N",475,38,38,"Ec",28,1,1,0,1,1,0.815884725734249
"28479","1325","Ec_N",475,39,39,"Ec",28,1,1,0,1,1,0.815884725734249
"28480","1325","Ec_N",475,40,40,"Ec",28,1,1,0,1,1,0.815884725734249
"28481","1325","Ec_N",475,41,41,"Ec",28,1,1,0,1,1,0.815884725734249
"28482","1325","Ec_N",475,42,42,"Ec",28,1,1,0,1,1,0.815884725734249
"28483","1325","Ec_N",475,43,43,"Ec",28,1,1,0,1,1,0.815884725734249
"28484","1325","Ec_N",475,44,44,"Ec",28,1,1,0,1,1,0.815884725734249
"28485","1325","Ec_N",475,45,45,"Ec",28,1,1,0,1,1,0.815884725734249
"28486","1325","Ec_N",475,46,46,"Ec",28,1,1,0,1,1,0.815884725734249
"28487","1325","Ec_N",475,47,47,"Ec",28,1,1,0,1,1,0.815884725734249
"28488","1325","Ec_N",475,48,48,"Ec",28,1,1,0,1,1,0.815884725734249
"28489","1325","Ec_N",475,49,49,"Ec",28,1,1,0,1,1,0.815884725734249
"28490","1325","Ec_N",475,50,50,"Ec",32,1,1,1,1,1,1
"28491","1325","Ec_N",475,51,51,"Ec",32,1,1,1,1,1,1
"28492","1325","Ec_N",475,52,52,"Ec",32,1,1,1,1,1,1
"28493","1325","Ec_N",475,53,53,"Ec",32,1,1,1,1,1,1
"28494","1325","Ec_N",475,54,54,"Ec",32,1,1,1,1,1,1
"28495","1325","Ec_N",475,55,55,"Ec",32,1,1,1,1,1,1
"28496","1325","Ec_N",475,56,56,"Ec",32,1,1,1,1,1,1
"28497","1325","Ec_N",475,57,57,"Ec",32,1,1,1,1,1,1
"28498","1325","Ec_N",475,58,58,"Ec",32,1,1,1,1,1,1
"28499","1325","Ec_N",475,59,59,"Ec",32,1,1,1,1,1,1
"28500","1325","Ec_N",475,60,60,"Ec",32,1,1,1,1,1,1
"28501","1325","Ec_N",476,1,1,"Ec",1,0,0,0,0,0,0
"28502","1325","Ec_N",476,2,2,"Ec",1,0,0,0,0,0,0
"28503","1325","Ec_N",476,3,3,"Ec",1,0,0,0,0,0,0
"28504","1325","Ec_N",476,4,4,"Ec",1,0,0,0,0,0,0
"28505","1325","Ec_N",476,5,5,"Ec",1,0,0,0,0,0,0
"28506","1325","Ec_N",476,6,6,"Ec",1,0,0,0,0,0,0
"28507","1325","Ec_N",476,7,7,"Ec",1,0,0,0,0,0,0
"28508","1325","Ec_N",476,8,8,"Ec",1,0,0,0,0,0,0
"28509","1325","Ec_N",476,9,9,"Ec",1,0,0,0,0,0,0
"28510","1325","Ec_N",476,10,10,"Ec",1,0,0,0,0,0,0
"28511","1325","Ec_N",476,11,11,"Ec",1,0,0,0,0,0,0
"28512","1325","Ec_N",476,12,12,"Ec",1,0,0,0,0,0,0
"28513","1325","Ec_N",476,13,13,"Ec",1,0,0,0,0,0,0
"28514","1325","Ec_N",476,14,14,"Ec",1,0,0,0,0,0,0
"28515","1325","Ec_N",476,15,15,"Ec",1,0,0,0,0,0,0
"28516","1325","Ec_N",476,16,16,"Ec",1,0,0,0,0,0,0
"28517","1325","Ec_N",476,17,17,"Ec",1,0,0,0,0,0,0
"28518","1325","Ec_N",476,18,18,"Ec",2,1,0,0,0,0,0.3072222461044
"28519","1325","Ec_N",476,19,19,"Ec",4,1,1,0,0,0,0.727660542352217
"28520","1325","Ec_N",476,20,20,"Ec",12,1,1,0,1,0,0.776685026312455
"28521","1325","Ec_N",476,21,21,"Ec",12,1,1,0,1,0,0.776685026312455
"28522","1325","Ec_N",476,22,22,"Ec",12,1,1,0,1,0,0.776685026312455
"28523","1325","Ec_N",476,23,23,"Ec",12,1,1,0,1,0,0.776685026312455
"28524","1325","Ec_N",476,24,24,"Ec",28,1,1,0,1,1,0.815884725734249
"28525","1325","Ec_N",476,25,25,"Ec",28,1,1,0,1,1,0.815884725734249
"28526","1325","Ec_N",476,26,26,"Ec",28,1,1,0,1,1,0.815884725734249
"28527","1325","Ec_N",476,27,27,"Ec",28,1,1,0,1,1,0.815884725734249
"28528","1325","Ec_N",476,28,28,"Ec",28,1,1,0,1,1,0.815884725734249
"28529","1325","Ec_N",476,29,29,"Ec",28,1,1,0,1,1,0.815884725734249
"28530","1325","Ec_N",476,30,30,"Ec",28,1,1,0,1,1,0.815884725734249
"28531","1325","Ec_N",476,31,31,"Ec",32,1,1,1,1,1,1
"28532","1325","Ec_N",476,32,32,"Ec",32,1,1,1,1,1,1
"28533","1325","Ec_N",476,33,33,"Ec",32,1,1,1,1,1,1
"28534","1325","Ec_N",476,34,34,"Ec",32,1,1,1,1,1,1
"28535","1325","Ec_N",476,35,35,"Ec",32,1,1,1,1,1,1
"28536","1325","Ec_N",476,36,36,"Ec",32,1,1,1,1,1,1
"28537","1325","Ec_N",476,37,37,"Ec",32,1,1,1,1,1,1
"28538","1325","Ec_N",476,38,38,"Ec",32,1,1,1,1,1,1
"28539","1325","Ec_N",476,39,39,"Ec",32,1,1,1,1,1,1
"28540","1325","Ec_N",476,40,40,"Ec",32,1,1,1,1,1,1
"28541","1325","Ec_N",476,41,41,"Ec",32,1,1,1,1,1,1
"28542","1325","Ec_N",476,42,42,"Ec",32,1,1,1,1,1,1
"28543","1325","Ec_N",476,43,43,"Ec",32,1,1,1,1,1,1
"28544","1325","Ec_N",476,44,44,"Ec",32,1,1,1,1,1,1
"28545","1325","Ec_N",476,45,45,"Ec",32,1,1,1,1,1,1
"28546","1325","Ec_N",476,46,46,"Ec",32,1,1,1,1,1,1
"28547","1325","Ec_N",476,47,47,"Ec",32,1,1,1,1,1,1
"28548","1325","Ec_N",476,48,48,"Ec",32,1,1,1,1,1,1
"28549","1325","Ec_N",476,49,49,"Ec",32,1,1,1,1,1,1
"28550","1325","Ec_N",476,50,50,"Ec",32,1,1,1,1,1,1
"28551","1325","Ec_N",476,51,51,"Ec",32,1,1,1,1,1,1
"28552","1325","Ec_N",476,52,52,"Ec",32,1,1,1,1,1,1
"28553","1325","Ec_N",476,53,53,"Ec",32,1,1,1,1,1,1
"28554","1325","Ec_N",476,54,54,"Ec",32,1,1,1,1,1,1
"28555","1325","Ec_N",476,55,55,"Ec",32,1,1,1,1,1,1
"28556","1325","Ec_N",476,56,56,"Ec",32,1,1,1,1,1,1
"28557","1325","Ec_N",476,57,57,"Ec",32,1,1,1,1,1,1
"28558","1325","Ec_N",476,58,58,"Ec",32,1,1,1,1,1,1
"28559","1325","Ec_N",476,59,59,"Ec",32,1,1,1,1,1,1
"28560","1325","Ec_N",476,60,60,"Ec",32,1,1,1,1,1,1
"28561","1325","Ec_N",477,1,1,"Ec",1,0,0,0,0,0,0
"28562","1325","Ec_N",477,2,2,"Ec",1,0,0,0,0,0,0
"28563","1325","Ec_N",477,3,3,"Ec",1,0,0,0,0,0,0
"28564","1325","Ec_N",477,4,4,"Ec",1,0,0,0,0,0,0
"28565","1325","Ec_N",477,5,5,"Ec",1,0,0,0,0,0,0
"28566","1325","Ec_N",477,6,6,"Ec",1,0,0,0,0,0,0
"28567","1325","Ec_N",477,7,7,"Ec",1,0,0,0,0,0,0
"28568","1325","Ec_N",477,8,8,"Ec",1,0,0,0,0,0,0
"28569","1325","Ec_N",477,9,9,"Ec",9,0,0,0,1,0,0.0490244839602376
"28570","1325","Ec_N",477,10,10,"Ec",9,0,0,0,1,0,0.0490244839602376
"28571","1325","Ec_N",477,11,11,"Ec",13,0,0,1,1,0,0.208653512412432
"28572","1325","Ec_N",477,12,12,"Ec",13,0,0,1,1,0,0.208653512412432
"28573","1325","Ec_N",477,13,13,"Ec",13,0,0,1,1,0,0.208653512412432
"28574","1325","Ec_N",477,14,14,"Ec",13,0,0,1,1,0,0.208653512412432
"28575","1325","Ec_N",477,15,15,"Ec",13,0,0,1,1,0,0.208653512412432
"28576","1325","Ec_N",477,16,16,"Ec",13,0,0,1,1,0,0.208653512412432
"28577","1325","Ec_N",477,17,17,"Ec",13,0,0,1,1,0,0.208653512412432
"28578","1325","Ec_N",477,18,18,"Ec",13,0,0,1,1,0,0.208653512412432
"28579","1325","Ec_N",477,19,19,"Ec",13,0,0,1,1,0,0.208653512412432
"28580","1325","Ec_N",477,20,20,"Ec",13,0,0,1,1,0,0.208653512412432
"28581","1325","Ec_N",477,21,21,"Ec",13,0,0,1,1,0,0.208653512412432
"28582","1325","Ec_N",477,22,22,"Ec",15,0,1,1,1,0,0.62909180866025
"28583","1325","Ec_N",477,23,23,"Ec",15,0,1,1,1,0,0.62909180866025
"28584","1325","Ec_N",477,24,24,"Ec",15,0,1,1,1,0,0.62909180866025
"28585","1325","Ec_N",477,25,25,"Ec",15,0,1,1,1,0,0.62909180866025
"28586","1325","Ec_N",477,26,26,"Ec",15,0,1,1,1,0,0.62909180866025
"28587","1325","Ec_N",477,27,27,"Ec",15,0,1,1,1,0,0.62909180866025
"28588","1325","Ec_N",477,28,28,"Ec",15,0,1,1,1,0,0.62909180866025
"28589","1325","Ec_N",477,29,29,"Ec",15,0,1,1,1,0,0.62909180866025
"28590","1325","Ec_N",477,30,30,"Ec",15,0,1,1,1,0,0.62909180866025
"28591","1325","Ec_N",477,31,31,"Ec",15,0,1,1,1,0,0.62909180866025
"28592","1325","Ec_N",477,32,32,"Ec",15,0,1,1,1,0,0.62909180866025
"28593","1325","Ec_N",477,33,33,"Ec",15,0,1,1,1,0,0.62909180866025
"28594","1325","Ec_N",477,34,34,"Ec",15,0,1,1,1,0,0.62909180866025
"28595","1325","Ec_N",477,35,35,"Ec",15,0,1,1,1,0,0.62909180866025
"28596","1325","Ec_N",477,36,36,"Ec",15,0,1,1,1,0,0.62909180866025
"28597","1325","Ec_N",477,37,37,"Ec",15,0,1,1,1,0,0.62909180866025
"28598","1325","Ec_N",477,38,38,"Ec",15,0,1,1,1,0,0.62909180866025
"28599","1325","Ec_N",477,39,39,"Ec",15,0,1,1,1,0,0.62909180866025
"28600","1325","Ec_N",477,40,40,"Ec",15,0,1,1,1,0,0.62909180866025
"28601","1325","Ec_N",477,41,41,"Ec",15,0,1,1,1,0,0.62909180866025
"28602","1325","Ec_N",477,42,42,"Ec",16,1,1,1,1,0,0.93631405476465
"28603","1325","Ec_N",477,43,43,"Ec",32,1,1,1,1,1,1
"28604","1325","Ec_N",477,44,44,"Ec",32,1,1,1,1,1,1
"28605","1325","Ec_N",477,45,45,"Ec",32,1,1,1,1,1,1
"28606","1325","Ec_N",477,46,46,"Ec",32,1,1,1,1,1,1
"28607","1325","Ec_N",477,47,47,"Ec",32,1,1,1,1,1,1
"28608","1325","Ec_N",477,48,48,"Ec",32,1,1,1,1,1,1
"28609","1325","Ec_N",477,49,49,"Ec",32,1,1,1,1,1,1
"28610","1325","Ec_N",477,50,50,"Ec",32,1,1,1,1,1,1
"28611","1325","Ec_N",477,51,51,"Ec",32,1,1,1,1,1,1
"28612","1325","Ec_N",477,52,52,"Ec",32,1,1,1,1,1,1
"28613","1325","Ec_N",477,53,53,"Ec",32,1,1,1,1,1,1
"28614","1325","Ec_N",477,54,54,"Ec",32,1,1,1,1,1,1
"28615","1325","Ec_N",477,55,55,"Ec",32,1,1,1,1,1,1
"28616","1325","Ec_N",477,56,56,"Ec",32,1,1,1,1,1,1
"28617","1325","Ec_N",477,57,57,"Ec",32,1,1,1,1,1,1
"28618","1325","Ec_N",477,58,58,"Ec",32,1,1,1,1,1,1
"28619","1325","Ec_N",477,59,59,"Ec",32,1,1,1,1,1,1
"28620","1325","Ec_N",477,60,60,"Ec",32,1,1,1,1,1,1
"28621","1325","Ec_N",478,1,1,"Ec",1,0,0,0,0,0,0
"28622","1325","Ec_N",478,2,2,"Ec",9,0,0,0,1,0,0.0490244839602376
"28623","1325","Ec_N",478,3,3,"Ec",9,0,0,0,1,0,0.0490244839602376
"28624","1325","Ec_N",478,4,4,"Ec",9,0,0,0,1,0,0.0490244839602376
"28625","1325","Ec_N",478,5,5,"Ec",9,0,0,0,1,0,0.0490244839602376
"28626","1325","Ec_N",478,6,6,"Ec",9,0,0,0,1,0,0.0490244839602376
"28627","1325","Ec_N",478,7,7,"Ec",9,0,0,0,1,0,0.0490244839602376
"28628","1325","Ec_N",478,8,8,"Ec",9,0,0,0,1,0,0.0490244839602376
"28629","1325","Ec_N",478,9,9,"Ec",9,0,0,0,1,0,0.0490244839602376
"28630","1325","Ec_N",478,10,10,"Ec",13,0,0,1,1,0,0.208653512412432
"28631","1325","Ec_N",478,11,11,"Ec",13,0,0,1,1,0,0.208653512412432
"28632","1325","Ec_N",478,12,12,"Ec",13,0,0,1,1,0,0.208653512412432
"28633","1325","Ec_N",478,13,13,"Ec",13,0,0,1,1,0,0.208653512412432
"28634","1325","Ec_N",478,14,14,"Ec",15,0,1,1,1,0,0.62909180866025
"28635","1325","Ec_N",478,15,15,"Ec",15,0,1,1,1,0,0.62909180866025
"28636","1325","Ec_N",478,16,16,"Ec",15,0,1,1,1,0,0.62909180866025
"28637","1325","Ec_N",478,17,17,"Ec",15,0,1,1,1,0,0.62909180866025
"28638","1325","Ec_N",478,18,18,"Ec",15,0,1,1,1,0,0.62909180866025
"28639","1325","Ec_N",478,19,19,"Ec",15,0,1,1,1,0,0.62909180866025
"28640","1325","Ec_N",478,20,20,"Ec",15,0,1,1,1,0,0.62909180866025
"28641","1325","Ec_N",478,21,21,"Ec",15,0,1,1,1,0,0.62909180866025
"28642","1325","Ec_N",478,22,22,"Ec",31,0,1,1,1,1,0.6927777538956
"28643","1325","Ec_N",478,23,23,"Ec",31,0,1,1,1,1,0.6927777538956
"28644","1325","Ec_N",478,24,24,"Ec",31,0,1,1,1,1,0.6927777538956
"28645","1325","Ec_N",478,25,25,"Ec",31,0,1,1,1,1,0.6927777538956
"28646","1325","Ec_N",478,26,26,"Ec",31,0,1,1,1,1,0.6927777538956
"28647","1325","Ec_N",478,27,27,"Ec",32,1,1,1,1,1,1
"28648","1325","Ec_N",478,28,28,"Ec",32,1,1,1,1,1,1
"28649","1325","Ec_N",478,29,29,"Ec",32,1,1,1,1,1,1
"28650","1325","Ec_N",478,30,30,"Ec",32,1,1,1,1,1,1
"28651","1325","Ec_N",478,31,31,"Ec",32,1,1,1,1,1,1
"28652","1325","Ec_N",478,32,32,"Ec",32,1,1,1,1,1,1
"28653","1325","Ec_N",478,33,33,"Ec",32,1,1,1,1,1,1
"28654","1325","Ec_N",478,34,34,"Ec",32,1,1,1,1,1,1
"28655","1325","Ec_N",478,35,35,"Ec",32,1,1,1,1,1,1
"28656","1325","Ec_N",478,36,36,"Ec",32,1,1,1,1,1,1
"28657","1325","Ec_N",478,37,37,"Ec",32,1,1,1,1,1,1
"28658","1325","Ec_N",478,38,38,"Ec",32,1,1,1,1,1,1
"28659","1325","Ec_N",478,39,39,"Ec",32,1,1,1,1,1,1
"28660","1325","Ec_N",478,40,40,"Ec",32,1,1,1,1,1,1
"28661","1325","Ec_N",478,41,41,"Ec",32,1,1,1,1,1,1
"28662","1325","Ec_N",478,42,42,"Ec",32,1,1,1,1,1,1
"28663","1325","Ec_N",478,43,43,"Ec",32,1,1,1,1,1,1
"28664","1325","Ec_N",478,44,44,"Ec",32,1,1,1,1,1,1
"28665","1325","Ec_N",478,45,45,"Ec",32,1,1,1,1,1,1
"28666","1325","Ec_N",478,46,46,"Ec",32,1,1,1,1,1,1
"28667","1325","Ec_N",478,47,47,"Ec",32,1,1,1,1,1,1
"28668","1325","Ec_N",478,48,48,"Ec",32,1,1,1,1,1,1
"28669","1325","Ec_N",478,49,49,"Ec",32,1,1,1,1,1,1
"28670","1325","Ec_N",478,50,50,"Ec",32,1,1,1,1,1,1
"28671","1325","Ec_N",478,51,51,"Ec",32,1,1,1,1,1,1
"28672","1325","Ec_N",478,52,52,"Ec",32,1,1,1,1,1,1
"28673","1325","Ec_N",478,53,53,"Ec",32,1,1,1,1,1,1
"28674","1325","Ec_N",478,54,54,"Ec",32,1,1,1,1,1,1
"28675","1325","Ec_N",478,55,55,"Ec",32,1,1,1,1,1,1
"28676","1325","Ec_N",478,56,56,"Ec",32,1,1,1,1,1,1
"28677","1325","Ec_N",478,57,57,"Ec",32,1,1,1,1,1,1
"28678","1325","Ec_N",478,58,58,"Ec",32,1,1,1,1,1,1
"28679","1325","Ec_N",478,59,59,"Ec",32,1,1,1,1,1,1
"28680","1325","Ec_N",478,60,60,"Ec",32,1,1,1,1,1,1
"28681","1325","Ec_N",479,1,1,"Ec",1,0,0,0,0,0,0
"28682","1325","Ec_N",479,2,2,"Ec",1,0,0,0,0,0,0
"28683","1325","Ec_N",479,3,3,"Ec",1,0,0,0,0,0,0
"28684","1325","Ec_N",479,4,4,"Ec",1,0,0,0,0,0,0
"28685","1325","Ec_N",479,5,5,"Ec",5,0,0,1,0,0,0.159629028452195
"28686","1325","Ec_N",479,6,6,"Ec",5,0,0,1,0,0,0.159629028452195
"28687","1325","Ec_N",479,7,7,"Ec",5,0,0,1,0,0,0.159629028452195
"28688","1325","Ec_N",479,8,8,"Ec",5,0,0,1,0,0,0.159629028452195
"28689","1325","Ec_N",479,9,9,"Ec",5,0,0,1,0,0,0.159629028452195
"28690","1325","Ec_N",479,10,10,"Ec",5,0,0,1,0,0,0.159629028452195
"28691","1325","Ec_N",479,11,11,"Ec",5,0,0,1,0,0,0.159629028452195
"28692","1325","Ec_N",479,12,12,"Ec",5,0,0,1,0,0,0.159629028452195
"28693","1325","Ec_N",479,13,13,"Ec",5,0,0,1,0,0,0.159629028452195
"28694","1325","Ec_N",479,14,14,"Ec",5,0,0,1,0,0,0.159629028452195
"28695","1325","Ec_N",479,15,15,"Ec",5,0,0,1,0,0,0.159629028452195
"28696","1325","Ec_N",479,16,16,"Ec",5,0,0,1,0,0,0.159629028452195
"28697","1325","Ec_N",479,17,17,"Ec",5,0,0,1,0,0,0.159629028452195
"28698","1325","Ec_N",479,18,18,"Ec",5,0,0,1,0,0,0.159629028452195
"28699","1325","Ec_N",479,19,19,"Ec",5,0,0,1,0,0,0.159629028452195
"28700","1325","Ec_N",479,20,20,"Ec",5,0,0,1,0,0,0.159629028452195
"28701","1325","Ec_N",479,21,21,"Ec",5,0,0,1,0,0,0.159629028452195
"28702","1325","Ec_N",479,22,22,"Ec",5,0,0,1,0,0,0.159629028452195
"28703","1325","Ec_N",479,23,23,"Ec",5,0,0,1,0,0,0.159629028452195
"28704","1325","Ec_N",479,24,24,"Ec",5,0,0,1,0,0,0.159629028452195
"28705","1325","Ec_N",479,25,25,"Ec",6,1,0,1,0,0,0.466851274556594
"28706","1325","Ec_N",479,26,26,"Ec",6,1,0,1,0,0,0.466851274556594
"28707","1325","Ec_N",479,27,27,"Ec",6,1,0,1,0,0,0.466851274556594
"28708","1325","Ec_N",479,28,28,"Ec",6,1,0,1,0,0,0.466851274556594
"28709","1325","Ec_N",479,29,29,"Ec",22,1,0,1,0,1,0.530537219791945
"28710","1325","Ec_N",479,30,30,"Ec",22,1,0,1,0,1,0.530537219791945
"28711","1325","Ec_N",479,31,31,"Ec",22,1,0,1,0,1,0.530537219791945
"28712","1325","Ec_N",479,32,32,"Ec",22,1,0,1,0,1,0.530537219791945
"28713","1325","Ec_N",479,33,33,"Ec",30,1,0,1,1,1,0.579561703752182
"28714","1325","Ec_N",479,34,34,"Ec",30,1,0,1,1,1,0.579561703752182
"28715","1325","Ec_N",479,35,35,"Ec",30,1,0,1,1,1,0.579561703752182
"28716","1325","Ec_N",479,36,36,"Ec",30,1,0,1,1,1,0.579561703752182
"28717","1325","Ec_N",479,37,37,"Ec",32,1,1,1,1,1,1
"28718","1325","Ec_N",479,38,38,"Ec",32,1,1,1,1,1,1
"28719","1325","Ec_N",479,39,39,"Ec",32,1,1,1,1,1,1
"28720","1325","Ec_N",479,40,40,"Ec",32,1,1,1,1,1,1
"28721","1325","Ec_N",479,41,41,"Ec",32,1,1,1,1,1,1
"28722","1325","Ec_N",479,42,42,"Ec",32,1,1,1,1,1,1
"28723","1325","Ec_N",479,43,43,"Ec",32,1,1,1,1,1,1
"28724","1325","Ec_N",479,44,44,"Ec",32,1,1,1,1,1,1
"28725","1325","Ec_N",479,45,45,"Ec",32,1,1,1,1,1,1
"28726","1325","Ec_N",479,46,46,"Ec",32,1,1,1,1,1,1
"28727","1325","Ec_N",479,47,47,"Ec",32,1,1,1,1,1,1
"28728","1325","Ec_N",479,48,48,"Ec",32,1,1,1,1,1,1
"28729","1325","Ec_N",479,49,49,"Ec",32,1,1,1,1,1,1
"28730","1325","Ec_N",479,50,50,"Ec",32,1,1,1,1,1,1
"28731","1325","Ec_N",479,51,51,"Ec",32,1,1,1,1,1,1
"28732","1325","Ec_N",479,52,52,"Ec",32,1,1,1,1,1,1
"28733","1325","Ec_N",479,53,53,"Ec",32,1,1,1,1,1,1
"28734","1325","Ec_N",479,54,54,"Ec",32,1,1,1,1,1,1
"28735","1325","Ec_N",479,55,55,"Ec",32,1,1,1,1,1,1
"28736","1325","Ec_N",479,56,56,"Ec",32,1,1,1,1,1,1
"28737","1325","Ec_N",479,57,57,"Ec",32,1,1,1,1,1,1
"28738","1325","Ec_N",479,58,58,"Ec",32,1,1,1,1,1,1
"28739","1325","Ec_N",479,59,59,"Ec",32,1,1,1,1,1,1
"28740","1325","Ec_N",479,60,60,"Ec",32,1,1,1,1,1,1
"28741","1325","Ec_N",480,1,1,"Ec",1,0,0,0,0,0,0
"28742","1325","Ec_N",480,2,2,"Ec",17,0,0,0,0,1,0.0636859452353503
"28743","1325","Ec_N",480,3,3,"Ec",17,0,0,0,0,1,0.0636859452353503
"28744","1325","Ec_N",480,4,4,"Ec",17,0,0,0,0,1,0.0636859452353503
"28745","1325","Ec_N",480,5,5,"Ec",17,0,0,0,0,1,0.0636859452353503
"28746","1325","Ec_N",480,6,6,"Ec",21,0,0,1,0,1,0.223314973687545
"28747","1325","Ec_N",480,7,7,"Ec",29,0,0,1,1,1,0.272339457647783
"28748","1325","Ec_N",480,8,8,"Ec",29,0,0,1,1,1,0.272339457647783
"28749","1325","Ec_N",480,9,9,"Ec",29,0,0,1,1,1,0.272339457647783
"28750","1325","Ec_N",480,10,10,"Ec",29,0,0,1,1,1,0.272339457647783
"28751","1325","Ec_N",480,11,11,"Ec",29,0,0,1,1,1,0.272339457647783
"28752","1325","Ec_N",480,12,12,"Ec",29,0,0,1,1,1,0.272339457647783
"28753","1325","Ec_N",480,13,13,"Ec",29,0,0,1,1,1,0.272339457647783
"28754","1325","Ec_N",480,14,14,"Ec",29,0,0,1,1,1,0.272339457647783
"28755","1325","Ec_N",480,15,15,"Ec",29,0,0,1,1,1,0.272339457647783
"28756","1325","Ec_N",480,16,16,"Ec",29,0,0,1,1,1,0.272339457647783
"28757","1325","Ec_N",480,17,17,"Ec",29,0,0,1,1,1,0.272339457647783
"28758","1325","Ec_N",480,18,18,"Ec",29,0,0,1,1,1,0.272339457647783
"28759","1325","Ec_N",480,19,19,"Ec",29,0,0,1,1,1,0.272339457647783
"28760","1325","Ec_N",480,20,20,"Ec",29,0,0,1,1,1,0.272339457647783
"28761","1325","Ec_N",480,21,21,"Ec",29,0,0,1,1,1,0.272339457647783
"28762","1325","Ec_N",480,22,22,"Ec",29,0,0,1,1,1,0.272339457647783
"28763","1325","Ec_N",480,23,23,"Ec",29,0,0,1,1,1,0.272339457647783
"28764","1325","Ec_N",480,24,24,"Ec",29,0,0,1,1,1,0.272339457647783
"28765","1325","Ec_N",480,25,25,"Ec",29,0,0,1,1,1,0.272339457647783
"28766","1325","Ec_N",480,26,26,"Ec",29,0,0,1,1,1,0.272339457647783
"28767","1325","Ec_N",480,27,27,"Ec",29,0,0,1,1,1,0.272339457647783
"28768","1325","Ec_N",480,28,28,"Ec",29,0,0,1,1,1,0.272339457647783
"28769","1325","Ec_N",480,29,29,"Ec",29,0,0,1,1,1,0.272339457647783
"28770","1325","Ec_N",480,30,30,"Ec",29,0,0,1,1,1,0.272339457647783
"28771","1325","Ec_N",480,31,31,"Ec",30,1,0,1,1,1,0.579561703752182
"28772","1325","Ec_N",480,32,32,"Ec",30,1,0,1,1,1,0.579561703752182
"28773","1325","Ec_N",480,33,33,"Ec",30,1,0,1,1,1,0.579561703752182
"28774","1325","Ec_N",480,34,34,"Ec",30,1,0,1,1,1,0.579561703752182
"28775","1325","Ec_N",480,35,35,"Ec",30,1,0,1,1,1,0.579561703752182
"28776","1325","Ec_N",480,36,36,"Ec",30,1,0,1,1,1,0.579561703752182
"28777","1325","Ec_N",480,37,37,"Ec",30,1,0,1,1,1,0.579561703752182
"28778","1325","Ec_N",480,38,38,"Ec",30,1,0,1,1,1,0.579561703752182
"28779","1325","Ec_N",480,39,39,"Ec",32,1,1,1,1,1,1
"28780","1325","Ec_N",480,40,40,"Ec",32,1,1,1,1,1,1
"28781","1325","Ec_N",480,41,41,"Ec",32,1,1,1,1,1,1
"28782","1325","Ec_N",480,42,42,"Ec",32,1,1,1,1,1,1
"28783","1325","Ec_N",480,43,43,"Ec",32,1,1,1,1,1,1
"28784","1325","Ec_N",480,44,44,"Ec",32,1,1,1,1,1,1
"28785","1325","Ec_N",480,45,45,"Ec",32,1,1,1,1,1,1
"28786","1325","Ec_N",480,46,46,"Ec",32,1,1,1,1,1,1
"28787","1325","Ec_N",480,47,47,"Ec",32,1,1,1,1,1,1
"28788","1325","Ec_N",480,48,48,"Ec",32,1,1,1,1,1,1
"28789","1325","Ec_N",480,49,49,"Ec",32,1,1,1,1,1,1
"28790","1325","Ec_N",480,50,50,"Ec",32,1,1,1,1,1,1
"28791","1325","Ec_N",480,51,51,"Ec",32,1,1,1,1,1,1
"28792","1325","Ec_N",480,52,52,"Ec",32,1,1,1,1,1,1
"28793","1325","Ec_N",480,53,53,"Ec",32,1,1,1,1,1,1
"28794","1325","Ec_N",480,54,54,"Ec",32,1,1,1,1,1,1
"28795","1325","Ec_N",480,55,55,"Ec",32,1,1,1,1,1,1
"28796","1325","Ec_N",480,56,56,"Ec",32,1,1,1,1,1,1
"28797","1325","Ec_N",480,57,57,"Ec",32,1,1,1,1,1,1
"28798","1325","Ec_N",480,58,58,"Ec",32,1,1,1,1,1,1
"28799","1325","Ec_N",480,59,59,"Ec",32,1,1,1,1,1,1
"28800","1325","Ec_N",480,60,60,"Ec",32,1,1,1,1,1,1
"28801","1325","Ec_N",481,1,1,"Ec",1,0,0,0,0,0,0
"28802","1325","Ec_N",481,2,2,"Ec",1,0,0,0,0,0,0
"28803","1325","Ec_N",481,3,3,"Ec",1,0,0,0,0,0,0
"28804","1325","Ec_N",481,4,4,"Ec",1,0,0,0,0,0,0
"28805","1325","Ec_N",481,5,5,"Ec",1,0,0,0,0,0,0
"28806","1325","Ec_N",481,6,6,"Ec",2,1,0,0,0,0,0.3072222461044
"28807","1325","Ec_N",481,7,7,"Ec",2,1,0,0,0,0,0.3072222461044
"28808","1325","Ec_N",481,8,8,"Ec",2,1,0,0,0,0,0.3072222461044
"28809","1325","Ec_N",481,9,9,"Ec",2,1,0,0,0,0,0.3072222461044
"28810","1325","Ec_N",481,10,10,"Ec",2,1,0,0,0,0,0.3072222461044
"28811","1325","Ec_N",481,11,11,"Ec",2,1,0,0,0,0,0.3072222461044
"28812","1325","Ec_N",481,12,12,"Ec",2,1,0,0,0,0,0.3072222461044
"28813","1325","Ec_N",481,13,13,"Ec",2,1,0,0,0,0,0.3072222461044
"28814","1325","Ec_N",481,14,14,"Ec",2,1,0,0,0,0,0.3072222461044
"28815","1325","Ec_N",481,15,15,"Ec",10,1,0,0,1,0,0.356246730064637
"28816","1325","Ec_N",481,16,16,"Ec",10,1,0,0,1,0,0.356246730064637
"28817","1325","Ec_N",481,17,17,"Ec",10,1,0,0,1,0,0.356246730064637
"28818","1325","Ec_N",481,18,18,"Ec",10,1,0,0,1,0,0.356246730064637
"28819","1325","Ec_N",481,19,19,"Ec",10,1,0,0,1,0,0.356246730064637
"28820","1325","Ec_N",481,20,20,"Ec",10,1,0,0,1,0,0.356246730064637
"28821","1325","Ec_N",481,21,21,"Ec",10,1,0,0,1,0,0.356246730064637
"28822","1325","Ec_N",481,22,22,"Ec",10,1,0,0,1,0,0.356246730064637
"28823","1325","Ec_N",481,23,23,"Ec",14,1,0,1,1,0,0.479175264165032
"28824","1325","Ec_N",481,24,24,"Ec",14,1,0,1,1,0,0.479175264165032
"28825","1325","Ec_N",481,25,25,"Ec",16,1,1,1,1,0,0.93631405476465
"28826","1325","Ec_N",481,26,26,"Ec",16,1,1,1,1,0,0.93631405476465
"28827","1325","Ec_N",481,27,27,"Ec",16,1,1,1,1,0,0.93631405476465
"28828","1325","Ec_N",481,28,28,"Ec",16,1,1,1,1,0,0.93631405476465
"28829","1325","Ec_N",481,29,29,"Ec",16,1,1,1,1,0,0.93631405476465
"28830","1325","Ec_N",481,30,30,"Ec",16,1,1,1,1,0,0.93631405476465
"28831","1325","Ec_N",481,31,31,"Ec",16,1,1,1,1,0,0.93631405476465
"28832","1325","Ec_N",481,32,32,"Ec",16,1,1,1,1,0,0.93631405476465
"28833","1325","Ec_N",481,33,33,"Ec",16,1,1,1,1,0,0.93631405476465
"28834","1325","Ec_N",481,34,34,"Ec",16,1,1,1,1,0,0.93631405476465
"28835","1325","Ec_N",481,35,35,"Ec",16,1,1,1,1,0,0.93631405476465
"28836","1325","Ec_N",481,36,36,"Ec",16,1,1,1,1,0,0.93631405476465
"28837","1325","Ec_N",481,37,37,"Ec",16,1,1,1,1,0,0.93631405476465
"28838","1325","Ec_N",481,38,38,"Ec",16,1,1,1,1,0,0.93631405476465
"28839","1325","Ec_N",481,39,39,"Ec",16,1,1,1,1,0,0.93631405476465
"28840","1325","Ec_N",481,40,40,"Ec",16,1,1,1,1,0,0.93631405476465
"28841","1325","Ec_N",481,41,41,"Ec",16,1,1,1,1,0,0.93631405476465
"28842","1325","Ec_N",481,42,42,"Ec",16,1,1,1,1,0,0.93631405476465
"28843","1325","Ec_N",481,43,43,"Ec",16,1,1,1,1,0,0.93631405476465
"28844","1325","Ec_N",481,44,44,"Ec",16,1,1,1,1,0,0.93631405476465
"28845","1325","Ec_N",481,45,45,"Ec",16,1,1,1,1,0,0.93631405476465
"28846","1325","Ec_N",481,46,46,"Ec",16,1,1,1,1,0,0.93631405476465
"28847","1325","Ec_N",481,47,47,"Ec",16,1,1,1,1,0,0.93631405476465
"28848","1325","Ec_N",481,48,48,"Ec",16,1,1,1,1,0,0.93631405476465
"28849","1325","Ec_N",481,49,49,"Ec",16,1,1,1,1,0,0.93631405476465
"28850","1325","Ec_N",481,50,50,"Ec",16,1,1,1,1,0,0.93631405476465
"28851","1325","Ec_N",481,51,51,"Ec",16,1,1,1,1,0,0.93631405476465
"28852","1325","Ec_N",481,52,52,"Ec",16,1,1,1,1,0,0.93631405476465
"28853","1325","Ec_N",481,53,53,"Ec",16,1,1,1,1,0,0.93631405476465
"28854","1325","Ec_N",481,54,54,"Ec",16,1,1,1,1,0,0.93631405476465
"28855","1325","Ec_N",481,55,55,"Ec",16,1,1,1,1,0,0.93631405476465
"28856","1325","Ec_N",481,56,56,"Ec",16,1,1,1,1,0,0.93631405476465
"28857","1325","Ec_N",481,57,57,"Ec",16,1,1,1,1,0,0.93631405476465
"28858","1325","Ec_N",481,58,58,"Ec",16,1,1,1,1,0,0.93631405476465
"28859","1325","Ec_N",481,59,59,"Ec",16,1,1,1,1,0,0.93631405476465
"28860","1325","Ec_N",481,60,60,"Ec",16,1,1,1,1,0,0.93631405476465
"28861","1325","Ec_N",482,1,1,"Ec",1,0,0,0,0,0,0
"28862","1325","Ec_N",482,2,2,"Ec",1,0,0,0,0,0,0
"28863","1325","Ec_N",482,3,3,"Ec",1,0,0,0,0,0,0
"28864","1325","Ec_N",482,4,4,"Ec",1,0,0,0,0,0,0
"28865","1325","Ec_N",482,5,5,"Ec",1,0,0,0,0,0,0
"28866","1325","Ec_N",482,6,6,"Ec",3,0,1,0,0,0,0.420438296247818
"28867","1325","Ec_N",482,7,7,"Ec",3,0,1,0,0,0,0.420438296247818
"28868","1325","Ec_N",482,8,8,"Ec",3,0,1,0,0,0,0.420438296247818
"28869","1325","Ec_N",482,9,9,"Ec",3,0,1,0,0,0,0.420438296247818
"28870","1325","Ec_N",482,10,10,"Ec",3,0,1,0,0,0,0.420438296247818
"28871","1325","Ec_N",482,11,11,"Ec",3,0,1,0,0,0,0.420438296247818
"28872","1325","Ec_N",482,12,12,"Ec",3,0,1,0,0,0,0.420438296247818
"28873","1325","Ec_N",482,13,13,"Ec",11,0,1,0,1,0,0.503461616060769
"28874","1325","Ec_N",482,14,14,"Ec",11,0,1,0,1,0,0.503461616060769
"28875","1325","Ec_N",482,15,15,"Ec",27,0,1,0,1,1,0.533148725443406
"28876","1325","Ec_N",482,16,16,"Ec",27,0,1,0,1,1,0.533148725443406
"28877","1325","Ec_N",482,17,17,"Ec",27,0,1,0,1,1,0.533148725443406
"28878","1325","Ec_N",482,18,18,"Ec",31,0,1,1,1,1,0.6927777538956
"28879","1325","Ec_N",482,19,19,"Ec",31,0,1,1,1,1,0.6927777538956
"28880","1325","Ec_N",482,20,20,"Ec",31,0,1,1,1,1,0.6927777538956
"28881","1325","Ec_N",482,21,21,"Ec",31,0,1,1,1,1,0.6927777538956
"28882","1325","Ec_N",482,22,22,"Ec",31,0,1,1,1,1,0.6927777538956
"28883","1325","Ec_N",482,23,23,"Ec",31,0,1,1,1,1,0.6927777538956
"28884","1325","Ec_N",482,24,24,"Ec",31,0,1,1,1,1,0.6927777538956
"28885","1325","Ec_N",482,25,25,"Ec",31,0,1,1,1,1,0.6927777538956
"28886","1325","Ec_N",482,26,26,"Ec",31,0,1,1,1,1,0.6927777538956
"28887","1325","Ec_N",482,27,27,"Ec",31,0,1,1,1,1,0.6927777538956
"28888","1325","Ec_N",482,28,28,"Ec",31,0,1,1,1,1,0.6927777538956
"28889","1325","Ec_N",482,29,29,"Ec",31,0,1,1,1,1,0.6927777538956
"28890","1325","Ec_N",482,30,30,"Ec",31,0,1,1,1,1,0.6927777538956
"28891","1325","Ec_N",482,31,31,"Ec",31,0,1,1,1,1,0.6927777538956
"28892","1325","Ec_N",482,32,32,"Ec",31,0,1,1,1,1,0.6927777538956
"28893","1325","Ec_N",482,33,33,"Ec",31,0,1,1,1,1,0.6927777538956
"28894","1325","Ec_N",482,34,34,"Ec",31,0,1,1,1,1,0.6927777538956
"28895","1325","Ec_N",482,35,35,"Ec",31,0,1,1,1,1,0.6927777538956
"28896","1325","Ec_N",482,36,36,"Ec",31,0,1,1,1,1,0.6927777538956
"28897","1325","Ec_N",482,37,37,"Ec",31,0,1,1,1,1,0.6927777538956
"28898","1325","Ec_N",482,38,38,"Ec",31,0,1,1,1,1,0.6927777538956
"28899","1325","Ec_N",482,39,39,"Ec",31,0,1,1,1,1,0.6927777538956
"28900","1325","Ec_N",482,40,40,"Ec",31,0,1,1,1,1,0.6927777538956
"28901","1325","Ec_N",482,41,41,"Ec",31,0,1,1,1,1,0.6927777538956
"28902","1325","Ec_N",482,42,42,"Ec",31,0,1,1,1,1,0.6927777538956
"28903","1325","Ec_N",482,43,43,"Ec",31,0,1,1,1,1,0.6927777538956
"28904","1325","Ec_N",482,44,44,"Ec",32,1,1,1,1,1,1
"28905","1325","Ec_N",482,45,45,"Ec",32,1,1,1,1,1,1
"28906","1325","Ec_N",482,46,46,"Ec",32,1,1,1,1,1,1
"28907","1325","Ec_N",482,47,47,"Ec",32,1,1,1,1,1,1
"28908","1325","Ec_N",482,48,48,"Ec",32,1,1,1,1,1,1
"28909","1325","Ec_N",482,49,49,"Ec",32,1,1,1,1,1,1
"28910","1325","Ec_N",482,50,50,"Ec",32,1,1,1,1,1,1
"28911","1325","Ec_N",482,51,51,"Ec",32,1,1,1,1,1,1
"28912","1325","Ec_N",482,52,52,"Ec",32,1,1,1,1,1,1
"28913","1325","Ec_N",482,53,53,"Ec",32,1,1,1,1,1,1
"28914","1325","Ec_N",482,54,54,"Ec",32,1,1,1,1,1,1
"28915","1325","Ec_N",482,55,55,"Ec",32,1,1,1,1,1,1
"28916","1325","Ec_N",482,56,56,"Ec",32,1,1,1,1,1,1
"28917","1325","Ec_N",482,57,57,"Ec",32,1,1,1,1,1,1
"28918","1325","Ec_N",482,58,58,"Ec",32,1,1,1,1,1,1
"28919","1325","Ec_N",482,59,59,"Ec",32,1,1,1,1,1,1
"28920","1325","Ec_N",482,60,60,"Ec",32,1,1,1,1,1,1
"28921","1325","Ec_N",483,1,1,"Ec",1,0,0,0,0,0,0
"28922","1325","Ec_N",483,2,2,"Ec",1,0,0,0,0,0,0
"28923","1325","Ec_N",483,3,3,"Ec",1,0,0,0,0,0,0
"28924","1325","Ec_N",483,4,4,"Ec",1,0,0,0,0,0,0
"28925","1325","Ec_N",483,5,5,"Ec",1,0,0,0,0,0,0
"28926","1325","Ec_N",483,6,6,"Ec",1,0,0,0,0,0,0
"28927","1325","Ec_N",483,7,7,"Ec",3,0,1,0,0,0,0.420438296247818
"28928","1325","Ec_N",483,8,8,"Ec",19,0,1,0,0,1,0.484124241483168
"28929","1325","Ec_N",483,9,9,"Ec",23,0,1,1,0,1,0.57389469344254
"28930","1325","Ec_N",483,10,10,"Ec",23,0,1,1,0,1,0.57389469344254
"28931","1325","Ec_N",483,11,11,"Ec",23,0,1,1,0,1,0.57389469344254
"28932","1325","Ec_N",483,12,12,"Ec",23,0,1,1,0,1,0.57389469344254
"28933","1325","Ec_N",483,13,13,"Ec",23,0,1,1,0,1,0.57389469344254
"28934","1325","Ec_N",483,14,14,"Ec",23,0,1,1,0,1,0.57389469344254
"28935","1325","Ec_N",483,15,15,"Ec",23,0,1,1,0,1,0.57389469344254
"28936","1325","Ec_N",483,16,16,"Ec",23,0,1,1,0,1,0.57389469344254
"28937","1325","Ec_N",483,17,17,"Ec",23,0,1,1,0,1,0.57389469344254
"28938","1325","Ec_N",483,18,18,"Ec",23,0,1,1,0,1,0.57389469344254
"28939","1325","Ec_N",483,19,19,"Ec",23,0,1,1,0,1,0.57389469344254
"28940","1325","Ec_N",483,20,20,"Ec",23,0,1,1,0,1,0.57389469344254
"28941","1325","Ec_N",483,21,21,"Ec",23,0,1,1,0,1,0.57389469344254
"28942","1325","Ec_N",483,22,22,"Ec",24,1,1,1,0,1,0.872975948786018
"28943","1325","Ec_N",483,23,23,"Ec",8,1,1,1,0,0,0.887289570804412
"28944","1325","Ec_N",483,24,24,"Ec",8,1,1,1,0,0,0.887289570804412
"28945","1325","Ec_N",483,25,25,"Ec",8,1,1,1,0,0,0.887289570804412
"28946","1325","Ec_N",483,26,26,"Ec",16,1,1,1,1,0,0.93631405476465
"28947","1325","Ec_N",483,27,27,"Ec",16,1,1,1,1,0,0.93631405476465
"28948","1325","Ec_N",483,28,28,"Ec",16,1,1,1,1,0,0.93631405476465
"28949","1325","Ec_N",483,29,29,"Ec",16,1,1,1,1,0,0.93631405476465
"28950","1325","Ec_N",483,30,30,"Ec",16,1,1,1,1,0,0.93631405476465
"28951","1325","Ec_N",483,31,31,"Ec",16,1,1,1,1,0,0.93631405476465
"28952","1325","Ec_N",483,32,32,"Ec",16,1,1,1,1,0,0.93631405476465
"28953","1325","Ec_N",483,33,33,"Ec",16,1,1,1,1,0,0.93631405476465
"28954","1325","Ec_N",483,34,34,"Ec",32,1,1,1,1,1,1
"28955","1325","Ec_N",483,35,35,"Ec",32,1,1,1,1,1,1
"28956","1325","Ec_N",483,36,36,"Ec",32,1,1,1,1,1,1
"28957","1325","Ec_N",483,37,37,"Ec",32,1,1,1,1,1,1
"28958","1325","Ec_N",483,38,38,"Ec",32,1,1,1,1,1,1
"28959","1325","Ec_N",483,39,39,"Ec",32,1,1,1,1,1,1
"28960","1325","Ec_N",483,40,40,"Ec",32,1,1,1,1,1,1
"28961","1325","Ec_N",483,41,41,"Ec",32,1,1,1,1,1,1
"28962","1325","Ec_N",483,42,42,"Ec",32,1,1,1,1,1,1
"28963","1325","Ec_N",483,43,43,"Ec",32,1,1,1,1,1,1
"28964","1325","Ec_N",483,44,44,"Ec",32,1,1,1,1,1,1
"28965","1325","Ec_N",483,45,45,"Ec",32,1,1,1,1,1,1
"28966","1325","Ec_N",483,46,46,"Ec",32,1,1,1,1,1,1
"28967","1325","Ec_N",483,47,47,"Ec",32,1,1,1,1,1,1
"28968","1325","Ec_N",483,48,48,"Ec",32,1,1,1,1,1,1
"28969","1325","Ec_N",483,49,49,"Ec",32,1,1,1,1,1,1
"28970","1325","Ec_N",483,50,50,"Ec",32,1,1,1,1,1,1
"28971","1325","Ec_N",483,51,51,"Ec",32,1,1,1,1,1,1
"28972","1325","Ec_N",483,52,52,"Ec",32,1,1,1,1,1,1
"28973","1325","Ec_N",483,53,53,"Ec",32,1,1,1,1,1,1
"28974","1325","Ec_N",483,54,54,"Ec",32,1,1,1,1,1,1
"28975","1325","Ec_N",483,55,55,"Ec",32,1,1,1,1,1,1
"28976","1325","Ec_N",483,56,56,"Ec",32,1,1,1,1,1,1
"28977","1325","Ec_N",483,57,57,"Ec",32,1,1,1,1,1,1
"28978","1325","Ec_N",483,58,58,"Ec",32,1,1,1,1,1,1
"28979","1325","Ec_N",483,59,59,"Ec",32,1,1,1,1,1,1
"28980","1325","Ec_N",483,60,60,"Ec",32,1,1,1,1,1,1
"28981","1325","Ec_N",484,1,1,"Ec",1,0,0,0,0,0,0
"28982","1325","Ec_N",484,2,2,"Ec",1,0,0,0,0,0,0
"28983","1325","Ec_N",484,3,3,"Ec",1,0,0,0,0,0,0
"28984","1325","Ec_N",484,4,4,"Ec",9,0,0,0,1,0,0.0490244839602376
"28985","1325","Ec_N",484,5,5,"Ec",9,0,0,0,1,0,0.0490244839602376
"28986","1325","Ec_N",484,6,6,"Ec",10,1,0,0,1,0,0.356246730064637
"28987","1325","Ec_N",484,7,7,"Ec",10,1,0,0,1,0,0.356246730064637
"28988","1325","Ec_N",484,8,8,"Ec",10,1,0,0,1,0,0.356246730064637
"28989","1325","Ec_N",484,9,9,"Ec",26,1,0,0,1,1,0.419932675299988
"28990","1325","Ec_N",484,10,10,"Ec",26,1,0,0,1,1,0.419932675299988
"28991","1325","Ec_N",484,11,11,"Ec",26,1,0,0,1,1,0.419932675299988
"28992","1325","Ec_N",484,12,12,"Ec",26,1,0,0,1,1,0.419932675299988
"28993","1325","Ec_N",484,13,13,"Ec",26,1,0,0,1,1,0.419932675299988
"28994","1325","Ec_N",484,14,14,"Ec",30,1,0,1,1,1,0.579561703752182
"28995","1325","Ec_N",484,15,15,"Ec",30,1,0,1,1,1,0.579561703752182
"28996","1325","Ec_N",484,16,16,"Ec",30,1,0,1,1,1,0.579561703752182
"28997","1325","Ec_N",484,17,17,"Ec",30,1,0,1,1,1,0.579561703752182
"28998","1325","Ec_N",484,18,18,"Ec",30,1,0,1,1,1,0.579561703752182
"28999","1325","Ec_N",484,19,19,"Ec",30,1,0,1,1,1,0.579561703752182
"29000","1325","Ec_N",484,20,20,"Ec",30,1,0,1,1,1,0.579561703752182
"29001","1325","Ec_N",484,21,21,"Ec",30,1,0,1,1,1,0.579561703752182
"29002","1325","Ec_N",484,22,22,"Ec",30,1,0,1,1,1,0.579561703752182
"29003","1325","Ec_N",484,23,23,"Ec",30,1,0,1,1,1,0.579561703752182
"29004","1325","Ec_N",484,24,24,"Ec",30,1,0,1,1,1,0.579561703752182
"29005","1325","Ec_N",484,25,25,"Ec",30,1,0,1,1,1,0.579561703752182
"29006","1325","Ec_N",484,26,26,"Ec",30,1,0,1,1,1,0.579561703752182
"29007","1325","Ec_N",484,27,27,"Ec",30,1,0,1,1,1,0.579561703752182
"29008","1325","Ec_N",484,28,28,"Ec",30,1,0,1,1,1,0.579561703752182
"29009","1325","Ec_N",484,29,29,"Ec",32,1,1,1,1,1,1
"29010","1325","Ec_N",484,30,30,"Ec",32,1,1,1,1,1,1
"29011","1325","Ec_N",484,31,31,"Ec",32,1,1,1,1,1,1
"29012","1325","Ec_N",484,32,32,"Ec",32,1,1,1,1,1,1
"29013","1325","Ec_N",484,33,33,"Ec",32,1,1,1,1,1,1
"29014","1325","Ec_N",484,34,34,"Ec",32,1,1,1,1,1,1
"29015","1325","Ec_N",484,35,35,"Ec",32,1,1,1,1,1,1
"29016","1325","Ec_N",484,36,36,"Ec",32,1,1,1,1,1,1
"29017","1325","Ec_N",484,37,37,"Ec",32,1,1,1,1,1,1
"29018","1325","Ec_N",484,38,38,"Ec",32,1,1,1,1,1,1
"29019","1325","Ec_N",484,39,39,"Ec",32,1,1,1,1,1,1
"29020","1325","Ec_N",484,40,40,"Ec",32,1,1,1,1,1,1
"29021","1325","Ec_N",484,41,41,"Ec",32,1,1,1,1,1,1
"29022","1325","Ec_N",484,42,42,"Ec",32,1,1,1,1,1,1
"29023","1325","Ec_N",484,43,43,"Ec",32,1,1,1,1,1,1
"29024","1325","Ec_N",484,44,44,"Ec",32,1,1,1,1,1,1
"29025","1325","Ec_N",484,45,45,"Ec",32,1,1,1,1,1,1
"29026","1325","Ec_N",484,46,46,"Ec",32,1,1,1,1,1,1
"29027","1325","Ec_N",484,47,47,"Ec",32,1,1,1,1,1,1
"29028","1325","Ec_N",484,48,48,"Ec",32,1,1,1,1,1,1
"29029","1325","Ec_N",484,49,49,"Ec",32,1,1,1,1,1,1
"29030","1325","Ec_N",484,50,50,"Ec",32,1,1,1,1,1,1
"29031","1325","Ec_N",484,51,51,"Ec",32,1,1,1,1,1,1
"29032","1325","Ec_N",484,52,52,"Ec",32,1,1,1,1,1,1
"29033","1325","Ec_N",484,53,53,"Ec",32,1,1,1,1,1,1
"29034","1325","Ec_N",484,54,54,"Ec",32,1,1,1,1,1,1
"29035","1325","Ec_N",484,55,55,"Ec",32,1,1,1,1,1,1
"29036","1325","Ec_N",484,56,56,"Ec",32,1,1,1,1,1,1
"29037","1325","Ec_N",484,57,57,"Ec",32,1,1,1,1,1,1
"29038","1325","Ec_N",484,58,58,"Ec",32,1,1,1,1,1,1
"29039","1325","Ec_N",484,59,59,"Ec",32,1,1,1,1,1,1
"29040","1325","Ec_N",484,60,60,"Ec",32,1,1,1,1,1,1
"29041","1325","Ec_N",485,1,1,"Ec",1,0,0,0,0,0,0
"29042","1325","Ec_N",485,2,2,"Ec",1,0,0,0,0,0,0
"29043","1325","Ec_N",485,3,3,"Ec",1,0,0,0,0,0,0
"29044","1325","Ec_N",485,4,4,"Ec",1,0,0,0,0,0,0
"29045","1325","Ec_N",485,5,5,"Ec",1,0,0,0,0,0,0
"29046","1325","Ec_N",485,6,6,"Ec",1,0,0,0,0,0,0
"29047","1325","Ec_N",485,7,7,"Ec",1,0,0,0,0,0,0
"29048","1325","Ec_N",485,8,8,"Ec",1,0,0,0,0,0,0
"29049","1325","Ec_N",485,9,9,"Ec",3,0,1,0,0,0,0.420438296247818
"29050","1325","Ec_N",485,10,10,"Ec",3,0,1,0,0,0,0.420438296247818
"29051","1325","Ec_N",485,11,11,"Ec",3,0,1,0,0,0,0.420438296247818
"29052","1325","Ec_N",485,12,12,"Ec",3,0,1,0,0,0,0.420438296247818
"29053","1325","Ec_N",485,13,13,"Ec",3,0,1,0,0,0,0.420438296247818
"29054","1325","Ec_N",485,14,14,"Ec",3,0,1,0,0,0,0.420438296247818
"29055","1325","Ec_N",485,15,15,"Ec",3,0,1,0,0,0,0.420438296247818
"29056","1325","Ec_N",485,16,16,"Ec",3,0,1,0,0,0,0.420438296247818
"29057","1325","Ec_N",485,17,17,"Ec",3,0,1,0,0,0,0.420438296247818
"29058","1325","Ec_N",485,18,18,"Ec",3,0,1,0,0,0,0.420438296247818
"29059","1325","Ec_N",485,19,19,"Ec",3,0,1,0,0,0,0.420438296247818
"29060","1325","Ec_N",485,20,20,"Ec",3,0,1,0,0,0,0.420438296247818
"29061","1325","Ec_N",485,21,21,"Ec",3,0,1,0,0,0,0.420438296247818
"29062","1325","Ec_N",485,22,22,"Ec",3,0,1,0,0,0,0.420438296247818
"29063","1325","Ec_N",485,23,23,"Ec",3,0,1,0,0,0,0.420438296247818
"29064","1325","Ec_N",485,24,24,"Ec",3,0,1,0,0,0,0.420438296247818
"29065","1325","Ec_N",485,25,25,"Ec",3,0,1,0,0,0,0.420438296247818
"29066","1325","Ec_N",485,26,26,"Ec",3,0,1,0,0,0,0.420438296247818
"29067","1325","Ec_N",485,27,27,"Ec",3,0,1,0,0,0,0.420438296247818
"29068","1325","Ec_N",485,28,28,"Ec",3,0,1,0,0,0,0.420438296247818
"29069","1325","Ec_N",485,29,29,"Ec",3,0,1,0,0,0,0.420438296247818
"29070","1325","Ec_N",485,30,30,"Ec",3,0,1,0,0,0,0.420438296247818
"29071","1325","Ec_N",485,31,31,"Ec",3,0,1,0,0,0,0.420438296247818
"29072","1325","Ec_N",485,32,32,"Ec",3,0,1,0,0,0,0.420438296247818
"29073","1325","Ec_N",485,33,33,"Ec",19,0,1,0,0,1,0.484124241483168
"29074","1325","Ec_N",485,34,34,"Ec",19,0,1,0,0,1,0.484124241483168
"29075","1325","Ec_N",485,35,35,"Ec",19,0,1,0,0,1,0.484124241483168
"29076","1325","Ec_N",485,36,36,"Ec",19,0,1,0,0,1,0.484124241483168
"29077","1325","Ec_N",485,37,37,"Ec",19,0,1,0,0,1,0.484124241483168
"29078","1325","Ec_N",485,38,38,"Ec",19,0,1,0,0,1,0.484124241483168
"29079","1325","Ec_N",485,39,39,"Ec",19,0,1,0,0,1,0.484124241483168
"29080","1325","Ec_N",485,40,40,"Ec",19,0,1,0,0,1,0.484124241483168
"29081","1325","Ec_N",485,41,41,"Ec",19,0,1,0,0,1,0.484124241483168
"29082","1325","Ec_N",485,42,42,"Ec",19,0,1,0,0,1,0.484124241483168
"29083","1325","Ec_N",485,43,43,"Ec",19,0,1,0,0,1,0.484124241483168
"29084","1325","Ec_N",485,44,44,"Ec",19,0,1,0,0,1,0.484124241483168
"29085","1325","Ec_N",485,45,45,"Ec",19,0,1,0,0,1,0.484124241483168
"29086","1325","Ec_N",485,46,46,"Ec",19,0,1,0,0,1,0.484124241483168
"29087","1325","Ec_N",485,47,47,"Ec",19,0,1,0,0,1,0.484124241483168
"29088","1325","Ec_N",485,48,48,"Ec",19,0,1,0,0,1,0.484124241483168
"29089","1325","Ec_N",485,49,49,"Ec",19,0,1,0,0,1,0.484124241483168
"29090","1325","Ec_N",485,50,50,"Ec",19,0,1,0,0,1,0.484124241483168
"29091","1325","Ec_N",485,51,51,"Ec",19,0,1,0,0,1,0.484124241483168
"29092","1325","Ec_N",485,52,52,"Ec",27,0,1,0,1,1,0.533148725443406
"29093","1325","Ec_N",485,53,53,"Ec",27,0,1,0,1,1,0.533148725443406
"29094","1325","Ec_N",485,54,54,"Ec",27,0,1,0,1,1,0.533148725443406
"29095","1325","Ec_N",485,55,55,"Ec",27,0,1,0,1,1,0.533148725443406
"29096","1325","Ec_N",485,56,56,"Ec",27,0,1,0,1,1,0.533148725443406
"29097","1325","Ec_N",485,57,57,"Ec",27,0,1,0,1,1,0.533148725443406
"29098","1325","Ec_N",485,58,58,"Ec",27,0,1,0,1,1,0.533148725443406
"29099","1325","Ec_N",485,59,59,"Ec",27,0,1,0,1,1,0.533148725443406
"29100","1325","Ec_N",485,60,60,"Ec",28,1,1,0,1,1,0.815884725734249
"29101","1325","Ec_N",486,1,1,"Ec",1,0,0,0,0,0,0
"29102","1325","Ec_N",486,2,2,"Ec",1,0,0,0,0,0,0
"29103","1325","Ec_N",486,3,3,"Ec",1,0,0,0,0,0,0
"29104","1325","Ec_N",486,4,4,"Ec",1,0,0,0,0,0,0
"29105","1325","Ec_N",486,5,5,"Ec",1,0,0,0,0,0,0
"29106","1325","Ec_N",486,6,6,"Ec",1,0,0,0,0,0,0
"29107","1325","Ec_N",486,7,7,"Ec",1,0,0,0,0,0,0
"29108","1325","Ec_N",486,8,8,"Ec",1,0,0,0,0,0,0
"29109","1325","Ec_N",486,9,9,"Ec",3,0,1,0,0,0,0.420438296247818
"29110","1325","Ec_N",486,10,10,"Ec",3,0,1,0,0,0,0.420438296247818
"29111","1325","Ec_N",486,11,11,"Ec",3,0,1,0,0,0,0.420438296247818
"29112","1325","Ec_N",486,12,12,"Ec",3,0,1,0,0,0,0.420438296247818
"29113","1325","Ec_N",486,13,13,"Ec",3,0,1,0,0,0,0.420438296247818
"29114","1325","Ec_N",486,14,14,"Ec",3,0,1,0,0,0,0.420438296247818
"29115","1325","Ec_N",486,15,15,"Ec",3,0,1,0,0,0,0.420438296247818
"29116","1325","Ec_N",486,16,16,"Ec",4,1,1,0,0,0,0.727660542352217
"29117","1325","Ec_N",486,17,17,"Ec",4,1,1,0,0,0,0.727660542352217
"29118","1325","Ec_N",486,18,18,"Ec",4,1,1,0,0,0,0.727660542352217
"29119","1325","Ec_N",486,19,19,"Ec",4,1,1,0,0,0,0.727660542352217
"29120","1325","Ec_N",486,20,20,"Ec",4,1,1,0,0,0,0.727660542352217
"29121","1325","Ec_N",486,21,21,"Ec",4,1,1,0,0,0,0.727660542352217
"29122","1325","Ec_N",486,22,22,"Ec",4,1,1,0,0,0,0.727660542352217
"29123","1325","Ec_N",486,23,23,"Ec",4,1,1,0,0,0,0.727660542352217
"29124","1325","Ec_N",486,24,24,"Ec",4,1,1,0,0,0,0.727660542352217
"29125","1325","Ec_N",486,25,25,"Ec",8,1,1,1,0,0,0.887289570804412
"29126","1325","Ec_N",486,26,26,"Ec",8,1,1,1,0,0,0.887289570804412
"29127","1325","Ec_N",486,27,27,"Ec",8,1,1,1,0,0,0.887289570804412
"29128","1325","Ec_N",486,28,28,"Ec",8,1,1,1,0,0,0.887289570804412
"29129","1325","Ec_N",486,29,29,"Ec",8,1,1,1,0,0,0.887289570804412
"29130","1325","Ec_N",486,30,30,"Ec",16,1,1,1,1,0,0.93631405476465
"29131","1325","Ec_N",486,31,31,"Ec",16,1,1,1,1,0,0.93631405476465
"29132","1325","Ec_N",486,32,32,"Ec",16,1,1,1,1,0,0.93631405476465
"29133","1325","Ec_N",486,33,33,"Ec",16,1,1,1,1,0,0.93631405476465
"29134","1325","Ec_N",486,34,34,"Ec",16,1,1,1,1,0,0.93631405476465
"29135","1325","Ec_N",486,35,35,"Ec",16,1,1,1,1,0,0.93631405476465
"29136","1325","Ec_N",486,36,36,"Ec",16,1,1,1,1,0,0.93631405476465
"29137","1325","Ec_N",486,37,37,"Ec",16,1,1,1,1,0,0.93631405476465
"29138","1325","Ec_N",486,38,38,"Ec",16,1,1,1,1,0,0.93631405476465
"29139","1325","Ec_N",486,39,39,"Ec",16,1,1,1,1,0,0.93631405476465
"29140","1325","Ec_N",486,40,40,"Ec",16,1,1,1,1,0,0.93631405476465
"29141","1325","Ec_N",486,41,41,"Ec",16,1,1,1,1,0,0.93631405476465
"29142","1325","Ec_N",486,42,42,"Ec",16,1,1,1,1,0,0.93631405476465
"29143","1325","Ec_N",486,43,43,"Ec",16,1,1,1,1,0,0.93631405476465
"29144","1325","Ec_N",486,44,44,"Ec",16,1,1,1,1,0,0.93631405476465
"29145","1325","Ec_N",486,45,45,"Ec",16,1,1,1,1,0,0.93631405476465
"29146","1325","Ec_N",486,46,46,"Ec",16,1,1,1,1,0,0.93631405476465
"29147","1325","Ec_N",486,47,47,"Ec",16,1,1,1,1,0,0.93631405476465
"29148","1325","Ec_N",486,48,48,"Ec",16,1,1,1,1,0,0.93631405476465
"29149","1325","Ec_N",486,49,49,"Ec",16,1,1,1,1,0,0.93631405476465
"29150","1325","Ec_N",486,50,50,"Ec",16,1,1,1,1,0,0.93631405476465
"29151","1325","Ec_N",486,51,51,"Ec",16,1,1,1,1,0,0.93631405476465
"29152","1325","Ec_N",486,52,52,"Ec",16,1,1,1,1,0,0.93631405476465
"29153","1325","Ec_N",486,53,53,"Ec",16,1,1,1,1,0,0.93631405476465
"29154","1325","Ec_N",486,54,54,"Ec",16,1,1,1,1,0,0.93631405476465
"29155","1325","Ec_N",486,55,55,"Ec",16,1,1,1,1,0,0.93631405476465
"29156","1325","Ec_N",486,56,56,"Ec",16,1,1,1,1,0,0.93631405476465
"29157","1325","Ec_N",486,57,57,"Ec",16,1,1,1,1,0,0.93631405476465
"29158","1325","Ec_N",486,58,58,"Ec",16,1,1,1,1,0,0.93631405476465
"29159","1325","Ec_N",486,59,59,"Ec",16,1,1,1,1,0,0.93631405476465
"29160","1325","Ec_N",486,60,60,"Ec",16,1,1,1,1,0,0.93631405476465
"29161","1325","Ec_N",487,1,1,"Ec",1,0,0,0,0,0,0
"29162","1325","Ec_N",487,2,2,"Ec",1,0,0,0,0,0,0
"29163","1325","Ec_N",487,3,3,"Ec",1,0,0,0,0,0,0
"29164","1325","Ec_N",487,4,4,"Ec",1,0,0,0,0,0,0
"29165","1325","Ec_N",487,5,5,"Ec",1,0,0,0,0,0,0
"29166","1325","Ec_N",487,6,6,"Ec",1,0,0,0,0,0,0
"29167","1325","Ec_N",487,7,7,"Ec",1,0,0,0,0,0,0
"29168","1325","Ec_N",487,8,8,"Ec",1,0,0,0,0,0,0
"29169","1325","Ec_N",487,9,9,"Ec",1,0,0,0,0,0,0
"29170","1325","Ec_N",487,10,10,"Ec",1,0,0,0,0,0,0
"29171","1325","Ec_N",487,11,11,"Ec",1,0,0,0,0,0,0
"29172","1325","Ec_N",487,12,12,"Ec",3,0,1,0,0,0,0.420438296247818
"29173","1325","Ec_N",487,13,13,"Ec",3,0,1,0,0,0,0.420438296247818
"29174","1325","Ec_N",487,14,14,"Ec",3,0,1,0,0,0,0.420438296247818
"29175","1325","Ec_N",487,15,15,"Ec",19,0,1,0,0,1,0.484124241483168
"29176","1325","Ec_N",487,16,16,"Ec",19,0,1,0,0,1,0.484124241483168
"29177","1325","Ec_N",487,17,17,"Ec",19,0,1,0,0,1,0.484124241483168
"29178","1325","Ec_N",487,18,18,"Ec",19,0,1,0,0,1,0.484124241483168
"29179","1325","Ec_N",487,19,19,"Ec",19,0,1,0,0,1,0.484124241483168
"29180","1325","Ec_N",487,20,20,"Ec",19,0,1,0,0,1,0.484124241483168
"29181","1325","Ec_N",487,21,21,"Ec",19,0,1,0,0,1,0.484124241483168
"29182","1325","Ec_N",487,22,22,"Ec",19,0,1,0,0,1,0.484124241483168
"29183","1325","Ec_N",487,23,23,"Ec",20,1,1,0,0,1,0.791346487587567
"29184","1325","Ec_N",487,24,24,"Ec",20,1,1,0,0,1,0.791346487587567
"29185","1325","Ec_N",487,25,25,"Ec",20,1,1,0,0,1,0.791346487587567
"29186","1325","Ec_N",487,26,26,"Ec",20,1,1,0,0,1,0.791346487587567
"29187","1325","Ec_N",487,27,27,"Ec",20,1,1,0,0,1,0.791346487587567
"29188","1325","Ec_N",487,28,28,"Ec",20,1,1,0,0,1,0.791346487587567
"29189","1325","Ec_N",487,29,29,"Ec",20,1,1,0,0,1,0.791346487587567
"29190","1325","Ec_N",487,30,30,"Ec",20,1,1,0,0,1,0.791346487587567
"29191","1325","Ec_N",487,31,31,"Ec",20,1,1,0,0,1,0.791346487587567
"29192","1325","Ec_N",487,32,32,"Ec",20,1,1,0,0,1,0.791346487587567
"29193","1325","Ec_N",487,33,33,"Ec",20,1,1,0,0,1,0.791346487587567
"29194","1325","Ec_N",487,34,34,"Ec",20,1,1,0,0,1,0.791346487587567
"29195","1325","Ec_N",487,35,35,"Ec",20,1,1,0,0,1,0.791346487587567
"29196","1325","Ec_N",487,36,36,"Ec",20,1,1,0,0,1,0.791346487587567
"29197","1325","Ec_N",487,37,37,"Ec",20,1,1,0,0,1,0.791346487587567
"29198","1325","Ec_N",487,38,38,"Ec",20,1,1,0,0,1,0.791346487587567
"29199","1325","Ec_N",487,39,39,"Ec",20,1,1,0,0,1,0.791346487587567
"29200","1325","Ec_N",487,40,40,"Ec",20,1,1,0,0,1,0.791346487587567
"29201","1325","Ec_N",487,41,41,"Ec",20,1,1,0,0,1,0.791346487587567
"29202","1325","Ec_N",487,42,42,"Ec",20,1,1,0,0,1,0.791346487587567
"29203","1325","Ec_N",487,43,43,"Ec",20,1,1,0,0,1,0.791346487587567
"29204","1325","Ec_N",487,44,44,"Ec",20,1,1,0,0,1,0.791346487587567
"29205","1325","Ec_N",487,45,45,"Ec",20,1,1,0,0,1,0.791346487587567
"29206","1325","Ec_N",487,46,46,"Ec",20,1,1,0,0,1,0.791346487587567
"29207","1325","Ec_N",487,47,47,"Ec",20,1,1,0,0,1,0.791346487587567
"29208","1325","Ec_N",487,48,48,"Ec",20,1,1,0,0,1,0.791346487587567
"29209","1325","Ec_N",487,49,49,"Ec",20,1,1,0,0,1,0.791346487587567
"29210","1325","Ec_N",487,50,50,"Ec",20,1,1,0,0,1,0.791346487587567
"29211","1325","Ec_N",487,51,51,"Ec",20,1,1,0,0,1,0.791346487587567
"29212","1325","Ec_N",487,52,52,"Ec",20,1,1,0,0,1,0.791346487587567
"29213","1325","Ec_N",487,53,53,"Ec",20,1,1,0,0,1,0.791346487587567
"29214","1325","Ec_N",487,54,54,"Ec",20,1,1,0,0,1,0.791346487587567
"29215","1325","Ec_N",487,55,55,"Ec",20,1,1,0,0,1,0.791346487587567
"29216","1325","Ec_N",487,56,56,"Ec",20,1,1,0,0,1,0.791346487587567
"29217","1325","Ec_N",487,57,57,"Ec",20,1,1,0,0,1,0.791346487587567
"29218","1325","Ec_N",487,58,58,"Ec",20,1,1,0,0,1,0.791346487587567
"29219","1325","Ec_N",487,59,59,"Ec",20,1,1,0,0,1,0.791346487587567
"29220","1325","Ec_N",487,60,60,"Ec",20,1,1,0,0,1,0.791346487587567
"29221","1325","Ec_N",488,1,1,"Ec",1,0,0,0,0,0,0
"29222","1325","Ec_N",488,2,2,"Ec",17,0,0,0,0,1,0.0636859452353503
"29223","1325","Ec_N",488,3,3,"Ec",17,0,0,0,0,1,0.0636859452353503
"29224","1325","Ec_N",488,4,4,"Ec",17,0,0,0,0,1,0.0636859452353503
"29225","1325","Ec_N",488,5,5,"Ec",17,0,0,0,0,1,0.0636859452353503
"29226","1325","Ec_N",488,6,6,"Ec",17,0,0,0,0,1,0.0636859452353503
"29227","1325","Ec_N",488,7,7,"Ec",17,0,0,0,0,1,0.0636859452353503
"29228","1325","Ec_N",488,8,8,"Ec",17,0,0,0,0,1,0.0636859452353503
"29229","1325","Ec_N",488,9,9,"Ec",17,0,0,0,0,1,0.0636859452353503
"29230","1325","Ec_N",488,10,10,"Ec",17,0,0,0,0,1,0.0636859452353503
"29231","1325","Ec_N",488,11,11,"Ec",17,0,0,0,0,1,0.0636859452353503
"29232","1325","Ec_N",488,12,12,"Ec",18,1,0,0,0,1,0.37090819133975
"29233","1325","Ec_N",488,13,13,"Ec",18,1,0,0,0,1,0.37090819133975
"29234","1325","Ec_N",488,14,14,"Ec",18,1,0,0,0,1,0.37090819133975
"29235","1325","Ec_N",488,15,15,"Ec",18,1,0,0,0,1,0.37090819133975
"29236","1325","Ec_N",488,16,16,"Ec",18,1,0,0,0,1,0.37090819133975
"29237","1325","Ec_N",488,17,17,"Ec",18,1,0,0,0,1,0.37090819133975
"29238","1325","Ec_N",488,18,18,"Ec",26,1,0,0,1,1,0.419932675299988
"29239","1325","Ec_N",488,19,19,"Ec",26,1,0,0,1,1,0.419932675299988
"29240","1325","Ec_N",488,20,20,"Ec",26,1,0,0,1,1,0.419932675299988
"29241","1325","Ec_N",488,21,21,"Ec",26,1,0,0,1,1,0.419932675299988
"29242","1325","Ec_N",488,22,22,"Ec",26,1,0,0,1,1,0.419932675299988
"29243","1325","Ec_N",488,23,23,"Ec",26,1,0,0,1,1,0.419932675299988
"29244","1325","Ec_N",488,24,24,"Ec",26,1,0,0,1,1,0.419932675299988
"29245","1325","Ec_N",488,25,25,"Ec",26,1,0,0,1,1,0.419932675299988
"29246","1325","Ec_N",488,26,26,"Ec",26,1,0,0,1,1,0.419932675299988
"29247","1325","Ec_N",488,27,27,"Ec",26,1,0,0,1,1,0.419932675299988
"29248","1325","Ec_N",488,28,28,"Ec",26,1,0,0,1,1,0.419932675299988
"29249","1325","Ec_N",488,29,29,"Ec",26,1,0,0,1,1,0.419932675299988
"29250","1325","Ec_N",488,30,30,"Ec",26,1,0,0,1,1,0.419932675299988
"29251","1325","Ec_N",488,31,31,"Ec",26,1,0,0,1,1,0.419932675299988
"29252","1325","Ec_N",488,32,32,"Ec",26,1,0,0,1,1,0.419932675299988
"29253","1325","Ec_N",488,33,33,"Ec",26,1,0,0,1,1,0.419932675299988
"29254","1325","Ec_N",488,34,34,"Ec",26,1,0,0,1,1,0.419932675299988
"29255","1325","Ec_N",488,35,35,"Ec",26,1,0,0,1,1,0.419932675299988
"29256","1325","Ec_N",488,36,36,"Ec",26,1,0,0,1,1,0.419932675299988
"29257","1325","Ec_N",488,37,37,"Ec",26,1,0,0,1,1,0.419932675299988
"29258","1325","Ec_N",488,38,38,"Ec",26,1,0,0,1,1,0.419932675299988
"29259","1325","Ec_N",488,39,39,"Ec",26,1,0,0,1,1,0.419932675299988
"29260","1325","Ec_N",488,40,40,"Ec",26,1,0,0,1,1,0.419932675299988
"29261","1325","Ec_N",488,41,41,"Ec",26,1,0,0,1,1,0.419932675299988
"29262","1325","Ec_N",488,42,42,"Ec",26,1,0,0,1,1,0.419932675299988
"29263","1325","Ec_N",488,43,43,"Ec",28,1,1,0,1,1,0.815884725734249
"29264","1325","Ec_N",488,44,44,"Ec",28,1,1,0,1,1,0.815884725734249
"29265","1325","Ec_N",488,45,45,"Ec",32,1,1,1,1,1,1
"29266","1325","Ec_N",488,46,46,"Ec",32,1,1,1,1,1,1
"29267","1325","Ec_N",488,47,47,"Ec",32,1,1,1,1,1,1
"29268","1325","Ec_N",488,48,48,"Ec",32,1,1,1,1,1,1
"29269","1325","Ec_N",488,49,49,"Ec",32,1,1,1,1,1,1
"29270","1325","Ec_N",488,50,50,"Ec",32,1,1,1,1,1,1
"29271","1325","Ec_N",488,51,51,"Ec",32,1,1,1,1,1,1
"29272","1325","Ec_N",488,52,52,"Ec",32,1,1,1,1,1,1
"29273","1325","Ec_N",488,53,53,"Ec",32,1,1,1,1,1,1
"29274","1325","Ec_N",488,54,54,"Ec",32,1,1,1,1,1,1
"29275","1325","Ec_N",488,55,55,"Ec",32,1,1,1,1,1,1
"29276","1325","Ec_N",488,56,56,"Ec",32,1,1,1,1,1,1
"29277","1325","Ec_N",488,57,57,"Ec",32,1,1,1,1,1,1
"29278","1325","Ec_N",488,58,58,"Ec",32,1,1,1,1,1,1
"29279","1325","Ec_N",488,59,59,"Ec",32,1,1,1,1,1,1
"29280","1325","Ec_N",488,60,60,"Ec",32,1,1,1,1,1,1
"29281","1325","Ec_N",489,1,1,"Ec",1,0,0,0,0,0,0
"29282","1325","Ec_N",489,2,2,"Ec",1,0,0,0,0,0,0
"29283","1325","Ec_N",489,3,3,"Ec",1,0,0,0,0,0,0
"29284","1325","Ec_N",489,4,4,"Ec",2,1,0,0,0,0,0.3072222461044
"29285","1325","Ec_N",489,5,5,"Ec",2,1,0,0,0,0,0.3072222461044
"29286","1325","Ec_N",489,6,6,"Ec",2,1,0,0,0,0,0.3072222461044
"29287","1325","Ec_N",489,7,7,"Ec",2,1,0,0,0,0,0.3072222461044
"29288","1325","Ec_N",489,8,8,"Ec",2,1,0,0,0,0,0.3072222461044
"29289","1325","Ec_N",489,9,9,"Ec",2,1,0,0,0,0,0.3072222461044
"29290","1325","Ec_N",489,10,10,"Ec",2,1,0,0,0,0,0.3072222461044
"29291","1325","Ec_N",489,11,11,"Ec",2,1,0,0,0,0,0.3072222461044
"29292","1325","Ec_N",489,12,12,"Ec",2,1,0,0,0,0,0.3072222461044
"29293","1325","Ec_N",489,13,13,"Ec",2,1,0,0,0,0,0.3072222461044
"29294","1325","Ec_N",489,14,14,"Ec",2,1,0,0,0,0,0.3072222461044
"29295","1325","Ec_N",489,15,15,"Ec",2,1,0,0,0,0,0.3072222461044
"29296","1325","Ec_N",489,16,16,"Ec",2,1,0,0,0,0,0.3072222461044
"29297","1325","Ec_N",489,17,17,"Ec",2,1,0,0,0,0,0.3072222461044
"29298","1325","Ec_N",489,18,18,"Ec",2,1,0,0,0,0,0.3072222461044
"29299","1325","Ec_N",489,19,19,"Ec",2,1,0,0,0,0,0.3072222461044
"29300","1325","Ec_N",489,20,20,"Ec",18,1,0,0,0,1,0.37090819133975
"29301","1325","Ec_N",489,21,21,"Ec",18,1,0,0,0,1,0.37090819133975
"29302","1325","Ec_N",489,22,22,"Ec",18,1,0,0,0,1,0.37090819133975
"29303","1325","Ec_N",489,23,23,"Ec",18,1,0,0,0,1,0.37090819133975
"29304","1325","Ec_N",489,24,24,"Ec",20,1,1,0,0,1,0.791346487587567
"29305","1325","Ec_N",489,25,25,"Ec",20,1,1,0,0,1,0.791346487587567
"29306","1325","Ec_N",489,26,26,"Ec",20,1,1,0,0,1,0.791346487587567
"29307","1325","Ec_N",489,27,27,"Ec",20,1,1,0,0,1,0.791346487587567
"29308","1325","Ec_N",489,28,28,"Ec",20,1,1,0,0,1,0.791346487587567
"29309","1325","Ec_N",489,29,29,"Ec",28,1,1,0,1,1,0.815884725734249
"29310","1325","Ec_N",489,30,30,"Ec",28,1,1,0,1,1,0.815884725734249
"29311","1325","Ec_N",489,31,31,"Ec",32,1,1,1,1,1,1
"29312","1325","Ec_N",489,32,32,"Ec",32,1,1,1,1,1,1
"29313","1325","Ec_N",489,33,33,"Ec",32,1,1,1,1,1,1
"29314","1325","Ec_N",489,34,34,"Ec",32,1,1,1,1,1,1
"29315","1325","Ec_N",489,35,35,"Ec",32,1,1,1,1,1,1
"29316","1325","Ec_N",489,36,36,"Ec",32,1,1,1,1,1,1
"29317","1325","Ec_N",489,37,37,"Ec",32,1,1,1,1,1,1
"29318","1325","Ec_N",489,38,38,"Ec",32,1,1,1,1,1,1
"29319","1325","Ec_N",489,39,39,"Ec",32,1,1,1,1,1,1
"29320","1325","Ec_N",489,40,40,"Ec",32,1,1,1,1,1,1
"29321","1325","Ec_N",489,41,41,"Ec",32,1,1,1,1,1,1
"29322","1325","Ec_N",489,42,42,"Ec",32,1,1,1,1,1,1
"29323","1325","Ec_N",489,43,43,"Ec",32,1,1,1,1,1,1
"29324","1325","Ec_N",489,44,44,"Ec",32,1,1,1,1,1,1
"29325","1325","Ec_N",489,45,45,"Ec",32,1,1,1,1,1,1
"29326","1325","Ec_N",489,46,46,"Ec",32,1,1,1,1,1,1
"29327","1325","Ec_N",489,47,47,"Ec",32,1,1,1,1,1,1
"29328","1325","Ec_N",489,48,48,"Ec",32,1,1,1,1,1,1
"29329","1325","Ec_N",489,49,49,"Ec",32,1,1,1,1,1,1
"29330","1325","Ec_N",489,50,50,"Ec",32,1,1,1,1,1,1
"29331","1325","Ec_N",489,51,51,"Ec",32,1,1,1,1,1,1
"29332","1325","Ec_N",489,52,52,"Ec",32,1,1,1,1,1,1
"29333","1325","Ec_N",489,53,53,"Ec",32,1,1,1,1,1,1
"29334","1325","Ec_N",489,54,54,"Ec",32,1,1,1,1,1,1
"29335","1325","Ec_N",489,55,55,"Ec",32,1,1,1,1,1,1
"29336","1325","Ec_N",489,56,56,"Ec",32,1,1,1,1,1,1
"29337","1325","Ec_N",489,57,57,"Ec",32,1,1,1,1,1,1
"29338","1325","Ec_N",489,58,58,"Ec",32,1,1,1,1,1,1
"29339","1325","Ec_N",489,59,59,"Ec",32,1,1,1,1,1,1
"29340","1325","Ec_N",489,60,60,"Ec",32,1,1,1,1,1,1
"29341","1325","Ec_N",490,1,1,"Ec",1,0,0,0,0,0,0
"29342","1325","Ec_N",490,2,2,"Ec",1,0,0,0,0,0,0
"29343","1325","Ec_N",490,3,3,"Ec",1,0,0,0,0,0,0
"29344","1325","Ec_N",490,4,4,"Ec",1,0,0,0,0,0,0
"29345","1325","Ec_N",490,5,5,"Ec",1,0,0,0,0,0,0
"29346","1325","Ec_N",490,6,6,"Ec",1,0,0,0,0,0,0
"29347","1325","Ec_N",490,7,7,"Ec",1,0,0,0,0,0,0
"29348","1325","Ec_N",490,8,8,"Ec",1,0,0,0,0,0,0
"29349","1325","Ec_N",490,9,9,"Ec",1,0,0,0,0,0,0
"29350","1325","Ec_N",490,10,10,"Ec",1,0,0,0,0,0,0
"29351","1325","Ec_N",490,11,11,"Ec",2,1,0,0,0,0,0.3072222461044
"29352","1325","Ec_N",490,12,12,"Ec",2,1,0,0,0,0,0.3072222461044
"29353","1325","Ec_N",490,13,13,"Ec",2,1,0,0,0,0,0.3072222461044
"29354","1325","Ec_N",490,14,14,"Ec",2,1,0,0,0,0,0.3072222461044
"29355","1325","Ec_N",490,15,15,"Ec",2,1,0,0,0,0,0.3072222461044
"29356","1325","Ec_N",490,16,16,"Ec",2,1,0,0,0,0,0.3072222461044
"29357","1325","Ec_N",490,17,17,"Ec",2,1,0,0,0,0,0.3072222461044
"29358","1325","Ec_N",490,18,18,"Ec",2,1,0,0,0,0,0.3072222461044
"29359","1325","Ec_N",490,19,19,"Ec",2,1,0,0,0,0,0.3072222461044
"29360","1325","Ec_N",490,20,20,"Ec",18,1,0,0,0,1,0.37090819133975
"29361","1325","Ec_N",490,21,21,"Ec",18,1,0,0,0,1,0.37090819133975
"29362","1325","Ec_N",490,22,22,"Ec",18,1,0,0,0,1,0.37090819133975
"29363","1325","Ec_N",490,23,23,"Ec",18,1,0,0,0,1,0.37090819133975
"29364","1325","Ec_N",490,24,24,"Ec",22,1,0,1,0,1,0.530537219791945
"29365","1325","Ec_N",490,25,25,"Ec",22,1,0,1,0,1,0.530537219791945
"29366","1325","Ec_N",490,26,26,"Ec",22,1,0,1,0,1,0.530537219791945
"29367","1325","Ec_N",490,27,27,"Ec",22,1,0,1,0,1,0.530537219791945
"29368","1325","Ec_N",490,28,28,"Ec",22,1,0,1,0,1,0.530537219791945
"29369","1325","Ec_N",490,29,29,"Ec",22,1,0,1,0,1,0.530537219791945
"29370","1325","Ec_N",490,30,30,"Ec",22,1,0,1,0,1,0.530537219791945
"29371","1325","Ec_N",490,31,31,"Ec",22,1,0,1,0,1,0.530537219791945
"29372","1325","Ec_N",490,32,32,"Ec",22,1,0,1,0,1,0.530537219791945
"29373","1325","Ec_N",490,33,33,"Ec",22,1,0,1,0,1,0.530537219791945
"29374","1325","Ec_N",490,34,34,"Ec",22,1,0,1,0,1,0.530537219791945
"29375","1325","Ec_N",490,35,35,"Ec",22,1,0,1,0,1,0.530537219791945
"29376","1325","Ec_N",490,36,36,"Ec",22,1,0,1,0,1,0.530537219791945
"29377","1325","Ec_N",490,37,37,"Ec",22,1,0,1,0,1,0.530537219791945
"29378","1325","Ec_N",490,38,38,"Ec",22,1,0,1,0,1,0.530537219791945
"29379","1325","Ec_N",490,39,39,"Ec",22,1,0,1,0,1,0.530537219791945
"29380","1325","Ec_N",490,40,40,"Ec",22,1,0,1,0,1,0.530537219791945
"29381","1325","Ec_N",490,41,41,"Ec",22,1,0,1,0,1,0.530537219791945
"29382","1325","Ec_N",490,42,42,"Ec",22,1,0,1,0,1,0.530537219791945
"29383","1325","Ec_N",490,43,43,"Ec",22,1,0,1,0,1,0.530537219791945
"29384","1325","Ec_N",490,44,44,"Ec",22,1,0,1,0,1,0.530537219791945
"29385","1325","Ec_N",490,45,45,"Ec",22,1,0,1,0,1,0.530537219791945
"29386","1325","Ec_N",490,46,46,"Ec",22,1,0,1,0,1,0.530537219791945
"29387","1325","Ec_N",490,47,47,"Ec",22,1,0,1,0,1,0.530537219791945
"29388","1325","Ec_N",490,48,48,"Ec",22,1,0,1,0,1,0.530537219791945
"29389","1325","Ec_N",490,49,49,"Ec",22,1,0,1,0,1,0.530537219791945
"29390","1325","Ec_N",490,50,50,"Ec",22,1,0,1,0,1,0.530537219791945
"29391","1325","Ec_N",490,51,51,"Ec",22,1,0,1,0,1,0.530537219791945
"29392","1325","Ec_N",490,52,52,"Ec",22,1,0,1,0,1,0.530537219791945
"29393","1325","Ec_N",490,53,53,"Ec",22,1,0,1,0,1,0.530537219791945
"29394","1325","Ec_N",490,54,54,"Ec",22,1,0,1,0,1,0.530537219791945
"29395","1325","Ec_N",490,55,55,"Ec",22,1,0,1,0,1,0.530537219791945
"29396","1325","Ec_N",490,56,56,"Ec",22,1,0,1,0,1,0.530537219791945
"29397","1325","Ec_N",490,57,57,"Ec",22,1,0,1,0,1,0.530537219791945
"29398","1325","Ec_N",490,58,58,"Ec",24,1,1,1,0,1,0.872975948786018
"29399","1325","Ec_N",490,59,59,"Ec",24,1,1,1,0,1,0.872975948786018
"29400","1325","Ec_N",490,60,60,"Ec",24,1,1,1,0,1,0.872975948786018
"29401","1325","Ec_N",491,1,1,"Ec",1,0,0,0,0,0,0
"29402","1325","Ec_N",491,2,2,"Ec",3,0,1,0,0,0,0.420438296247818
"29403","1325","Ec_N",491,3,3,"Ec",7,0,1,1,0,0,0.580067324700012
"29404","1325","Ec_N",491,4,4,"Ec",7,0,1,1,0,0,0.580067324700012
"29405","1325","Ec_N",491,5,5,"Ec",7,0,1,1,0,0,0.580067324700012
"29406","1325","Ec_N",491,6,6,"Ec",7,0,1,1,0,0,0.580067324700012
"29407","1325","Ec_N",491,7,7,"Ec",7,0,1,1,0,0,0.580067324700012
"29408","1325","Ec_N",491,8,8,"Ec",7,0,1,1,0,0,0.580067324700012
"29409","1325","Ec_N",491,9,9,"Ec",7,0,1,1,0,0,0.580067324700012
"29410","1325","Ec_N",491,10,10,"Ec",7,0,1,1,0,0,0.580067324700012
"29411","1325","Ec_N",491,11,11,"Ec",7,0,1,1,0,0,0.580067324700012
"29412","1325","Ec_N",491,12,12,"Ec",7,0,1,1,0,0,0.580067324700012
"29413","1325","Ec_N",491,13,13,"Ec",7,0,1,1,0,0,0.580067324700012
"29414","1325","Ec_N",491,14,14,"Ec",7,0,1,1,0,0,0.580067324700012
"29415","1325","Ec_N",491,15,15,"Ec",7,0,1,1,0,0,0.580067324700012
"29416","1325","Ec_N",491,16,16,"Ec",7,0,1,1,0,0,0.580067324700012
"29417","1325","Ec_N",491,17,17,"Ec",7,0,1,1,0,0,0.580067324700012
"29418","1325","Ec_N",491,18,18,"Ec",7,0,1,1,0,0,0.580067324700012
"29419","1325","Ec_N",491,19,19,"Ec",7,0,1,1,0,0,0.580067324700012
"29420","1325","Ec_N",491,20,20,"Ec",7,0,1,1,0,0,0.580067324700012
"29421","1325","Ec_N",491,21,21,"Ec",7,0,1,1,0,0,0.580067324700012
"29422","1325","Ec_N",491,22,22,"Ec",7,0,1,1,0,0,0.580067324700012
"29423","1325","Ec_N",491,23,23,"Ec",7,0,1,1,0,0,0.580067324700012
"29424","1325","Ec_N",491,24,24,"Ec",7,0,1,1,0,0,0.580067324700012
"29425","1325","Ec_N",491,25,25,"Ec",15,0,1,1,1,0,0.62909180866025
"29426","1325","Ec_N",491,26,26,"Ec",15,0,1,1,1,0,0.62909180866025
"29427","1325","Ec_N",491,27,27,"Ec",15,0,1,1,1,0,0.62909180866025
"29428","1325","Ec_N",491,28,28,"Ec",15,0,1,1,1,0,0.62909180866025
"29429","1325","Ec_N",491,29,29,"Ec",15,0,1,1,1,0,0.62909180866025
"29430","1325","Ec_N",491,30,30,"Ec",15,0,1,1,1,0,0.62909180866025
"29431","1325","Ec_N",491,31,31,"Ec",15,0,1,1,1,0,0.62909180866025
"29432","1325","Ec_N",491,32,32,"Ec",15,0,1,1,1,0,0.62909180866025
"29433","1325","Ec_N",491,33,33,"Ec",15,0,1,1,1,0,0.62909180866025
"29434","1325","Ec_N",491,34,34,"Ec",15,0,1,1,1,0,0.62909180866025
"29435","1325","Ec_N",491,35,35,"Ec",15,0,1,1,1,0,0.62909180866025
"29436","1325","Ec_N",491,36,36,"Ec",15,0,1,1,1,0,0.62909180866025
"29437","1325","Ec_N",491,37,37,"Ec",15,0,1,1,1,0,0.62909180866025
"29438","1325","Ec_N",491,38,38,"Ec",15,0,1,1,1,0,0.62909180866025
"29439","1325","Ec_N",491,39,39,"Ec",15,0,1,1,1,0,0.62909180866025
"29440","1325","Ec_N",491,40,40,"Ec",16,1,1,1,1,0,0.93631405476465
"29441","1325","Ec_N",491,41,41,"Ec",16,1,1,1,1,0,0.93631405476465
"29442","1325","Ec_N",491,42,42,"Ec",16,1,1,1,1,0,0.93631405476465
"29443","1325","Ec_N",491,43,43,"Ec",16,1,1,1,1,0,0.93631405476465
"29444","1325","Ec_N",491,44,44,"Ec",16,1,1,1,1,0,0.93631405476465
"29445","1325","Ec_N",491,45,45,"Ec",16,1,1,1,1,0,0.93631405476465
"29446","1325","Ec_N",491,46,46,"Ec",16,1,1,1,1,0,0.93631405476465
"29447","1325","Ec_N",491,47,47,"Ec",16,1,1,1,1,0,0.93631405476465
"29448","1325","Ec_N",491,48,48,"Ec",32,1,1,1,1,1,1
"29449","1325","Ec_N",491,49,49,"Ec",32,1,1,1,1,1,1
"29450","1325","Ec_N",491,50,50,"Ec",32,1,1,1,1,1,1
"29451","1325","Ec_N",491,51,51,"Ec",32,1,1,1,1,1,1
"29452","1325","Ec_N",491,52,52,"Ec",32,1,1,1,1,1,1
"29453","1325","Ec_N",491,53,53,"Ec",32,1,1,1,1,1,1
"29454","1325","Ec_N",491,54,54,"Ec",32,1,1,1,1,1,1
"29455","1325","Ec_N",491,55,55,"Ec",32,1,1,1,1,1,1
"29456","1325","Ec_N",491,56,56,"Ec",32,1,1,1,1,1,1
"29457","1325","Ec_N",491,57,57,"Ec",32,1,1,1,1,1,1
"29458","1325","Ec_N",491,58,58,"Ec",32,1,1,1,1,1,1
"29459","1325","Ec_N",491,59,59,"Ec",32,1,1,1,1,1,1
"29460","1325","Ec_N",491,60,60,"Ec",32,1,1,1,1,1,1
"29461","1325","Ec_N",492,1,1,"Ec",1,0,0,0,0,0,0
"29462","1325","Ec_N",492,2,2,"Ec",1,0,0,0,0,0,0
"29463","1325","Ec_N",492,3,3,"Ec",1,0,0,0,0,0,0
"29464","1325","Ec_N",492,4,4,"Ec",1,0,0,0,0,0,0
"29465","1325","Ec_N",492,5,5,"Ec",17,0,0,0,0,1,0.0636859452353503
"29466","1325","Ec_N",492,6,6,"Ec",17,0,0,0,0,1,0.0636859452353503
"29467","1325","Ec_N",492,7,7,"Ec",17,0,0,0,0,1,0.0636859452353503
"29468","1325","Ec_N",492,8,8,"Ec",17,0,0,0,0,1,0.0636859452353503
"29469","1325","Ec_N",492,9,9,"Ec",17,0,0,0,0,1,0.0636859452353503
"29470","1325","Ec_N",492,10,10,"Ec",17,0,0,0,0,1,0.0636859452353503
"29471","1325","Ec_N",492,11,11,"Ec",17,0,0,0,0,1,0.0636859452353503
"29472","1325","Ec_N",492,12,12,"Ec",17,0,0,0,0,1,0.0636859452353503
"29473","1325","Ec_N",492,13,13,"Ec",25,0,0,0,1,1,0.112710429195588
"29474","1325","Ec_N",492,14,14,"Ec",25,0,0,0,1,1,0.112710429195588
"29475","1325","Ec_N",492,15,15,"Ec",25,0,0,0,1,1,0.112710429195588
"29476","1325","Ec_N",492,16,16,"Ec",25,0,0,0,1,1,0.112710429195588
"29477","1325","Ec_N",492,17,17,"Ec",27,0,1,0,1,1,0.533148725443406
"29478","1325","Ec_N",492,18,18,"Ec",27,0,1,0,1,1,0.533148725443406
"29479","1325","Ec_N",492,19,19,"Ec",27,0,1,0,1,1,0.533148725443406
"29480","1325","Ec_N",492,20,20,"Ec",27,0,1,0,1,1,0.533148725443406
"29481","1325","Ec_N",492,21,21,"Ec",27,0,1,0,1,1,0.533148725443406
"29482","1325","Ec_N",492,22,22,"Ec",27,0,1,0,1,1,0.533148725443406
"29483","1325","Ec_N",492,23,23,"Ec",27,0,1,0,1,1,0.533148725443406
"29484","1325","Ec_N",492,24,24,"Ec",27,0,1,0,1,1,0.533148725443406
"29485","1325","Ec_N",492,25,25,"Ec",27,0,1,0,1,1,0.533148725443406
"29486","1325","Ec_N",492,26,26,"Ec",27,0,1,0,1,1,0.533148725443406
"29487","1325","Ec_N",492,27,27,"Ec",27,0,1,0,1,1,0.533148725443406
"29488","1325","Ec_N",492,28,28,"Ec",27,0,1,0,1,1,0.533148725443406
"29489","1325","Ec_N",492,29,29,"Ec",27,0,1,0,1,1,0.533148725443406
"29490","1325","Ec_N",492,30,30,"Ec",27,0,1,0,1,1,0.533148725443406
"29491","1325","Ec_N",492,31,31,"Ec",27,0,1,0,1,1,0.533148725443406
"29492","1325","Ec_N",492,32,32,"Ec",27,0,1,0,1,1,0.533148725443406
"29493","1325","Ec_N",492,33,33,"Ec",27,0,1,0,1,1,0.533148725443406
"29494","1325","Ec_N",492,34,34,"Ec",27,0,1,0,1,1,0.533148725443406
"29495","1325","Ec_N",492,35,35,"Ec",27,0,1,0,1,1,0.533148725443406
"29496","1325","Ec_N",492,36,36,"Ec",27,0,1,0,1,1,0.533148725443406
"29497","1325","Ec_N",492,37,37,"Ec",28,1,1,0,1,1,0.815884725734249
"29498","1325","Ec_N",492,38,38,"Ec",28,1,1,0,1,1,0.815884725734249
"29499","1325","Ec_N",492,39,39,"Ec",28,1,1,0,1,1,0.815884725734249
"29500","1325","Ec_N",492,40,40,"Ec",28,1,1,0,1,1,0.815884725734249
"29501","1325","Ec_N",492,41,41,"Ec",28,1,1,0,1,1,0.815884725734249
"29502","1325","Ec_N",492,42,42,"Ec",28,1,1,0,1,1,0.815884725734249
"29503","1325","Ec_N",492,43,43,"Ec",28,1,1,0,1,1,0.815884725734249
"29504","1325","Ec_N",492,44,44,"Ec",28,1,1,0,1,1,0.815884725734249
"29505","1325","Ec_N",492,45,45,"Ec",32,1,1,1,1,1,1
"29506","1325","Ec_N",492,46,46,"Ec",32,1,1,1,1,1,1
"29507","1325","Ec_N",492,47,47,"Ec",32,1,1,1,1,1,1
"29508","1325","Ec_N",492,48,48,"Ec",32,1,1,1,1,1,1
"29509","1325","Ec_N",492,49,49,"Ec",32,1,1,1,1,1,1
"29510","1325","Ec_N",492,50,50,"Ec",32,1,1,1,1,1,1
"29511","1325","Ec_N",492,51,51,"Ec",32,1,1,1,1,1,1
"29512","1325","Ec_N",492,52,52,"Ec",32,1,1,1,1,1,1
"29513","1325","Ec_N",492,53,53,"Ec",32,1,1,1,1,1,1
"29514","1325","Ec_N",492,54,54,"Ec",32,1,1,1,1,1,1
"29515","1325","Ec_N",492,55,55,"Ec",32,1,1,1,1,1,1
"29516","1325","Ec_N",492,56,56,"Ec",32,1,1,1,1,1,1
"29517","1325","Ec_N",492,57,57,"Ec",32,1,1,1,1,1,1
"29518","1325","Ec_N",492,58,58,"Ec",32,1,1,1,1,1,1
"29519","1325","Ec_N",492,59,59,"Ec",32,1,1,1,1,1,1
"29520","1325","Ec_N",492,60,60,"Ec",32,1,1,1,1,1,1
"29521","1325","Ec_N",493,1,1,"Ec",1,0,0,0,0,0,0
"29522","1325","Ec_N",493,2,2,"Ec",1,0,0,0,0,0,0
"29523","1325","Ec_N",493,3,3,"Ec",1,0,0,0,0,0,0
"29524","1325","Ec_N",493,4,4,"Ec",5,0,0,1,0,0,0.159629028452195
"29525","1325","Ec_N",493,5,5,"Ec",5,0,0,1,0,0,0.159629028452195
"29526","1325","Ec_N",493,6,6,"Ec",13,0,0,1,1,0,0.208653512412432
"29527","1325","Ec_N",493,7,7,"Ec",13,0,0,1,1,0,0.208653512412432
"29528","1325","Ec_N",493,8,8,"Ec",13,0,0,1,1,0,0.208653512412432
"29529","1325","Ec_N",493,9,9,"Ec",13,0,0,1,1,0,0.208653512412432
"29530","1325","Ec_N",493,10,10,"Ec",13,0,0,1,1,0,0.208653512412432
"29531","1325","Ec_N",493,11,11,"Ec",13,0,0,1,1,0,0.208653512412432
"29532","1325","Ec_N",493,12,12,"Ec",13,0,0,1,1,0,0.208653512412432
"29533","1325","Ec_N",493,13,13,"Ec",14,1,0,1,1,0,0.479175264165032
"29534","1325","Ec_N",493,14,14,"Ec",14,1,0,1,1,0,0.479175264165032
"29535","1325","Ec_N",493,15,15,"Ec",14,1,0,1,1,0,0.479175264165032
"29536","1325","Ec_N",493,16,16,"Ec",14,1,0,1,1,0,0.479175264165032
"29537","1325","Ec_N",493,17,17,"Ec",14,1,0,1,1,0,0.479175264165032
"29538","1325","Ec_N",493,18,18,"Ec",14,1,0,1,1,0,0.479175264165032
"29539","1325","Ec_N",493,19,19,"Ec",14,1,0,1,1,0,0.479175264165032
"29540","1325","Ec_N",493,20,20,"Ec",14,1,0,1,1,0,0.479175264165032
"29541","1325","Ec_N",493,21,21,"Ec",14,1,0,1,1,0,0.479175264165032
"29542","1325","Ec_N",493,22,22,"Ec",14,1,0,1,1,0,0.479175264165032
"29543","1325","Ec_N",493,23,23,"Ec",14,1,0,1,1,0,0.479175264165032
"29544","1325","Ec_N",493,24,24,"Ec",14,1,0,1,1,0,0.479175264165032
"29545","1325","Ec_N",493,25,25,"Ec",14,1,0,1,1,0,0.479175264165032
"29546","1325","Ec_N",493,26,26,"Ec",14,1,0,1,1,0,0.479175264165032
"29547","1325","Ec_N",493,27,27,"Ec",14,1,0,1,1,0,0.479175264165032
"29548","1325","Ec_N",493,28,28,"Ec",14,1,0,1,1,0,0.479175264165032
"29549","1325","Ec_N",493,29,29,"Ec",14,1,0,1,1,0,0.479175264165032
"29550","1325","Ec_N",493,30,30,"Ec",14,1,0,1,1,0,0.479175264165032
"29551","1325","Ec_N",493,31,31,"Ec",14,1,0,1,1,0,0.479175264165032
"29552","1325","Ec_N",493,32,32,"Ec",14,1,0,1,1,0,0.479175264165032
"29553","1325","Ec_N",493,33,33,"Ec",14,1,0,1,1,0,0.479175264165032
"29554","1325","Ec_N",493,34,34,"Ec",14,1,0,1,1,0,0.479175264165032
"29555","1325","Ec_N",493,35,35,"Ec",14,1,0,1,1,0,0.479175264165032
"29556","1325","Ec_N",493,36,36,"Ec",16,1,1,1,1,0,0.93631405476465
"29557","1325","Ec_N",493,37,37,"Ec",16,1,1,1,1,0,0.93631405476465
"29558","1325","Ec_N",493,38,38,"Ec",32,1,1,1,1,1,1
"29559","1325","Ec_N",493,39,39,"Ec",32,1,1,1,1,1,1
"29560","1325","Ec_N",493,40,40,"Ec",32,1,1,1,1,1,1
"29561","1325","Ec_N",493,41,41,"Ec",32,1,1,1,1,1,1
"29562","1325","Ec_N",493,42,42,"Ec",32,1,1,1,1,1,1
"29563","1325","Ec_N",493,43,43,"Ec",32,1,1,1,1,1,1
"29564","1325","Ec_N",493,44,44,"Ec",32,1,1,1,1,1,1
"29565","1325","Ec_N",493,45,45,"Ec",32,1,1,1,1,1,1
"29566","1325","Ec_N",493,46,46,"Ec",32,1,1,1,1,1,1
"29567","1325","Ec_N",493,47,47,"Ec",32,1,1,1,1,1,1
"29568","1325","Ec_N",493,48,48,"Ec",32,1,1,1,1,1,1
"29569","1325","Ec_N",493,49,49,"Ec",32,1,1,1,1,1,1
"29570","1325","Ec_N",493,50,50,"Ec",32,1,1,1,1,1,1
"29571","1325","Ec_N",493,51,51,"Ec",32,1,1,1,1,1,1
"29572","1325","Ec_N",493,52,52,"Ec",32,1,1,1,1,1,1
"29573","1325","Ec_N",493,53,53,"Ec",32,1,1,1,1,1,1
"29574","1325","Ec_N",493,54,54,"Ec",32,1,1,1,1,1,1
"29575","1325","Ec_N",493,55,55,"Ec",32,1,1,1,1,1,1
"29576","1325","Ec_N",493,56,56,"Ec",32,1,1,1,1,1,1
"29577","1325","Ec_N",493,57,57,"Ec",32,1,1,1,1,1,1
"29578","1325","Ec_N",493,58,58,"Ec",32,1,1,1,1,1,1
"29579","1325","Ec_N",493,59,59,"Ec",32,1,1,1,1,1,1
"29580","1325","Ec_N",493,60,60,"Ec",32,1,1,1,1,1,1
"29581","1325","Ec_N",494,1,1,"Ec",1,0,0,0,0,0,0
"29582","1325","Ec_N",494,2,2,"Ec",1,0,0,0,0,0,0
"29583","1325","Ec_N",494,3,3,"Ec",1,0,0,0,0,0,0
"29584","1325","Ec_N",494,4,4,"Ec",1,0,0,0,0,0,0
"29585","1325","Ec_N",494,5,5,"Ec",5,0,0,1,0,0,0.159629028452195
"29586","1325","Ec_N",494,6,6,"Ec",5,0,0,1,0,0,0.159629028452195
"29587","1325","Ec_N",494,7,7,"Ec",5,0,0,1,0,0,0.159629028452195
"29588","1325","Ec_N",494,8,8,"Ec",5,0,0,1,0,0,0.159629028452195
"29589","1325","Ec_N",494,9,9,"Ec",5,0,0,1,0,0,0.159629028452195
"29590","1325","Ec_N",494,10,10,"Ec",21,0,0,1,0,1,0.223314973687545
"29591","1325","Ec_N",494,11,11,"Ec",21,0,0,1,0,1,0.223314973687545
"29592","1325","Ec_N",494,12,12,"Ec",21,0,0,1,0,1,0.223314973687545
"29593","1325","Ec_N",494,13,13,"Ec",21,0,0,1,0,1,0.223314973687545
"29594","1325","Ec_N",494,14,14,"Ec",21,0,0,1,0,1,0.223314973687545
"29595","1325","Ec_N",494,15,15,"Ec",23,0,1,1,0,1,0.57389469344254
"29596","1325","Ec_N",494,16,16,"Ec",23,0,1,1,0,1,0.57389469344254
"29597","1325","Ec_N",494,17,17,"Ec",23,0,1,1,0,1,0.57389469344254
"29598","1325","Ec_N",494,18,18,"Ec",23,0,1,1,0,1,0.57389469344254
"29599","1325","Ec_N",494,19,19,"Ec",23,0,1,1,0,1,0.57389469344254
"29600","1325","Ec_N",494,20,20,"Ec",24,1,1,1,0,1,0.872975948786018
"29601","1325","Ec_N",494,21,21,"Ec",24,1,1,1,0,1,0.872975948786018
"29602","1325","Ec_N",494,22,22,"Ec",24,1,1,1,0,1,0.872975948786018
"29603","1325","Ec_N",494,23,23,"Ec",24,1,1,1,0,1,0.872975948786018
"29604","1325","Ec_N",494,24,24,"Ec",24,1,1,1,0,1,0.872975948786018
"29605","1325","Ec_N",494,25,25,"Ec",24,1,1,1,0,1,0.872975948786018
"29606","1325","Ec_N",494,26,26,"Ec",24,1,1,1,0,1,0.872975948786018
"29607","1325","Ec_N",494,27,27,"Ec",24,1,1,1,0,1,0.872975948786018
"29608","1325","Ec_N",494,28,28,"Ec",24,1,1,1,0,1,0.872975948786018
"29609","1325","Ec_N",494,29,29,"Ec",24,1,1,1,0,1,0.872975948786018
"29610","1325","Ec_N",494,30,30,"Ec",24,1,1,1,0,1,0.872975948786018
"29611","1325","Ec_N",494,31,31,"Ec",24,1,1,1,0,1,0.872975948786018
"29612","1325","Ec_N",494,32,32,"Ec",24,1,1,1,0,1,0.872975948786018
"29613","1325","Ec_N",494,33,33,"Ec",24,1,1,1,0,1,0.872975948786018
"29614","1325","Ec_N",494,34,34,"Ec",24,1,1,1,0,1,0.872975948786018
"29615","1325","Ec_N",494,35,35,"Ec",24,1,1,1,0,1,0.872975948786018
"29616","1325","Ec_N",494,36,36,"Ec",24,1,1,1,0,1,0.872975948786018
"29617","1325","Ec_N",494,37,37,"Ec",24,1,1,1,0,1,0.872975948786018
"29618","1325","Ec_N",494,38,38,"Ec",24,1,1,1,0,1,0.872975948786018
"29619","1325","Ec_N",494,39,39,"Ec",24,1,1,1,0,1,0.872975948786018
"29620","1325","Ec_N",494,40,40,"Ec",24,1,1,1,0,1,0.872975948786018
"29621","1325","Ec_N",494,41,41,"Ec",24,1,1,1,0,1,0.872975948786018
"29622","1325","Ec_N",494,42,42,"Ec",24,1,1,1,0,1,0.872975948786018
"29623","1325","Ec_N",494,43,43,"Ec",24,1,1,1,0,1,0.872975948786018
"29624","1325","Ec_N",494,44,44,"Ec",24,1,1,1,0,1,0.872975948786018
"29625","1325","Ec_N",494,45,45,"Ec",24,1,1,1,0,1,0.872975948786018
"29626","1325","Ec_N",494,46,46,"Ec",24,1,1,1,0,1,0.872975948786018
"29627","1325","Ec_N",494,47,47,"Ec",24,1,1,1,0,1,0.872975948786018
"29628","1325","Ec_N",494,48,48,"Ec",24,1,1,1,0,1,0.872975948786018
"29629","1325","Ec_N",494,49,49,"Ec",24,1,1,1,0,1,0.872975948786018
"29630","1325","Ec_N",494,50,50,"Ec",24,1,1,1,0,1,0.872975948786018
"29631","1325","Ec_N",494,51,51,"Ec",24,1,1,1,0,1,0.872975948786018
"29632","1325","Ec_N",494,52,52,"Ec",24,1,1,1,0,1,0.872975948786018
"29633","1325","Ec_N",494,53,53,"Ec",8,1,1,1,0,0,0.887289570804412
"29634","1325","Ec_N",494,54,54,"Ec",8,1,1,1,0,0,0.887289570804412
"29635","1325","Ec_N",494,55,55,"Ec",8,1,1,1,0,0,0.887289570804412
"29636","1325","Ec_N",494,56,56,"Ec",8,1,1,1,0,0,0.887289570804412
"29637","1325","Ec_N",494,57,57,"Ec",8,1,1,1,0,0,0.887289570804412
"29638","1325","Ec_N",494,58,58,"Ec",8,1,1,1,0,0,0.887289570804412
"29639","1325","Ec_N",494,59,59,"Ec",8,1,1,1,0,0,0.887289570804412
"29640","1325","Ec_N",494,60,60,"Ec",8,1,1,1,0,0,0.887289570804412
"29641","1325","Ec_N",495,1,1,"Ec",1,0,0,0,0,0,0
"29642","1325","Ec_N",495,2,2,"Ec",1,0,0,0,0,0,0
"29643","1325","Ec_N",495,3,3,"Ec",1,0,0,0,0,0,0
"29644","1325","Ec_N",495,4,4,"Ec",1,0,0,0,0,0,0
"29645","1325","Ec_N",495,5,5,"Ec",1,0,0,0,0,0,0
"29646","1325","Ec_N",495,6,6,"Ec",1,0,0,0,0,0,0
"29647","1325","Ec_N",495,7,7,"Ec",2,1,0,0,0,0,0.3072222461044
"29648","1325","Ec_N",495,8,8,"Ec",10,1,0,0,1,0,0.356246730064637
"29649","1325","Ec_N",495,9,9,"Ec",10,1,0,0,1,0,0.356246730064637
"29650","1325","Ec_N",495,10,10,"Ec",10,1,0,0,1,0,0.356246730064637
"29651","1325","Ec_N",495,11,11,"Ec",10,1,0,0,1,0,0.356246730064637
"29652","1325","Ec_N",495,12,12,"Ec",10,1,0,0,1,0,0.356246730064637
"29653","1325","Ec_N",495,13,13,"Ec",10,1,0,0,1,0,0.356246730064637
"29654","1325","Ec_N",495,14,14,"Ec",10,1,0,0,1,0,0.356246730064637
"29655","1325","Ec_N",495,15,15,"Ec",12,1,1,0,1,0,0.776685026312455
"29656","1325","Ec_N",495,16,16,"Ec",12,1,1,0,1,0,0.776685026312455
"29657","1325","Ec_N",495,17,17,"Ec",12,1,1,0,1,0,0.776685026312455
"29658","1325","Ec_N",495,18,18,"Ec",12,1,1,0,1,0,0.776685026312455
"29659","1325","Ec_N",495,19,19,"Ec",12,1,1,0,1,0,0.776685026312455
"29660","1325","Ec_N",495,20,20,"Ec",12,1,1,0,1,0,0.776685026312455
"29661","1325","Ec_N",495,21,21,"Ec",12,1,1,0,1,0,0.776685026312455
"29662","1325","Ec_N",495,22,22,"Ec",12,1,1,0,1,0,0.776685026312455
"29663","1325","Ec_N",495,23,23,"Ec",12,1,1,0,1,0,0.776685026312455
"29664","1325","Ec_N",495,24,24,"Ec",12,1,1,0,1,0,0.776685026312455
"29665","1325","Ec_N",495,25,25,"Ec",12,1,1,0,1,0,0.776685026312455
"29666","1325","Ec_N",495,26,26,"Ec",12,1,1,0,1,0,0.776685026312455
"29667","1325","Ec_N",495,27,27,"Ec",12,1,1,0,1,0,0.776685026312455
"29668","1325","Ec_N",495,28,28,"Ec",12,1,1,0,1,0,0.776685026312455
"29669","1325","Ec_N",495,29,29,"Ec",12,1,1,0,1,0,0.776685026312455
"29670","1325","Ec_N",495,30,30,"Ec",12,1,1,0,1,0,0.776685026312455
"29671","1325","Ec_N",495,31,31,"Ec",12,1,1,0,1,0,0.776685026312455
"29672","1325","Ec_N",495,32,32,"Ec",12,1,1,0,1,0,0.776685026312455
"29673","1325","Ec_N",495,33,33,"Ec",12,1,1,0,1,0,0.776685026312455
"29674","1325","Ec_N",495,34,34,"Ec",12,1,1,0,1,0,0.776685026312455
"29675","1325","Ec_N",495,35,35,"Ec",12,1,1,0,1,0,0.776685026312455
"29676","1325","Ec_N",495,36,36,"Ec",12,1,1,0,1,0,0.776685026312455
"29677","1325","Ec_N",495,37,37,"Ec",12,1,1,0,1,0,0.776685026312455
"29678","1325","Ec_N",495,38,38,"Ec",12,1,1,0,1,0,0.776685026312455
"29679","1325","Ec_N",495,39,39,"Ec",28,1,1,0,1,1,0.815884725734249
"29680","1325","Ec_N",495,40,40,"Ec",28,1,1,0,1,1,0.815884725734249
"29681","1325","Ec_N",495,41,41,"Ec",28,1,1,0,1,1,0.815884725734249
"29682","1325","Ec_N",495,42,42,"Ec",28,1,1,0,1,1,0.815884725734249
"29683","1325","Ec_N",495,43,43,"Ec",28,1,1,0,1,1,0.815884725734249
"29684","1325","Ec_N",495,44,44,"Ec",32,1,1,1,1,1,1
"29685","1325","Ec_N",495,45,45,"Ec",32,1,1,1,1,1,1
"29686","1325","Ec_N",495,46,46,"Ec",32,1,1,1,1,1,1
"29687","1325","Ec_N",495,47,47,"Ec",32,1,1,1,1,1,1
"29688","1325","Ec_N",495,48,48,"Ec",32,1,1,1,1,1,1
"29689","1325","Ec_N",495,49,49,"Ec",32,1,1,1,1,1,1
"29690","1325","Ec_N",495,50,50,"Ec",32,1,1,1,1,1,1
"29691","1325","Ec_N",495,51,51,"Ec",32,1,1,1,1,1,1
"29692","1325","Ec_N",495,52,52,"Ec",32,1,1,1,1,1,1
"29693","1325","Ec_N",495,53,53,"Ec",32,1,1,1,1,1,1
"29694","1325","Ec_N",495,54,54,"Ec",32,1,1,1,1,1,1
"29695","1325","Ec_N",495,55,55,"Ec",32,1,1,1,1,1,1
"29696","1325","Ec_N",495,56,56,"Ec",32,1,1,1,1,1,1
"29697","1325","Ec_N",495,57,57,"Ec",32,1,1,1,1,1,1
"29698","1325","Ec_N",495,58,58,"Ec",32,1,1,1,1,1,1
"29699","1325","Ec_N",495,59,59,"Ec",32,1,1,1,1,1,1
"29700","1325","Ec_N",495,60,60,"Ec",32,1,1,1,1,1,1
"29701","1325","Ec_N",496,1,1,"Ec",1,0,0,0,0,0,0
"29702","1325","Ec_N",496,2,2,"Ec",1,0,0,0,0,0,0
"29703","1325","Ec_N",496,3,3,"Ec",3,0,1,0,0,0,0.420438296247818
"29704","1325","Ec_N",496,4,4,"Ec",3,0,1,0,0,0,0.420438296247818
"29705","1325","Ec_N",496,5,5,"Ec",3,0,1,0,0,0,0.420438296247818
"29706","1325","Ec_N",496,6,6,"Ec",3,0,1,0,0,0,0.420438296247818
"29707","1325","Ec_N",496,7,7,"Ec",3,0,1,0,0,0,0.420438296247818
"29708","1325","Ec_N",496,8,8,"Ec",3,0,1,0,0,0,0.420438296247818
"29709","1325","Ec_N",496,9,9,"Ec",4,1,1,0,0,0,0.727660542352217
"29710","1325","Ec_N",496,10,10,"Ec",4,1,1,0,0,0,0.727660542352217
"29711","1325","Ec_N",496,11,11,"Ec",12,1,1,0,1,0,0.776685026312455
"29712","1325","Ec_N",496,12,12,"Ec",12,1,1,0,1,0,0.776685026312455
"29713","1325","Ec_N",496,13,13,"Ec",12,1,1,0,1,0,0.776685026312455
"29714","1325","Ec_N",496,14,14,"Ec",12,1,1,0,1,0,0.776685026312455
"29715","1325","Ec_N",496,15,15,"Ec",12,1,1,0,1,0,0.776685026312455
"29716","1325","Ec_N",496,16,16,"Ec",28,1,1,0,1,1,0.815884725734249
"29717","1325","Ec_N",496,17,17,"Ec",28,1,1,0,1,1,0.815884725734249
"29718","1325","Ec_N",496,18,18,"Ec",28,1,1,0,1,1,0.815884725734249
"29719","1325","Ec_N",496,19,19,"Ec",28,1,1,0,1,1,0.815884725734249
"29720","1325","Ec_N",496,20,20,"Ec",32,1,1,1,1,1,1
"29721","1325","Ec_N",496,21,21,"Ec",32,1,1,1,1,1,1
"29722","1325","Ec_N",496,22,22,"Ec",32,1,1,1,1,1,1
"29723","1325","Ec_N",496,23,23,"Ec",32,1,1,1,1,1,1
"29724","1325","Ec_N",496,24,24,"Ec",32,1,1,1,1,1,1
"29725","1325","Ec_N",496,25,25,"Ec",32,1,1,1,1,1,1
"29726","1325","Ec_N",496,26,26,"Ec",32,1,1,1,1,1,1
"29727","1325","Ec_N",496,27,27,"Ec",32,1,1,1,1,1,1
"29728","1325","Ec_N",496,28,28,"Ec",32,1,1,1,1,1,1
"29729","1325","Ec_N",496,29,29,"Ec",32,1,1,1,1,1,1
"29730","1325","Ec_N",496,30,30,"Ec",32,1,1,1,1,1,1
"29731","1325","Ec_N",496,31,31,"Ec",32,1,1,1,1,1,1
"29732","1325","Ec_N",496,32,32,"Ec",32,1,1,1,1,1,1
"29733","1325","Ec_N",496,33,33,"Ec",32,1,1,1,1,1,1
"29734","1325","Ec_N",496,34,34,"Ec",32,1,1,1,1,1,1
"29735","1325","Ec_N",496,35,35,"Ec",32,1,1,1,1,1,1
"29736","1325","Ec_N",496,36,36,"Ec",32,1,1,1,1,1,1
"29737","1325","Ec_N",496,37,37,"Ec",32,1,1,1,1,1,1
"29738","1325","Ec_N",496,38,38,"Ec",32,1,1,1,1,1,1
"29739","1325","Ec_N",496,39,39,"Ec",32,1,1,1,1,1,1
"29740","1325","Ec_N",496,40,40,"Ec",32,1,1,1,1,1,1
"29741","1325","Ec_N",496,41,41,"Ec",32,1,1,1,1,1,1
"29742","1325","Ec_N",496,42,42,"Ec",32,1,1,1,1,1,1
"29743","1325","Ec_N",496,43,43,"Ec",32,1,1,1,1,1,1
"29744","1325","Ec_N",496,44,44,"Ec",32,1,1,1,1,1,1
"29745","1325","Ec_N",496,45,45,"Ec",32,1,1,1,1,1,1
"29746","1325","Ec_N",496,46,46,"Ec",32,1,1,1,1,1,1
"29747","1325","Ec_N",496,47,47,"Ec",32,1,1,1,1,1,1
"29748","1325","Ec_N",496,48,48,"Ec",32,1,1,1,1,1,1
"29749","1325","Ec_N",496,49,49,"Ec",32,1,1,1,1,1,1
"29750","1325","Ec_N",496,50,50,"Ec",32,1,1,1,1,1,1
"29751","1325","Ec_N",496,51,51,"Ec",32,1,1,1,1,1,1
"29752","1325","Ec_N",496,52,52,"Ec",32,1,1,1,1,1,1
"29753","1325","Ec_N",496,53,53,"Ec",32,1,1,1,1,1,1
"29754","1325","Ec_N",496,54,54,"Ec",32,1,1,1,1,1,1
"29755","1325","Ec_N",496,55,55,"Ec",32,1,1,1,1,1,1
"29756","1325","Ec_N",496,56,56,"Ec",32,1,1,1,1,1,1
"29757","1325","Ec_N",496,57,57,"Ec",32,1,1,1,1,1,1
"29758","1325","Ec_N",496,58,58,"Ec",32,1,1,1,1,1,1
"29759","1325","Ec_N",496,59,59,"Ec",32,1,1,1,1,1,1
"29760","1325","Ec_N",496,60,60,"Ec",32,1,1,1,1,1,1
"29761","1325","Ec_N",497,1,1,"Ec",1,0,0,0,0,0,0
"29762","1325","Ec_N",497,2,2,"Ec",1,0,0,0,0,0,0
"29763","1325","Ec_N",497,3,3,"Ec",1,0,0,0,0,0,0
"29764","1325","Ec_N",497,4,4,"Ec",1,0,0,0,0,0,0
"29765","1325","Ec_N",497,5,5,"Ec",1,0,0,0,0,0,0
"29766","1325","Ec_N",497,6,6,"Ec",1,0,0,0,0,0,0
"29767","1325","Ec_N",497,7,7,"Ec",1,0,0,0,0,0,0
"29768","1325","Ec_N",497,8,8,"Ec",1,0,0,0,0,0,0
"29769","1325","Ec_N",497,9,9,"Ec",1,0,0,0,0,0,0
"29770","1325","Ec_N",497,10,10,"Ec",1,0,0,0,0,0,0
"29771","1325","Ec_N",497,11,11,"Ec",1,0,0,0,0,0,0
"29772","1325","Ec_N",497,12,12,"Ec",1,0,0,0,0,0,0
"29773","1325","Ec_N",497,13,13,"Ec",1,0,0,0,0,0,0
"29774","1325","Ec_N",497,14,14,"Ec",17,0,0,0,0,1,0.0636859452353503
"29775","1325","Ec_N",497,15,15,"Ec",17,0,0,0,0,1,0.0636859452353503
"29776","1325","Ec_N",497,16,16,"Ec",21,0,0,1,0,1,0.223314973687545
"29777","1325","Ec_N",497,17,17,"Ec",21,0,0,1,0,1,0.223314973687545
"29778","1325","Ec_N",497,18,18,"Ec",21,0,0,1,0,1,0.223314973687545
"29779","1325","Ec_N",497,19,19,"Ec",22,1,0,1,0,1,0.530537219791945
"29780","1325","Ec_N",497,20,20,"Ec",22,1,0,1,0,1,0.530537219791945
"29781","1325","Ec_N",497,21,21,"Ec",22,1,0,1,0,1,0.530537219791945
"29782","1325","Ec_N",497,22,22,"Ec",22,1,0,1,0,1,0.530537219791945
"29783","1325","Ec_N",497,23,23,"Ec",22,1,0,1,0,1,0.530537219791945
"29784","1325","Ec_N",497,24,24,"Ec",22,1,0,1,0,1,0.530537219791945
"29785","1325","Ec_N",497,25,25,"Ec",22,1,0,1,0,1,0.530537219791945
"29786","1325","Ec_N",497,26,26,"Ec",22,1,0,1,0,1,0.530537219791945
"29787","1325","Ec_N",497,27,27,"Ec",22,1,0,1,0,1,0.530537219791945
"29788","1325","Ec_N",497,28,28,"Ec",22,1,0,1,0,1,0.530537219791945
"29789","1325","Ec_N",497,29,29,"Ec",22,1,0,1,0,1,0.530537219791945
"29790","1325","Ec_N",497,30,30,"Ec",22,1,0,1,0,1,0.530537219791945
"29791","1325","Ec_N",497,31,31,"Ec",22,1,0,1,0,1,0.530537219791945
"29792","1325","Ec_N",497,32,32,"Ec",22,1,0,1,0,1,0.530537219791945
"29793","1325","Ec_N",497,33,33,"Ec",22,1,0,1,0,1,0.530537219791945
"29794","1325","Ec_N",497,34,34,"Ec",22,1,0,1,0,1,0.530537219791945
"29795","1325","Ec_N",497,35,35,"Ec",22,1,0,1,0,1,0.530537219791945
"29796","1325","Ec_N",497,36,36,"Ec",22,1,0,1,0,1,0.530537219791945
"29797","1325","Ec_N",497,37,37,"Ec",22,1,0,1,0,1,0.530537219791945
"29798","1325","Ec_N",497,38,38,"Ec",22,1,0,1,0,1,0.530537219791945
"29799","1325","Ec_N",497,39,39,"Ec",22,1,0,1,0,1,0.530537219791945
"29800","1325","Ec_N",497,40,40,"Ec",24,1,1,1,0,1,0.872975948786018
"29801","1325","Ec_N",497,41,41,"Ec",24,1,1,1,0,1,0.872975948786018
"29802","1325","Ec_N",497,42,42,"Ec",24,1,1,1,0,1,0.872975948786018
"29803","1325","Ec_N",497,43,43,"Ec",24,1,1,1,0,1,0.872975948786018
"29804","1325","Ec_N",497,44,44,"Ec",24,1,1,1,0,1,0.872975948786018
"29805","1325","Ec_N",497,45,45,"Ec",24,1,1,1,0,1,0.872975948786018
"29806","1325","Ec_N",497,46,46,"Ec",24,1,1,1,0,1,0.872975948786018
"29807","1325","Ec_N",497,47,47,"Ec",24,1,1,1,0,1,0.872975948786018
"29808","1325","Ec_N",497,48,48,"Ec",24,1,1,1,0,1,0.872975948786018
"29809","1325","Ec_N",497,49,49,"Ec",24,1,1,1,0,1,0.872975948786018
"29810","1325","Ec_N",497,50,50,"Ec",24,1,1,1,0,1,0.872975948786018
"29811","1325","Ec_N",497,51,51,"Ec",24,1,1,1,0,1,0.872975948786018
"29812","1325","Ec_N",497,52,52,"Ec",24,1,1,1,0,1,0.872975948786018
"29813","1325","Ec_N",497,53,53,"Ec",24,1,1,1,0,1,0.872975948786018
"29814","1325","Ec_N",497,54,54,"Ec",24,1,1,1,0,1,0.872975948786018
"29815","1325","Ec_N",497,55,55,"Ec",24,1,1,1,0,1,0.872975948786018
"29816","1325","Ec_N",497,56,56,"Ec",24,1,1,1,0,1,0.872975948786018
"29817","1325","Ec_N",497,57,57,"Ec",24,1,1,1,0,1,0.872975948786018
"29818","1325","Ec_N",497,58,58,"Ec",24,1,1,1,0,1,0.872975948786018
"29819","1325","Ec_N",497,59,59,"Ec",24,1,1,1,0,1,0.872975948786018
"29820","1325","Ec_N",497,60,60,"Ec",24,1,1,1,0,1,0.872975948786018
"29821","1325","Ec_N",498,1,1,"Ec",1,0,0,0,0,0,0
"29822","1325","Ec_N",498,2,2,"Ec",1,0,0,0,0,0,0
"29823","1325","Ec_N",498,3,3,"Ec",1,0,0,0,0,0,0
"29824","1325","Ec_N",498,4,4,"Ec",3,0,1,0,0,0,0.420438296247818
"29825","1325","Ec_N",498,5,5,"Ec",3,0,1,0,0,0,0.420438296247818
"29826","1325","Ec_N",498,6,6,"Ec",3,0,1,0,0,0,0.420438296247818
"29827","1325","Ec_N",498,7,7,"Ec",3,0,1,0,0,0,0.420438296247818
"29828","1325","Ec_N",498,8,8,"Ec",3,0,1,0,0,0,0.420438296247818
"29829","1325","Ec_N",498,9,9,"Ec",3,0,1,0,0,0,0.420438296247818
"29830","1325","Ec_N",498,10,10,"Ec",3,0,1,0,0,0,0.420438296247818
"29831","1325","Ec_N",498,11,11,"Ec",3,0,1,0,0,0,0.420438296247818
"29832","1325","Ec_N",498,12,12,"Ec",7,0,1,1,0,0,0.580067324700012
"29833","1325","Ec_N",498,13,13,"Ec",7,0,1,1,0,0,0.580067324700012
"29834","1325","Ec_N",498,14,14,"Ec",7,0,1,1,0,0,0.580067324700012
"29835","1325","Ec_N",498,15,15,"Ec",7,0,1,1,0,0,0.580067324700012
"29836","1325","Ec_N",498,16,16,"Ec",7,0,1,1,0,0,0.580067324700012
"29837","1325","Ec_N",498,17,17,"Ec",15,0,1,1,1,0,0.62909180866025
"29838","1325","Ec_N",498,18,18,"Ec",15,0,1,1,1,0,0.62909180866025
"29839","1325","Ec_N",498,19,19,"Ec",15,0,1,1,1,0,0.62909180866025
"29840","1325","Ec_N",498,20,20,"Ec",16,1,1,1,1,0,0.93631405476465
"29841","1325","Ec_N",498,21,21,"Ec",16,1,1,1,1,0,0.93631405476465
"29842","1325","Ec_N",498,22,22,"Ec",16,1,1,1,1,0,0.93631405476465
"29843","1325","Ec_N",498,23,23,"Ec",16,1,1,1,1,0,0.93631405476465
"29844","1325","Ec_N",498,24,24,"Ec",16,1,1,1,1,0,0.93631405476465
"29845","1325","Ec_N",498,25,25,"Ec",16,1,1,1,1,0,0.93631405476465
"29846","1325","Ec_N",498,26,26,"Ec",16,1,1,1,1,0,0.93631405476465
"29847","1325","Ec_N",498,27,27,"Ec",16,1,1,1,1,0,0.93631405476465
"29848","1325","Ec_N",498,28,28,"Ec",16,1,1,1,1,0,0.93631405476465
"29849","1325","Ec_N",498,29,29,"Ec",16,1,1,1,1,0,0.93631405476465
"29850","1325","Ec_N",498,30,30,"Ec",16,1,1,1,1,0,0.93631405476465
"29851","1325","Ec_N",498,31,31,"Ec",16,1,1,1,1,0,0.93631405476465
"29852","1325","Ec_N",498,32,32,"Ec",16,1,1,1,1,0,0.93631405476465
"29853","1325","Ec_N",498,33,33,"Ec",16,1,1,1,1,0,0.93631405476465
"29854","1325","Ec_N",498,34,34,"Ec",16,1,1,1,1,0,0.93631405476465
"29855","1325","Ec_N",498,35,35,"Ec",16,1,1,1,1,0,0.93631405476465
"29856","1325","Ec_N",498,36,36,"Ec",16,1,1,1,1,0,0.93631405476465
"29857","1325","Ec_N",498,37,37,"Ec",16,1,1,1,1,0,0.93631405476465
"29858","1325","Ec_N",498,38,38,"Ec",16,1,1,1,1,0,0.93631405476465
"29859","1325","Ec_N",498,39,39,"Ec",16,1,1,1,1,0,0.93631405476465
"29860","1325","Ec_N",498,40,40,"Ec",16,1,1,1,1,0,0.93631405476465
"29861","1325","Ec_N",498,41,41,"Ec",16,1,1,1,1,0,0.93631405476465
"29862","1325","Ec_N",498,42,42,"Ec",16,1,1,1,1,0,0.93631405476465
"29863","1325","Ec_N",498,43,43,"Ec",16,1,1,1,1,0,0.93631405476465
"29864","1325","Ec_N",498,44,44,"Ec",16,1,1,1,1,0,0.93631405476465
"29865","1325","Ec_N",498,45,45,"Ec",16,1,1,1,1,0,0.93631405476465
"29866","1325","Ec_N",498,46,46,"Ec",16,1,1,1,1,0,0.93631405476465
"29867","1325","Ec_N",498,47,47,"Ec",16,1,1,1,1,0,0.93631405476465
"29868","1325","Ec_N",498,48,48,"Ec",16,1,1,1,1,0,0.93631405476465
"29869","1325","Ec_N",498,49,49,"Ec",16,1,1,1,1,0,0.93631405476465
"29870","1325","Ec_N",498,50,50,"Ec",16,1,1,1,1,0,0.93631405476465
"29871","1325","Ec_N",498,51,51,"Ec",16,1,1,1,1,0,0.93631405476465
"29872","1325","Ec_N",498,52,52,"Ec",16,1,1,1,1,0,0.93631405476465
"29873","1325","Ec_N",498,53,53,"Ec",16,1,1,1,1,0,0.93631405476465
"29874","1325","Ec_N",498,54,54,"Ec",16,1,1,1,1,0,0.93631405476465
"29875","1325","Ec_N",498,55,55,"Ec",16,1,1,1,1,0,0.93631405476465
"29876","1325","Ec_N",498,56,56,"Ec",16,1,1,1,1,0,0.93631405476465
"29877","1325","Ec_N",498,57,57,"Ec",16,1,1,1,1,0,0.93631405476465
"29878","1325","Ec_N",498,58,58,"Ec",16,1,1,1,1,0,0.93631405476465
"29879","1325","Ec_N",498,59,59,"Ec",16,1,1,1,1,0,0.93631405476465
"29880","1325","Ec_N",498,60,60,"Ec",16,1,1,1,1,0,0.93631405476465
"29881","1325","Ec_N",499,1,1,"Ec",1,0,0,0,0,0,0
"29882","1325","Ec_N",499,2,2,"Ec",1,0,0,0,0,0,0
"29883","1325","Ec_N",499,3,3,"Ec",1,0,0,0,0,0,0
"29884","1325","Ec_N",499,4,4,"Ec",1,0,0,0,0,0,0
"29885","1325","Ec_N",499,5,5,"Ec",1,0,0,0,0,0,0
"29886","1325","Ec_N",499,6,6,"Ec",1,0,0,0,0,0,0
"29887","1325","Ec_N",499,7,7,"Ec",1,0,0,0,0,0,0
"29888","1325","Ec_N",499,8,8,"Ec",1,0,0,0,0,0,0
"29889","1325","Ec_N",499,9,9,"Ec",1,0,0,0,0,0,0
"29890","1325","Ec_N",499,10,10,"Ec",1,0,0,0,0,0,0
"29891","1325","Ec_N",499,11,11,"Ec",1,0,0,0,0,0,0
"29892","1325","Ec_N",499,12,12,"Ec",1,0,0,0,0,0,0
"29893","1325","Ec_N",499,13,13,"Ec",1,0,0,0,0,0,0
"29894","1325","Ec_N",499,14,14,"Ec",1,0,0,0,0,0,0
"29895","1325","Ec_N",499,15,15,"Ec",1,0,0,0,0,0,0
"29896","1325","Ec_N",499,16,16,"Ec",1,0,0,0,0,0,0
"29897","1325","Ec_N",499,17,17,"Ec",1,0,0,0,0,0,0
"29898","1325","Ec_N",499,18,18,"Ec",3,0,1,0,0,0,0.420438296247818
"29899","1325","Ec_N",499,19,19,"Ec",3,0,1,0,0,0,0.420438296247818
"29900","1325","Ec_N",499,20,20,"Ec",3,0,1,0,0,0,0.420438296247818
"29901","1325","Ec_N",499,21,21,"Ec",3,0,1,0,0,0,0.420438296247818
"29902","1325","Ec_N",499,22,22,"Ec",7,0,1,1,0,0,0.580067324700012
"29903","1325","Ec_N",499,23,23,"Ec",7,0,1,1,0,0,0.580067324700012
"29904","1325","Ec_N",499,24,24,"Ec",7,0,1,1,0,0,0.580067324700012
"29905","1325","Ec_N",499,25,25,"Ec",7,0,1,1,0,0,0.580067324700012
"29906","1325","Ec_N",499,26,26,"Ec",15,0,1,1,1,0,0.62909180866025
"29907","1325","Ec_N",499,27,27,"Ec",15,0,1,1,1,0,0.62909180866025
"29908","1325","Ec_N",499,28,28,"Ec",15,0,1,1,1,0,0.62909180866025
"29909","1325","Ec_N",499,29,29,"Ec",15,0,1,1,1,0,0.62909180866025
"29910","1325","Ec_N",499,30,30,"Ec",31,0,1,1,1,1,0.6927777538956
"29911","1325","Ec_N",499,31,31,"Ec",32,1,1,1,1,1,1
"29912","1325","Ec_N",499,32,32,"Ec",32,1,1,1,1,1,1
"29913","1325","Ec_N",499,33,33,"Ec",32,1,1,1,1,1,1
"29914","1325","Ec_N",499,34,34,"Ec",32,1,1,1,1,1,1
"29915","1325","Ec_N",499,35,35,"Ec",32,1,1,1,1,1,1
"29916","1325","Ec_N",499,36,36,"Ec",32,1,1,1,1,1,1
"29917","1325","Ec_N",499,37,37,"Ec",32,1,1,1,1,1,1
"29918","1325","Ec_N",499,38,38,"Ec",32,1,1,1,1,1,1
"29919","1325","Ec_N",499,39,39,"Ec",32,1,1,1,1,1,1
"29920","1325","Ec_N",499,40,40,"Ec",32,1,1,1,1,1,1
"29921","1325","Ec_N",499,41,41,"Ec",32,1,1,1,1,1,1
"29922","1325","Ec_N",499,42,42,"Ec",32,1,1,1,1,1,1
"29923","1325","Ec_N",499,43,43,"Ec",32,1,1,1,1,1,1
"29924","1325","Ec_N",499,44,44,"Ec",32,1,1,1,1,1,1
"29925","1325","Ec_N",499,45,45,"Ec",32,1,1,1,1,1,1
"29926","1325","Ec_N",499,46,46,"Ec",32,1,1,1,1,1,1
"29927","1325","Ec_N",499,47,47,"Ec",32,1,1,1,1,1,1
"29928","1325","Ec_N",499,48,48,"Ec",32,1,1,1,1,1,1
"29929","1325","Ec_N",499,49,49,"Ec",32,1,1,1,1,1,1
"29930","1325","Ec_N",499,50,50,"Ec",32,1,1,1,1,1,1
"29931","1325","Ec_N",499,51,51,"Ec",32,1,1,1,1,1,1
"29932","1325","Ec_N",499,52,52,"Ec",32,1,1,1,1,1,1
"29933","1325","Ec_N",499,53,53,"Ec",32,1,1,1,1,1,1
"29934","1325","Ec_N",499,54,54,"Ec",32,1,1,1,1,1,1
"29935","1325","Ec_N",499,55,55,"Ec",32,1,1,1,1,1,1
"29936","1325","Ec_N",499,56,56,"Ec",32,1,1,1,1,1,1
"29937","1325","Ec_N",499,57,57,"Ec",32,1,1,1,1,1,1
"29938","1325","Ec_N",499,58,58,"Ec",32,1,1,1,1,1,1
"29939","1325","Ec_N",499,59,59,"Ec",32,1,1,1,1,1,1
"29940","1325","Ec_N",499,60,60,"Ec",32,1,1,1,1,1,1
"29941","1325","Ec_N",500,1,1,"Ec",1,0,0,0,0,0,0
"29942","1325","Ec_N",500,2,2,"Ec",1,0,0,0,0,0,0
"29943","1325","Ec_N",500,3,3,"Ec",5,0,0,1,0,0,0.159629028452195
"29944","1325","Ec_N",500,4,4,"Ec",13,0,0,1,1,0,0.208653512412432
"29945","1325","Ec_N",500,5,5,"Ec",13,0,0,1,1,0,0.208653512412432
"29946","1325","Ec_N",500,6,6,"Ec",13,0,0,1,1,0,0.208653512412432
"29947","1325","Ec_N",500,7,7,"Ec",13,0,0,1,1,0,0.208653512412432
"29948","1325","Ec_N",500,8,8,"Ec",13,0,0,1,1,0,0.208653512412432
"29949","1325","Ec_N",500,9,9,"Ec",13,0,0,1,1,0,0.208653512412432
"29950","1325","Ec_N",500,10,10,"Ec",13,0,0,1,1,0,0.208653512412432
"29951","1325","Ec_N",500,11,11,"Ec",13,0,0,1,1,0,0.208653512412432
"29952","1325","Ec_N",500,12,12,"Ec",13,0,0,1,1,0,0.208653512412432
"29953","1325","Ec_N",500,13,13,"Ec",13,0,0,1,1,0,0.208653512412432
"29954","1325","Ec_N",500,14,14,"Ec",13,0,0,1,1,0,0.208653512412432
"29955","1325","Ec_N",500,15,15,"Ec",29,0,0,1,1,1,0.272339457647783
"29956","1325","Ec_N",500,16,16,"Ec",31,0,1,1,1,1,0.6927777538956
"29957","1325","Ec_N",500,17,17,"Ec",31,0,1,1,1,1,0.6927777538956
"29958","1325","Ec_N",500,18,18,"Ec",31,0,1,1,1,1,0.6927777538956
"29959","1325","Ec_N",500,19,19,"Ec",31,0,1,1,1,1,0.6927777538956
"29960","1325","Ec_N",500,20,20,"Ec",31,0,1,1,1,1,0.6927777538956
"29961","1325","Ec_N",500,21,21,"Ec",31,0,1,1,1,1,0.6927777538956
"29962","1325","Ec_N",500,22,22,"Ec",32,1,1,1,1,1,1
"29963","1325","Ec_N",500,23,23,"Ec",32,1,1,1,1,1,1
"29964","1325","Ec_N",500,24,24,"Ec",32,1,1,1,1,1,1
"29965","1325","Ec_N",500,25,25,"Ec",32,1,1,1,1,1,1
"29966","1325","Ec_N",500,26,26,"Ec",32,1,1,1,1,1,1
"29967","1325","Ec_N",500,27,27,"Ec",32,1,1,1,1,1,1
"29968","1325","Ec_N",500,28,28,"Ec",32,1,1,1,1,1,1
"29969","1325","Ec_N",500,29,29,"Ec",32,1,1,1,1,1,1
"29970","1325","Ec_N",500,30,30,"Ec",32,1,1,1,1,1,1
"29971","1325","Ec_N",500,31,31,"Ec",32,1,1,1,1,1,1
"29972","1325","Ec_N",500,32,32,"Ec",32,1,1,1,1,1,1
"29973","1325","Ec_N",500,33,33,"Ec",32,1,1,1,1,1,1
"29974","1325","Ec_N",500,34,34,"Ec",32,1,1,1,1,1,1
"29975","1325","Ec_N",500,35,35,"Ec",32,1,1,1,1,1,1
"29976","1325","Ec_N",500,36,36,"Ec",32,1,1,1,1,1,1
"29977","1325","Ec_N",500,37,37,"Ec",32,1,1,1,1,1,1
"29978","1325","Ec_N",500,38,38,"Ec",32,1,1,1,1,1,1
"29979","1325","Ec_N",500,39,39,"Ec",32,1,1,1,1,1,1
"29980","1325","Ec_N",500,40,40,"Ec",32,1,1,1,1,1,1
"29981","1325","Ec_N",500,41,41,"Ec",32,1,1,1,1,1,1
"29982","1325","Ec_N",500,42,42,"Ec",32,1,1,1,1,1,1
"29983","1325","Ec_N",500,43,43,"Ec",32,1,1,1,1,1,1
"29984","1325","Ec_N",500,44,44,"Ec",32,1,1,1,1,1,1
"29985","1325","Ec_N",500,45,45,"Ec",32,1,1,1,1,1,1
"29986","1325","Ec_N",500,46,46,"Ec",32,1,1,1,1,1,1
"29987","1325","Ec_N",500,47,47,"Ec",32,1,1,1,1,1,1
"29988","1325","Ec_N",500,48,48,"Ec",32,1,1,1,1,1,1
"29989","1325","Ec_N",500,49,49,"Ec",32,1,1,1,1,1,1
"29990","1325","Ec_N",500,50,50,"Ec",32,1,1,1,1,1,1
"29991","1325","Ec_N",500,51,51,"Ec",32,1,1,1,1,1,1
"29992","1325","Ec_N",500,52,52,"Ec",32,1,1,1,1,1,1
"29993","1325","Ec_N",500,53,53,"Ec",32,1,1,1,1,1,1
"29994","1325","Ec_N",500,54,54,"Ec",32,1,1,1,1,1,1
"29995","1325","Ec_N",500,55,55,"Ec",32,1,1,1,1,1,1
"29996","1325","Ec_N",500,56,56,"Ec",32,1,1,1,1,1,1
"29997","1325","Ec_N",500,57,57,"Ec",32,1,1,1,1,1,1
"29998","1325","Ec_N",500,58,58,"Ec",32,1,1,1,1,1,1
"29999","1325","Ec_N",500,59,59,"Ec",32,1,1,1,1,1,1
"30000","1325","Ec_N",500,60,60,"Ec",32,1,1,1,1,1,1
